+0.000000e+00  +0.000000e+00  +0.000000e+00  +0.000000e+00  +0.000000e+00  +0.000000e+00  +2.551367e-290  +4.016689e-249  +1.399401e-218  +7.157725e-199  +2.702917e-183  +2.826998e-176  +1.345543e-160  +1.632563e-149  +2.747397e-147  +1.465739e-149  +1.591538e-162  +2.400043e-186  +2.135272e-208  +3.203895e-236  +6.676381e-275  +0.000000e+00  +0.000000e+00  +0.000000e+00  +0.000000e+00  +0.000000e+00  +0.000000e+00  +0.000000e+00  +0.000000e+00  +0.000000e+00  +0.000000e+00  +0.000000e+00 
+0.000000e+00  +0.000000e+00  +0.000000e+00  +0.000000e+00  +1.917438e-294  +2.179649e-255  +8.744005e-227  +3.537954e-191  +1.221439e-160  +5.912437e-141  +1.734415e-127  +1.685476e-121  +9.445792e-109  +2.633568e-99  +4.160009e-97  +2.151857e-99  +2.336543e-112  +3.247202e-134  +3.470228e-151  +5.206945e-179  +1.085040e-217  +3.140123e-267  +0.000000e+00  +0.000000e+00  +0.000000e+00  +0.000000e+00  +0.000000e+00  +0.000000e+00  +0.000000e+00  +0.000000e+00  +0.000000e+00  +0.000000e+00 
+0.000000e+00  +0.000000e+00  +0.000000e+00  +4.253888e-284  +3.481818e-234  +3.957895e-195  +6.349793e-167  +2.841654e-142  +1.480814e-113  +7.163959e-94  +1.550393e-82  +1.500348e-76  +9.495223e-68  +5.906477e-60  +8.765312e-58  +4.387408e-60  +4.763964e-73  +7.249596e-88  +7.832507e-105  +1.175238e-132  +2.448999e-171  +7.087440e-221  +2.848579e-281  +0.000000e+00  +0.000000e+00  +0.000000e+00  +0.000000e+00  +0.000000e+00  +0.000000e+00  +0.000000e+00  +0.000000e+00  +0.000000e+00 
+0.000000e+00  +0.000000e+00  +1.820231e-295  +1.072775e-234  +8.780692e-185  +9.981293e-146  +1.576007e-117  +5.980697e-99  +5.023130e-77  +1.206030e-57  +2.723250e-48  +1.856855e-42  +1.326511e-37  +1.929197e-31  +2.570194e-29  +1.242340e-31  +1.378177e-44  +2.272451e-52  +2.455169e-69  +3.683888e-97  +7.676606e-136  +2.221622e-185  +8.929124e-246  +4.984087e-317  +0.000000e+00  +0.000000e+00  +0.000000e+00  +0.000000e+00  +0.000000e+00  +0.000000e+00  +0.000000e+00  +0.000000e+00 
+0.000000e+00  +0.000000e+00  +6.375101e-257  +3.757243e-196  +3.075313e-146  +3.495807e-107  +5.518794e-79  +1.420287e-61  +4.266088e-48  +2.863814e-32  +1.927624e-23  +3.191556e-19  +2.573728e-18  +2.609347e-13  +1.048845e-11  +4.885524e-14  +1.271645e-21  +9.892661e-28  +1.068809e-44  +1.603707e-72  +3.341857e-111  +9.671386e-161  +3.887116e-221  +2.321038e-282  +0.000000e+00  +0.000000e+00  +0.000000e+00  +0.000000e+00  +0.000000e+00  +0.000000e+00  +0.000000e+00  +0.000000e+00 
+0.000000e+00  +7.307039e-301  +3.100885e-229  +1.827544e-168  +1.495849e-118  +1.700380e-79  +2.684367e-51  +5.896306e-34  +3.143233e-25  +1.040717e-15  +6.154499e-09  +7.621878e-07  +1.113698e-09  +4.944584e-05  +5.977067e-05  +2.688675e-07  +7.688189e-08  +5.980943e-14  +6.461847e-31  +9.695754e-59  +2.020433e-97  +5.848174e-147  +6.946203e-184  +6.637914e-228  +8.809550e-283  +0.000000e+00  +0.000000e+00  +0.000000e+00  +0.000000e+00  +0.000000e+00  +0.000000e+00  +0.000000e+00 
+0.000000e+00  +4.936032e-284  +2.094701e-212  +1.234537e-151  +1.010472e-101  +1.148636e-62  +1.813337e-34  +3.975770e-17  +3.461891e-10  +3.460643e-08  +8.920116e-05  +8.571108e-05  +2.103015e-05  +4.739518e-05  +1.553545e-04  +1.589267e-04  +7.787215e-05  +5.722026e-11  +5.941475e-28  +8.668746e-56  +8.188130e-85  +4.009486e-107  +2.758893e-140  +2.636447e-184  +3.498977e-239  +6.449130e-305  +0.000000e+00  +0.000000e+00  +0.000000e+00  +0.000000e+00  +0.000000e+00  +0.000000e+00 
+0.000000e+00  +4.658083e-278  +1.977576e-206  +1.166031e-145  +9.548580e-96  +1.085976e-56  +1.715361e-28  +3.763829e-11  +1.284317e-04  +3.046272e-05  +9.490056e-05  +3.250071e-04  +1.657775e-04  +4.261106e-04  +2.777944e-04  +2.059241e-05  +2.503228e-06  +9.950941e-13  +2.615842e-28  +2.862999e-38  +4.463811e-52  +2.211638e-74  +1.521809e-107  +1.454268e-151  +1.930041e-206  +3.557522e-272  +0.000000e+00  +0.000000e+00  +0.000000e+00  +0.000000e+00  +0.000000e+00  +0.000000e+00 
+0.000000e+00  +4.440688e-279  +2.019030e-207  +1.274892e-146  +1.118002e-96  +1.361600e-57  +2.303007e-29  +5.414549e-12  +3.669963e-05  +2.065401e-04  +1.857472e-04  +3.503825e-04  +5.302715e-04  +3.732737e-04  +2.057910e-05  +6.882448e-05  +9.159681e-10  +3.812144e-12  +1.644904e-11  +9.604365e-19  +3.419551e-30  +1.694249e-52  +1.165799e-85  +1.114058e-129  +2.978490e-180  +3.580348e-219  +2.609668e-262  +6.435193e-294  +0.000000e+00  +0.000000e+00  +0.000000e+00  +0.000000e+00 
+0.000000e+00  +1.002102e-288  +4.556255e-217  +2.877017e-156  +2.522987e-106  +3.077299e-67  +7.200832e-38  +1.470994e-16  +5.085590e-06  +3.241487e-04  +2.477305e-04  +2.649379e-04  +4.454415e-04  +5.065253e-04  +1.559525e-04  +4.033020e-05  +5.669046e-06  +1.040729e-04  +3.794471e-05  +1.019768e-07  +3.638064e-19  +1.802514e-41  +1.240294e-74  +9.923550e-106  +8.589721e-134  +1.032659e-172  +1.157626e-197  +7.725986e-227  +8.898869e-256  +1.428766e-295  +0.000000e+00  +0.000000e+00 
+0.000000e+00  +1.468720e-260  +2.166099e-198  +1.474152e-144  +1.490661e-101  +4.133657e-63  +4.606651e-33  +7.130004e-14  +1.733403e-05  +4.655256e-04  +3.099806e-04  +2.765666e-04  +4.513889e-04  +5.045276e-04  +3.292717e-04  +2.989240e-04  +9.816925e-05  +1.022837e-04  +2.129950e-04  +1.512609e-07  +5.375386e-19  +6.884182e-39  +6.593508e-53  +3.974740e-70  +3.440499e-98  +4.017293e-123  +7.131716e-144  +6.708783e-167  +7.755895e-196  +1.245254e-235  +2.776657e-286  +0.000000e+00 
+4.585622e-300  +1.392739e-229  +5.875256e-170  +3.790201e-121  +1.435089e-80  +1.664416e-48  +3.231682e-27  +1.166003e-15  +7.473869e-06  +2.585370e-04  +6.773856e-04  +3.395745e-04  +1.696457e-04  +3.403146e-04  +5.155434e-04  +3.339720e-04  +1.296605e-04  +3.653379e-04  +1.265577e-04  +1.023411e-07  +1.243543e-12  +5.784758e-19  +3.547436e-28  +2.211002e-45  +2.690818e-70  +3.437102e-80  +1.036519e-99  +8.120426e-118  +9.387869e-147  +1.507277e-186  +3.360913e-237  +1.040781e-298 
+6.201237e-280  +1.883432e-209  +7.944367e-150  +4.653792e-101  +3.787783e-63  +5.996142e-36  +5.978909e-17  +9.774173e-07  +1.015332e-04  +3.148401e-04  +4.846624e-04  +5.833471e-04  +4.887469e-04  +3.483399e-04  +3.078264e-04  +2.017774e-04  +3.379662e-04  +3.588133e-04  +3.210257e-04  +1.366284e-04  +4.505173e-05  +6.179943e-08  +2.740523e-14  +1.732703e-31  +3.195005e-38  +4.084036e-48  +1.639840e-61  +1.365060e-79  +1.578120e-108  +2.533764e-148  +5.649764e-199  +1.749574e-260 
+1.398775e-266  +2.110616e-198  +1.919656e-140  +8.752508e-92  +7.110729e-54  +8.034830e-27  +1.268564e-10  +8.071133e-05  +2.561476e-04  +1.707320e-04  +4.099914e-04  +1.969088e-04  +2.662172e-04  +1.512313e-04  +2.487681e-04  +1.608534e-04  +2.079909e-04  +1.364397e-04  +9.846110e-05  +3.317326e-05  +1.663467e-04  +1.198329e-04  +3.520617e-11  +4.731215e-15  +5.272376e-17  +1.312649e-26  +3.828358e-34  +3.186859e-52  +3.684266e-81  +5.915305e-121  +1.318989e-171  +4.084541e-233 
+1.590204e-255  +2.359447e-187  +4.861896e-130  +1.391359e-83  +5.529813e-48  +3.052275e-23  +2.363071e-09  +9.021673e-05  +8.038414e-05  +8.709970e-05  +1.056045e-04  +2.761666e-04  +1.352769e-04  +1.954627e-04  +3.343927e-05  +5.977634e-06  +1.359403e-04  +3.251642e-04  +1.356271e-04  +9.868639e-05  +4.319396e-04  +2.318705e-04  +8.352181e-05  +1.749328e-06  +1.208320e-06  +2.070946e-10  +1.241258e-17  +1.033265e-35  +1.194539e-64  +1.917970e-104  +4.281625e-155  +1.273551e-204 
+2.510915e-255  +3.725542e-187  +7.676883e-130  +2.196941e-83  +8.731515e-48  +4.819466e-23  +3.694419e-09  +6.744936e-06  +2.061652e-06  +5.707950e-06  +1.899017e-05  +2.292651e-04  +1.023283e-04  +2.075658e-04  +2.583190e-05  +1.280099e-04  +1.048384e-05  +3.802141e-05  +6.542570e-05  +1.845642e-04  +6.771982e-05  +5.252337e-05  +1.488935e-04  +1.187876e-04  +6.041520e-05  +1.029890e-04  +5.917835e-12  +1.306395e-29  +3.165237e-57  +2.345685e-88  +1.994282e-122  +2.359507e-165 
+5.506165e-266  +8.169711e-198  +1.683457e-140  +4.817652e-94  +1.914727e-58  +1.056857e-33  +8.101487e-20  +1.371625e-14  +9.542231e-10  +9.947638e-05  +3.564769e-05  +1.982797e-04  +1.130284e-04  +1.404335e-04  +3.157565e-04  +1.105818e-04  +1.649084e-04  +3.051660e-05  +1.189621e-07  +1.102633e-05  +8.886562e-05  +1.559206e-04  +1.332748e-04  +1.505504e-04  +6.191597e-05  +5.304119e-05  +1.013614e-10  +5.478532e-26  +6.140496e-39  +7.267680e-62  +7.917558e-94  +1.473491e-136 
+1.676889e-287  +2.488065e-219  +5.126928e-162  +1.467204e-115  +5.831253e-80  +3.218631e-55  +2.469043e-41  +2.542188e-29  +1.819883e-13  +1.380657e-07  +9.286207e-05  +4.418430e-05  +2.404999e-04  +1.007079e-04  +2.018137e-04  +1.063046e-04  +1.289054e-05  +1.534022e-05  +8.984067e-11  +6.074642e-05  +1.172768e-04  +5.590116e-05  +4.228040e-04  +8.304206e-05  +9.830814e-05  +6.724428e-05  +8.373501e-07  +3.128849e-11  +5.802818e-23  +5.126790e-44  +6.872787e-76  +1.287460e-118 
+7.092312e-320  +1.052337e-251  +2.168454e-194  +6.205598e-148  +2.466352e-112  +1.361333e-87  +1.307713e-70  +6.734548e-44  +4.893369e-28  +1.811340e-14  +8.632858e-06  +9.004016e-05  +2.143060e-04  +2.085375e-04  +2.944353e-04  +1.408231e-04  +1.570164e-05  +6.449741e-05  +1.360302e-06  +5.061934e-06  +1.011575e-04  +1.313879e-04  +1.172785e-04  +1.083815e-04  +1.397742e-04  +8.148046e-06  +5.024864e-05  +9.570256e-06  +7.290433e-16  +8.172914e-36  +8.951230e-66  +1.470231e-106 
+0.000000e+00  +6.181387e-295  +1.273742e-237  +3.645144e-191  +1.448725e-155  +8.009371e-131  +4.806901e-96  +1.239221e-68  +1.615811e-37  +3.657258e-17  +1.149633e-07  +4.607926e-08  +1.733858e-04  +1.306410e-04  +2.897300e-04  +2.429857e-04  +6.007452e-05  +6.616271e-05  +2.020089e-04  +8.440808e-05  +1.317906e-04  +1.374934e-04  +7.665215e-05  +6.974739e-05  +1.475880e-04  +1.417290e-08  +1.450668e-04  +4.142616e-05  +2.318207e-13  +1.975547e-32  +2.338567e-62  +3.844595e-103 
+0.000000e+00  +0.000000e+00  +1.039083e-291  +2.973608e-245  +1.181830e-209  +6.617562e-170  +2.724658e-123  +3.197432e-81  +5.211089e-50  +1.179488e-29  +3.707649e-20  +3.794140e-11  +1.757626e-04  +1.723980e-04  +7.638477e-05  +1.881479e-04  +5.250669e-05  +1.560143e-04  +7.722232e-06  +3.001394e-05  +2.141724e-04  +1.997287e-04  +1.784126e-04  +2.119579e-05  +2.379332e-04  +6.243329e-06  +5.738523e-05  +1.633813e-07  +3.515221e-20  +7.208039e-40  +8.493009e-70  +1.396233e-110 
+0.000000e+00  +0.000000e+00  +0.000000e+00  +3.368919e-310  +2.391258e-263  +1.444231e-199  +1.220360e-146  +1.432113e-104  +2.334019e-73  +5.282865e-53  +4.146843e-33  +8.167592e-14  +3.672820e-05  +2.728069e-04  +8.248498e-05  +1.211771e-04  +1.991632e-04  +2.982984e-04  +1.281693e-04  +2.452836e-04  +1.497148e-06  +1.698287e-04  +3.420297e-05  +2.126835e-04  +8.922911e-05  +1.589181e-04  +4.132914e-05  +1.491236e-10  +1.947404e-26  +1.443491e-51  +1.452202e-86  +7.045635e-129 
+0.000000e+00  +0.000000e+00  +0.000000e+00  +0.000000e+00  +1.476513e-297  +8.983604e-234  +7.591050e-181  +8.908223e-139  +1.194008e-106  +1.496013e-65  +3.743003e-35  +1.591624e-15  +1.086285e-06  +1.483858e-04  +1.328060e-04  +2.123101e-04  +3.316004e-04  +1.085590e-04  +2.512566e-04  +3.237215e-04  +1.205011e-04  +1.097368e-04  +1.429535e-04  +1.001675e-04  +1.487781e-04  +1.768830e-05  +2.933829e-07  +1.817743e-19  +2.971761e-36  +4.844250e-63  +1.097141e-100  +4.086684e-149 
+0.000000e+00  +0.000000e+00  +0.000000e+00  +0.000000e+00  +0.000000e+00  +7.760727e-279  +6.557733e-226  +5.176792e-170  +1.391727e-116  +5.922215e-74  +3.753166e-42  +7.351798e-20  +3.091497e-07  +1.282755e-04  +2.816323e-06  +9.999828e-05  +2.296120e-04  +9.687891e-05  +3.299638e-04  +1.255837e-04  +1.832228e-04  +2.476949e-04  +3.409687e-04  +7.629304e-05  +1.746263e-04  +6.132251e-06  +5.010444e-15  +3.080150e-28  +2.268124e-51  +1.165987e-83  +2.587142e-121  +8.134134e-170 
+0.000000e+00  +0.000000e+00  +0.000000e+00  +0.000000e+00  +0.000000e+00  +5.019818e-304  +8.046727e-229  +1.791383e-164  +5.538544e-111  +2.378158e-68  +1.418155e-36  +1.174478e-15  +1.351075e-05  +1.848864e-04  +7.554006e-07  +1.625600e-04  +1.712584e-04  +8.977611e-05  +1.090890e-04  +1.075162e-04  +3.618497e-05  +1.594163e-04  +6.502575e-05  +2.463822e-04  +2.285738e-04  +1.859000e-05  +1.998829e-14  +1.029826e-33  +8.041283e-64  +1.512385e-104  +9.068046e-150  +2.665137e-201 
+0.000000e+00  +0.000000e+00  +0.000000e+00  +0.000000e+00  +0.000000e+00  +2.801703e-309  +4.491107e-234  +9.998218e-170  +3.091219e-116  +1.327318e-73  +7.915128e-42  +6.555095e-21  +7.613114e-11  +6.103449e-08  +9.895143e-05  +3.035260e-05  +8.746359e-05  +1.350179e-04  +1.127948e-04  +7.104566e-05  +2.470983e-04  +1.918181e-04  +3.815740e-04  +1.205307e-06  +1.393686e-05  +1.651527e-08  +7.458158e-20  +1.304188e-40  +3.222187e-72  +1.582343e-114  +8.179094e-167  +1.613184e-229 
+0.000000e+00  +0.000000e+00  +0.000000e+00  +0.000000e+00  +0.000000e+00  +0.000000e+00  +3.481172e-250  +7.749875e-186  +2.396083e-132  +1.028838e-89  +6.135218e-58  +5.081028e-37  +9.847900e-27  +1.920488e-15  +8.909044e-06  +4.214463e-05  +3.493808e-05  +1.417437e-04  +2.943947e-05  +1.265564e-06  +7.730805e-06  +4.068704e-07  +6.344132e-07  +1.113200e-13  +6.400712e-15  +7.503162e-18  +1.222287e-31  +1.031770e-55  +1.840285e-87  +6.225437e-130  +2.924971e-183  +1.909804e-247 
+0.000000e+00  +0.000000e+00  +0.000000e+00  +0.000000e+00  +0.000000e+00  +0.000000e+00  +3.747447e-277  +8.342664e-213  +2.579360e-159  +1.107534e-116  +6.604502e-85  +5.470201e-64  +3.709150e-44  +7.329167e-23  +1.014103e-08  +3.236794e-05  +9.610291e-06  +3.523721e-08  +2.900237e-12  +3.759175e-15  +2.189961e-15  +1.135517e-16  +9.636975e-18  +9.131665e-28  +4.186599e-35  +4.909056e-38  +7.994180e-52  +1.807962e-76  +5.826680e-112  +5.035071e-156  +2.354003e-209  +1.535987e-273 
+0.000000e+00  +0.000000e+00  +0.000000e+00  +0.000000e+00  +0.000000e+00  +0.000000e+00  +5.602521e-315  +1.247248e-250  +3.856203e-197  +1.655789e-154  +9.873885e-123  +1.335386e-93  +9.803748e-58  +1.285814e-32  +2.700320e-18  +1.208801e-11  +1.545688e-11  +7.240933e-20  +8.793857e-29  +2.789910e-34  +1.031835e-35  +6.156766e-37  +2.092595e-39  +1.718222e-49  +3.804486e-66  +4.460563e-69  +7.263829e-83  +1.642780e-107  +5.159782e-143  +2.251278e-189  +3.994589e-246  +1.716914e-310 
+0.000000e+00  +0.000000e+00  +0.000000e+00  +0.000000e+00  +0.000000e+00  +0.000000e+00  +0.000000e+00  +2.589636e-299  +8.006558e-246  +3.437882e-203  +5.014109e-161  +3.212772e-114  +3.306019e-78  +5.367338e-53  +1.752831e-38  +3.977564e-28  +5.089792e-28  +9.047460e-39  +4.329555e-54  +2.941498e-64  +7.112737e-67  +4.698305e-68  +6.310569e-72  +5.181527e-82  +5.909050e-103  +5.628845e-111  +9.166324e-125  +2.073047e-149  +6.511198e-185  +2.840212e-231  +1.720598e-288  +0.000000e+00 
+0.000000e+00  +0.000000e+00  +0.000000e+00  +0.000000e+00  +0.000000e+00  +0.000000e+00  +0.000000e+00  +0.000000e+00  +2.308712e-305  +4.252512e-250  +2.137375e-192  +1.714409e-145  +2.121166e-109  +3.887818e-84  +1.975215e-66  +1.819006e-55  +2.327646e-55  +4.136546e-66  +2.840071e-87  +4.516883e-105  +7.001059e-109  +4.981936e-110  +2.642956e-115  +2.170096e-125  +2.474607e-146  +9.864768e-164  +1.606434e-177  +3.633094e-202  +1.141113e-237  +4.977580e-284  +0.000000e+00  +0.000000e+00 
+0.000000e+00  +0.000000e+00  +0.000000e+00  +0.000000e+00  +0.000000e+00  +0.000000e+00  +0.000000e+00  +0.000000e+00  +0.000000e+00  +2.879944e-292  +1.778500e-234  +1.653008e-187  +2.232446e-151  +6.174958e-126  +1.253845e-104  +1.155284e-93  +1.478332e-93  +2.627197e-104  +6.484138e-126  +3.073472e-154  +9.761046e-162  +7.336724e-163  +1.537275e-169  +1.262229e-179  +1.439347e-200  +2.401024e-227  +3.909924e-241  +8.842645e-266  +2.777372e-301  +0.000000e+00  +0.000000e+00  +0.000000e+00 
