+0.000000e+00  +0.000000e+00  +0.000000e+00  +0.000000e+00  +5.270411e-318  +1.145525e-282  +1.174509e-257  +1.672423e-243  +3.307302e-240  +9.083213e-248  +1.943904e-234  +1.747995e-191  +2.182976e-159  +3.786130e-138  +9.119691e-128  +3.050722e-128  +1.417304e-139  +9.144534e-162  +8.194037e-195  +1.019700e-238  +1.762319e-293  +0.000000e+00  +0.000000e+00  +0.000000e+00  +0.000000e+00  +0.000000e+00  +0.000000e+00  +0.000000e+00  +0.000000e+00  +0.000000e+00  +0.000000e+00  +0.000000e+00 
+0.000000e+00  +0.000000e+00  +0.000000e+00  +7.037337e-288  +2.043380e-248  +1.333622e-216  +1.366521e-191  +1.945835e-177  +3.847988e-174  +1.056816e-181  +1.275527e-178  +1.952571e-145  +2.438433e-113  +4.229193e-92  +1.018690e-81  +3.407725e-82  +1.583161e-93  +1.021465e-115  +9.152925e-149  +1.139028e-192  +1.968550e-247  +4.724945e-313  +0.000000e+00  +0.000000e+00  +0.000000e+00  +0.000000e+00  +0.000000e+00  +0.000000e+00  +0.000000e+00  +0.000000e+00  +0.000000e+00  +0.000000e+00 
+0.000000e+00  +0.000000e+00  +2.568580e-279  +5.369795e-229  +1.559051e-189  +8.439967e-161  +2.208077e-136  +3.144155e-122  +6.217727e-119  +1.707644e-126  +1.066743e-128  +2.179141e-107  +3.783160e-78  +6.560814e-57  +1.580309e-46  +5.286455e-47  +2.455981e-58  +1.584614e-80  +1.419907e-113  +1.766990e-157  +3.053841e-212  +7.329877e-278  +0.000000e+00  +0.000000e+00  +0.000000e+00  +0.000000e+00  +0.000000e+00  +0.000000e+00  +0.000000e+00  +0.000000e+00  +0.000000e+00  +0.000000e+00 
+0.000000e+00  +1.808231e-292  +2.721952e-231  +5.690428e-181  +1.652142e-141  +6.662227e-113  +4.958803e-92  +7.055695e-78  +1.395300e-74  +3.832068e-82  +1.238991e-89  +2.527435e-68  +9.365888e-54  +1.414870e-32  +3.404729e-22  +1.138944e-22  +5.291305e-34  +3.413982e-56  +3.059128e-89  +3.806905e-133  +6.579369e-188  +1.579190e-253  +0.000000e+00  +0.000000e+00  +0.000000e+00  +0.000000e+00  +0.000000e+00  +0.000000e+00  +0.000000e+00  +0.000000e+00  +0.000000e+00  +0.000000e+00 
+0.000000e+00  +2.661209e-255  +4.005951e-194  +8.374718e-144  +2.431491e-104  +9.804223e-76  +7.034515e-58  +2.198941e-44  +4.348519e-41  +1.194285e-48  +1.998622e-61  +4.076864e-40  +1.155016e-29  +1.029646e-18  +1.028207e-08  +3.408040e-09  +1.583211e-20  +1.021497e-42  +9.153211e-76  +1.139063e-119  +1.968612e-174  +4.725093e-240  +1.575065e-316  +0.000000e+00  +0.000000e+00  +0.000000e+00  +0.000000e+00  +0.000000e+00  +0.000000e+00  +0.000000e+00  +0.000000e+00  +0.000000e+00 
+5.550746e-301  +5.439346e-229  +8.187831e-168  +1.711723e-117  +4.969766e-78  +2.003901e-49  +1.122227e-31  +9.526281e-22  +1.882145e-18  +5.366353e-26  +3.266131e-38  +9.133114e-23  +2.587381e-12  +2.994938e-09  +6.270343e-05  +1.542601e-06  +6.582740e-18  +4.244754e-40  +3.803533e-73  +4.733273e-117  +8.180387e-172  +1.963469e-237  +5.971133e-276  +4.451334e-293  +4.223733e-279  +4.443836e-271  +6.493963e-274  +3.325429e-283  +4.805991e-299  +1.768949e-312  +0.000000e+00  +0.000000e+00 
+1.181661e-269  +2.720306e-206  +1.227581e-149  +5.104935e-102  +1.410715e-62  +5.688235e-34  +3.185341e-16  +3.049368e-09  +1.131483e-06  +2.242391e-11  +1.766220e-19  +6.086957e-12  +8.485513e-06  +3.621257e-06  +4.046552e-05  +9.679810e-12  +7.053903e-26  +2.463409e-48  +2.195103e-81  +2.731576e-125  +4.720908e-180  +3.028738e-199  +1.625740e-205  +1.230551e-222  +1.663458e-208  +1.750143e-200  +2.560340e-203  +1.316783e-211  +4.341949e-225  +2.705676e-238  +2.360926e-262  +2.861071e-297 
+4.250987e-240  +3.277362e-178  +3.529694e-127  +1.337344e-85  +1.541763e-51  +5.633312e-27  +1.286101e-11  +9.780551e-05  +2.674705e-05  +1.834014e-05  +1.801237e-11  +5.791643e-05  +1.226439e-04  +4.867103e-05  +3.663421e-07  +6.843891e-14  +2.326262e-31  +1.098126e-59  +7.384604e-99  +2.190128e-144  +2.963074e-144  +1.145233e-139  +6.147287e-146  +7.651151e-161  +9.098406e-149  +9.572534e-141  +1.415705e-143  +7.241569e-151  +9.193958e-162  +5.747437e-175  +5.015119e-199  +6.077533e-234 
+2.134293e-221  +1.645463e-159  +1.761814e-108  +2.619816e-68  +5.448214e-39  +4.558333e-19  +1.591736e-07  +1.250263e-04  +3.301917e-05  +3.803557e-07  +1.699006e-08  +7.655923e-05  +1.470385e-04  +6.918334e-07  +1.144277e-11  +2.395643e-26  +2.575935e-44  +1.215986e-72  +7.971867e-112  +5.591126e-111  +1.556012e-95  +6.014013e-91  +3.228151e-97  +4.320049e-108  +6.911251e-100  +7.271404e-92  +1.192304e-94  +5.530884e-101  +2.709341e-109  +1.695550e-122  +1.479510e-146  +1.792933e-181 
+1.559201e-213  +1.178126e-151  +1.247004e-100  +1.842225e-60  +3.790426e-31  +1.084854e-12  +4.354860e-05  +1.816204e-04  +2.846713e-04  +1.846009e-04  +2.283583e-04  +2.424054e-04  +2.141238e-04  +2.777732e-04  +1.035435e-07  +6.982763e-18  +6.652097e-39  +1.267346e-70  +4.196816e-75  +4.077628e-73  +1.134805e-57  +4.386040e-53  +2.354301e-59  +3.408811e-66  +7.291005e-62  +7.670922e-54  +2.497980e-56  +5.884025e-62  +1.109090e-67  +6.946806e-81  +6.061675e-105  +7.345794e-140 
+4.783117e-212  +2.087095e-150  +1.270573e-99  +1.082566e-59  +1.297577e-30  +2.205526e-12  +5.800997e-05  +1.967772e-04  +1.940765e-04  +1.649936e-04  +1.933841e-04  +7.290849e-05  +1.076978e-04  +1.627173e-04  +2.015539e-06  +1.366979e-16  +3.480726e-32  +1.474329e-41  +1.795058e-41  +4.224924e-46  +1.149390e-30  +4.442412e-26  +2.384579e-32  +3.738255e-35  +1.117565e-34  +1.123867e-26  +2.192875e-28  +1.671787e-33  +6.306490e-37  +3.952734e-50  +3.449096e-74  +4.179760e-109 
+3.947915e-215  +2.961489e-153  +3.085256e-102  +4.463863e-62  +8.969568e-33  +2.519263e-14  +7.380407e-06  +1.117006e-04  +1.712092e-04  +1.590583e-04  +1.515869e-04  +2.846169e-04  +1.874163e-04  +6.557332e-05  +5.028808e-08  +9.469920e-12  +1.838789e-13  +8.189300e-22  +1.066318e-18  +4.664598e-26  +1.622202e-14  +6.248892e-10  +4.840437e-16  +5.708650e-15  +1.443505e-15  +2.286759e-10  +4.183726e-11  +5.263050e-14  +4.980925e-17  +3.123576e-30  +2.725838e-54  +3.311069e-89 
+5.166640e-227  +3.876092e-165  +4.833192e-114  +2.384723e-71  +9.886970e-39  +5.708747e-17  +4.578799e-06  +7.726385e-05  +3.264180e-04  +3.560144e-04  +2.830965e-04  +2.244712e-04  +3.004556e-04  +7.220171e-05  +2.211642e-04  +6.556451e-05  +1.350291e-05  +6.115022e-10  +8.941496e-07  +5.531572e-12  +1.974938e-06  +1.231872e-04  +2.145522e-06  +1.243698e-05  +6.047325e-06  +6.610277e-05  +1.181956e-04  +4.982925e-05  +5.616488e-08  +5.070622e-21  +5.584657e-44  +3.219174e-77 
+9.428656e-220  +7.794267e-165  +1.603923e-115  +5.130149e-77  +1.847950e-45  +1.969791e-23  +9.454942e-11  +1.247906e-04  +1.738301e-04  +3.342954e-04  +1.310453e-04  +2.630905e-04  +2.701131e-04  +1.847525e-04  +4.468834e-04  +2.447030e-04  +9.904094e-05  +8.245420e-07  +1.709559e-04  +1.024661e-04  +7.377262e-05  +3.287260e-05  +1.284115e-04  +9.342659e-05  +6.560161e-05  +2.799099e-06  +6.122878e-05  +2.876813e-04  +3.279635e-06  +7.786954e-18  +3.397631e-40  +2.188801e-73 
+4.940896e-190  +7.696795e-137  +1.672897e-94  +1.688796e-60  +6.307132e-33  +3.792039e-16  +2.456053e-06  +4.768043e-04  +4.256816e-04  +2.196984e-04  +1.199579e-04  +3.970242e-04  +1.653352e-04  +4.305959e-04  +2.531489e-04  +3.260860e-04  +1.740904e-04  +2.318530e-04  +5.241893e-05  +5.436672e-05  +1.191621e-04  +1.522267e-04  +2.041317e-04  +2.964235e-04  +2.502347e-05  +1.710364e-04  +5.120993e-05  +4.737282e-05  +5.403028e-08  +1.595454e-21  +8.219895e-45  +2.943244e-77 
+3.596116e-171  +5.602072e-118  +1.212020e-75  +3.642227e-44  +2.380202e-23  +4.460563e-10  +1.791828e-04  +3.456825e-04  +1.077961e-04  +1.120208e-04  +4.862443e-04  +1.793609e-04  +2.536704e-04  +1.360143e-04  +3.250241e-04  +3.273904e-04  +1.260549e-04  +1.594864e-04  +2.767174e-04  +1.540581e-04  +2.444762e-04  +1.576303e-04  +1.216463e-04  +1.012983e-04  +2.043006e-04  +2.931921e-04  +1.144779e-04  +1.354527e-04  +5.969006e-06  +1.208100e-16  +3.400542e-38  +1.331970e-70 
+4.475987e-163  +5.745064e-110  +1.254126e-67  +3.832022e-36  +1.645139e-15  +1.010598e-05  +1.452617e-04  +1.230555e-04  +4.219851e-05  +2.586135e-04  +2.628138e-04  +1.960158e-04  +2.253243e-04  +2.310780e-04  +3.727286e-04  +6.139107e-04  +3.906562e-04  +2.231072e-04  +9.278879e-05  +2.036508e-04  +1.469247e-04  +2.643614e-04  +3.331401e-04  +3.494674e-04  +2.406167e-04  +1.021565e-04  +1.796741e-04  +2.738912e-04  +4.676107e-06  +1.001153e-16  +4.270868e-38  +2.675300e-70 
+5.014879e-152  +3.102820e-101  +2.666188e-61  +3.181732e-32  +5.276837e-14  +1.700018e-06  +4.194289e-05  +1.706593e-04  +2.442442e-04  +3.208983e-04  +3.631018e-04  +1.002229e-04  +2.865969e-04  +2.507734e-04  +2.148660e-04  +2.026539e-04  +2.759874e-04  +7.282188e-05  +1.280369e-04  +4.520845e-04  +2.711571e-04  +1.452965e-04  +1.526918e-04  +7.729562e-05  +1.399001e-04  +1.486986e-04  +8.122047e-05  +1.143825e-05  +2.020571e-12  +3.955676e-25  +9.796466e-47  +5.593751e-79 
+4.299581e-151  +2.660250e-100  +2.285896e-60  +2.727901e-31  +4.521687e-13  +1.319667e-05  +1.179660e-05  +1.014026e-04  +2.103760e-04  +7.242065e-05  +6.300660e-05  +7.868224e-05  +1.025438e-04  +6.369694e-05  +8.962713e-05  +3.918281e-04  +2.624250e-04  +3.189216e-04  +1.029856e-04  +2.912543e-04  +1.558817e-04  +1.702614e-04  +2.306181e-04  +5.934997e-05  +1.173051e-04  +5.031647e-05  +5.212469e-05  +9.625738e-05  +1.152726e-08  +2.374701e-23  +6.794071e-49  +2.699536e-85 
+5.119527e-161  +3.167571e-110  +2.725562e-70  +1.164687e-40  +2.622222e-19  +1.136540e-08  +6.840481e-07  +3.916933e-06  +1.360412e-04  +2.719136e-04  +1.894316e-04  +1.252028e-04  +3.358108e-05  +8.025268e-07  +8.891496e-05  +2.038969e-04  +1.036869e-04  +2.583642e-04  +2.366528e-06  +2.604066e-04  +9.928740e-05  +1.191395e-04  +4.131118e-05  +5.526555e-05  +1.120335e-04  +5.736847e-05  +6.724300e-05  +1.434702e-05  +2.804740e-15  +2.449975e-30  +7.009424e-56  +2.785104e-92 
+8.577934e-182  +1.358324e-129  +2.113605e-86  +4.750536e-54  +1.482889e-32  +6.428618e-22  +5.171266e-17  +8.177206e-07  +6.564366e-05  +2.462570e-06  +1.599757e-04  +8.982339e-06  +1.157648e-08  +1.572838e-15  +1.205074e-11  +1.427123e-08  +8.754486e-05  +1.500105e-04  +4.146049e-05  +2.229463e-04  +1.174297e-04  +2.038827e-04  +3.016928e-05  +1.258902e-04  +2.978300e-05  +2.455923e-05  +9.114800e-05  +9.492424e-11  +6.405240e-22  +1.036251e-42  +1.237161e-73  +3.990540e-110 
+8.803178e-208  +1.025866e-153  +1.660278e-110  +3.731717e-78  +1.164863e-56  +5.066073e-46  +2.661210e-26  +5.870094e-12  +1.922638e-08  +9.373537e-07  +6.818005e-05  +1.067619e-09  +7.377405e-20  +1.098365e-32  +9.314071e-22  +1.268595e-08  +9.939106e-05  +1.186234e-04  +7.953618e-05  +1.351414e-04  +1.481294e-04  +1.993232e-04  +2.138571e-04  +1.083482e-04  +1.825018e-04  +4.995302e-05  +7.744143e-05  +2.505518e-12  +1.164458e-30  +1.350884e-59  +1.282307e-91  +4.001597e-134 
+9.603789e-243  +1.119167e-188  +1.811277e-145  +4.071110e-113  +1.270805e-91  +6.504705e-66  +1.104476e-40  +2.604879e-26  +2.313188e-12  +7.267588e-05  +1.056257e-04  +1.362807e-11  +4.669000e-28  +2.508415e-54  +9.317319e-29  +3.673512e-13  +2.011807e-08  +7.836266e-05  +7.420894e-05  +5.039157e-05  +7.929471e-08  +1.471441e-04  +1.935663e-04  +3.058816e-04  +9.584094e-05  +1.557405e-04  +4.555704e-07  +4.290430e-15  +7.386108e-34  +1.766401e-63  +5.870876e-104  +2.714753e-155 
+1.455073e-288  +1.695652e-234  +2.744270e-191  +6.168149e-159  +3.292304e-127  +2.360951e-84  +5.406084e-50  +1.719196e-26  +1.396692e-12  +7.103656e-05  +2.817521e-06  +3.888504e-15  +1.245061e-34  +1.077346e-63  +2.905157e-43  +1.145547e-27  +2.640017e-18  +2.521976e-10  +2.037543e-07  +9.145187e-05  +1.073607e-04  +3.636435e-06  +1.956137e-05  +1.681695e-04  +4.538152e-06  +6.889428e-05  +1.502045e-05  +1.853064e-13  +3.189587e-32  +7.624588e-62  +2.531257e-102  +1.167062e-153 
+0.000000e+00  +3.567934e-291  +8.175522e-246  +6.939358e-179  +8.238334e-123  +1.358305e-77  +3.110236e-43  +9.890707e-20  +4.368167e-07  +4.654215e-05  +4.337932e-07  +1.323331e-19  +5.636292e-43  +8.345357e-76  +1.258170e-68  +6.936829e-53  +1.199922e-34  +2.471824e-24  +1.338973e-13  +5.941328e-07  +4.748005e-05  +1.596489e-04  +7.852521e-05  +4.020674e-05  +9.853134e-08  +1.187388e-08  +1.470808e-11  +1.114179e-22  +1.913431e-41  +4.573985e-71  +1.518499e-111  +7.001199e-163 
+0.000000e+00  +0.000000e+00  +6.486131e-250  +5.544569e-183  +6.582455e-127  +1.085290e-81  +2.485089e-47  +7.902706e-24  +3.490179e-11  +2.141592e-09  +1.940287e-14  +5.918498e-27  +2.507470e-50  +1.475359e-84  +7.567432e-105  +1.247082e-80  +8.148500e-62  +3.990293e-44  +1.333442e-27  +7.633798e-17  +1.005551e-10  +7.654260e-07  +9.694670e-07  +2.472279e-10  +1.162777e-17  +4.156518e-23  +5.145508e-26  +8.855627e-40  +1.596262e-61  +3.810755e-91  +1.265118e-131  +5.832957e-183 
+0.000000e+00  +0.000000e+00  +7.197342e-265  +6.152538e-198  +7.304229e-142  +1.204294e-96  +2.757582e-62  +8.769247e-39  +3.872882e-26  +2.375440e-24  +1.407399e-32  +3.676148e-45  +1.557461e-68  +9.163879e-103  +9.988816e-148  +1.093259e-118  +2.386397e-96  +2.943261e-69  +1.235734e-48  +8.327635e-36  +1.795112e-25  +3.465084e-19  +9.964631e-19  +2.504318e-22  +1.118461e-36  +2.022331e-48  +2.501518e-51  +4.300710e-65  +1.028713e-89  +4.412661e-122  +1.463812e-162  +6.749056e-214 
+0.000000e+00  +0.000000e+00  +1.109166e-290  +9.481536e-224  +1.125638e-167  +1.855910e-122  +4.249647e-88  +1.351409e-64  +5.968410e-52  +3.660737e-50  +3.128683e-59  +3.171155e-74  +1.343497e-97  +7.904944e-132  +6.459500e-177  +1.391297e-167  +2.237351e-132  +3.874397e-102  +3.234932e-80  +3.435607e-63  +1.110516e-48  +2.180295e-42  +1.426205e-41  +3.584374e-45  +1.251078e-59  +1.978112e-82  +1.688950e-87  +2.903711e-101  +6.933109e-126  +2.306093e-161  +2.353276e-204  +1.084514e-255 
+0.000000e+00  +0.000000e+00  +0.000000e+00  +2.029276e-260  +2.409135e-204  +3.972091e-159  +9.095262e-125  +2.892339e-101  +1.277383e-88  +7.834853e-87  +6.673896e-96  +3.877957e-114  +1.609511e-137  +9.470136e-172  +7.738491e-217  +3.435212e-217  +2.369872e-177  +1.402036e-144  +7.619333e-121  +7.063916e-100  +9.704318e-83  +1.905268e-76  +2.834934e-75  +7.124842e-79  +2.486831e-93  +1.205477e-118  +1.583682e-134  +2.722730e-148  +6.500986e-173  +2.155717e-208  +9.980046e-255  +2.420914e-308 
+0.000000e+00  +0.000000e+00  +0.000000e+00  +6.031724e-308  +7.160799e-252  +1.180646e-206  +2.703432e-172  +8.597050e-149  +3.796832e-136  +2.328795e-134  +1.983714e-143  +2.409946e-163  +2.677874e-188  +1.575620e-222  +1.287513e-267  +3.371578e-274  +1.176696e-230  +7.082769e-198  +6.068442e-170  +8.330893e-145  +1.177724e-127  +2.312252e-121  +7.826044e-120  +1.966867e-123  +6.865089e-138  +3.327784e-163  +2.062326e-192  +3.545633e-206  +8.465807e-231  +2.807249e-266  +1.292800e-312  +0.000000e+00 
+0.000000e+00  +0.000000e+00  +0.000000e+00  +0.000000e+00  +2.955968e-310  +4.873689e-265  +1.115973e-230  +3.548851e-207  +1.567327e-194  +9.613233e-193  +8.188744e-202  +9.687452e-222  +6.203523e-250  +3.640700e-284  +0.000000e+00  +0.000000e+00  +8.218635e-295  +3.602374e-260  +1.447390e-228  +1.404130e-200  +1.984998e-183  +3.897199e-177  +3.000405e-175  +7.540721e-179  +2.631988e-193  +1.275830e-218  +8.588952e-255  +6.412404e-275  +1.531072e-299  +0.000000e+00  +0.000000e+00  +0.000000e+00 
+0.000000e+00  +0.000000e+00  +0.000000e+00  +0.000000e+00  +0.000000e+00  +0.000000e+00  +6.397791e-300  +2.034529e-276  +8.985368e-264  +5.511194e-262  +4.694545e-271  +5.553660e-291  +1.111648e-321  +0.000000e+00  +0.000000e+00  +0.000000e+00  +0.000000e+00  +0.000000e+00  +3.228853e-295  +3.286712e-267  +4.646377e-250  +9.122405e-244  +1.597554e-241  +4.015028e-245  +1.401392e-259  +6.793111e-285  +4.575048e-321  +0.000000e+00  +0.000000e+00  +0.000000e+00  +0.000000e+00  +0.000000e+00 
