+0.000000e+00  +0.000000e+00  +0.000000e+00  +0.000000e+00  +0.000000e+00  +3.660814e-318  +3.466303e-284  +4.558198e-261  +8.594475e-249  +9.895677e-236  +1.613641e-226  +3.664610e-228  +1.155811e-240  +1.695879e-255  +6.180218e-264  +3.127885e-283  +2.198547e-313  +0.000000e+00  +0.000000e+00  +0.000000e+00  +0.000000e+00  +0.000000e+00  +0.000000e+00  +0.000000e+00  +0.000000e+00  +0.000000e+00  +0.000000e+00  +0.000000e+00  +0.000000e+00  +0.000000e+00  +0.000000e+00  +0.000000e+00 
+0.000000e+00  +0.000000e+00  +0.000000e+00  +0.000000e+00  +6.306838e-296  +4.299940e-251  +4.071468e-217  +5.353992e-194  +9.786361e-182  +8.457698e-172  +1.239329e-162  +2.814541e-164  +8.877004e-177  +3.548530e-187  +1.293175e-195  +6.544921e-215  +4.600334e-245  +4.506277e-286  +5.928788e-323  +0.000000e+00  +0.000000e+00  +0.000000e+00  +0.000000e+00  +0.000000e+00  +0.000000e+00  +0.000000e+00  +0.000000e+00  +0.000000e+00  +0.000000e+00  +0.000000e+00  +0.000000e+00  +0.000000e+00 
+0.000000e+00  +0.000000e+00  +0.000000e+00  +2.100281e-295  +1.028808e-239  +7.014309e-195  +6.641613e-161  +8.733738e-138  +1.595052e-125  +4.667128e-118  +1.321917e-109  +3.002100e-111  +9.468564e-124  +1.031193e-129  +3.757933e-138  +1.901937e-157  +1.336845e-187  +5.387570e-221  +1.991255e-255  +1.022113e-300  +0.000000e+00  +0.000000e+00  +0.000000e+00  +0.000000e+00  +0.000000e+00  +0.000000e+00  +0.000000e+00  +0.000000e+00  +0.000000e+00  +0.000000e+00  +0.000000e+00  +0.000000e+00 
+0.000000e+00  +0.000000e+00  +3.779182e-307  +3.631583e-246  +2.379197e-194  +1.589079e-149  +1.504645e-115  +1.978612e-92  +3.613479e-80  +2.365034e-74  +1.958216e-67  +4.447140e-69  +1.402778e-81  +4.161689e-83  +1.516627e-91  +7.675834e-111  +1.510714e-140  +2.584642e-164  +9.552881e-199  +4.911165e-244  +2.148895e-268  +6.769877e-295  +6.699319e-300  +9.207017e-316  +0.000000e+00  +0.000000e+00  +0.000000e+00  +0.000000e+00  +0.000000e+00  +0.000000e+00  +0.000000e+00  +0.000000e+00 
+0.000000e+00  +0.000000e+00  +4.165420e-266  +3.964653e-205  +5.290421e-155  +5.980094e-115  +4.734048e-81  +6.225282e-58  +1.136904e-45  +1.995937e-41  +4.028878e-36  +9.149015e-38  +1.177485e-49  +2.332583e-47  +8.500533e-56  +4.302225e-75  +6.470679e-95  +1.722050e-118  +6.364727e-153  +1.469759e-181  +4.120930e-203  +6.247557e-221  +6.182450e-226  +8.496675e-242  +5.222469e-255  +2.000817e-272  +1.064577e-300  +0.000000e+00  +0.000000e+00  +0.000000e+00  +0.000000e+00  +0.000000e+00 
+1.500181e-319  +9.577143e-268  +8.669121e-227  +8.291057e-174  +8.032703e-125  +1.486640e-85  +5.894699e-57  +2.720180e-34  +4.967753e-22  +2.493385e-19  +1.154377e-15  +2.614010e-17  +6.919533e-25  +1.815694e-22  +6.616855e-31  +3.127810e-47  +5.987330e-60  +1.593416e-83  +1.997782e-116  +3.914391e-127  +1.097522e-148  +8.007153e-158  +7.923708e-163  +1.093012e-178  +1.114390e-187  +4.269421e-205  +2.271635e-233  +1.678595e-272  +1.729230e-322  +0.000000e+00  +0.000000e+00  +0.000000e+00 
+2.755252e-265  +1.758907e-213  +1.559441e-172  +8.107765e-141  +2.917672e-101  +8.720695e-66  +8.059018e-38  +3.045088e-20  +3.014775e-09  +1.566789e-07  +5.116084e-06  +1.128383e-07  +7.482313e-11  +1.962932e-08  +7.153468e-17  +4.015101e-23  +7.694042e-36  +2.047626e-59  +7.171483e-73  +1.447839e-83  +4.059472e-105  +1.425227e-105  +1.410374e-110  +1.216548e-124  +3.302454e-131  +1.265227e-148  +6.731905e-177  +4.974455e-216  +5.104944e-266  +5.988076e-319  +0.000000e+00  +0.000000e+00 
+7.093572e-222  +4.487489e-170  +3.977561e-129  +4.897538e-99  +6.894671e-75  +4.265065e-50  +5.682942e-26  +1.052252e-11  +4.208383e-05  +2.604166e-05  +7.506741e-05  +1.389047e-05  +5.267899e-06  +4.911982e-05  +5.920909e-08  +7.165654e-10  +1.373137e-22  +2.542934e-40  +3.683860e-40  +7.437280e-51  +4.965280e-70  +3.523123e-64  +3.486407e-69  +4.927565e-79  +1.359171e-85  +5.207219e-103  +2.770610e-131  +2.047307e-170  +1.053848e-215  +1.021981e-251  +4.057273e-295  +0.000000e+00 
+1.651227e-188  +1.843350e-137  +1.415350e-96  +1.735067e-66  +2.969129e-47  +1.173356e-30  +6.208254e-17  +1.163324e-07  +1.360356e-04  +1.684095e-05  +8.399065e-05  +5.775846e-05  +8.546160e-05  +2.301276e-05  +1.258397e-04  +2.358676e-07  +9.050958e-15  +1.895821e-18  +2.628103e-18  +5.305741e-29  +1.703566e-39  +1.209510e-33  +1.196906e-38  +2.817745e-44  +7.768722e-51  +2.976331e-68  +1.583619e-96  +4.297631e-134  +7.697840e-162  +1.670155e-194  +6.634752e-238  +3.660417e-292 
+4.132908e-164  +7.567309e-114  +2.578404e-74  +9.193657e-45  +1.462629e-25  +8.982873e-17  +3.908520e-08  +8.419094e-05  +2.386255e-04  +1.059310e-04  +5.882928e-05  +1.106278e-04  +1.882829e-04  +2.257813e-04  +9.333976e-05  +1.191191e-05  +1.423299e-05  +6.642981e-07  +2.605979e-07  +5.256760e-18  +7.623429e-19  +5.766728e-14  +5.707654e-19  +2.241523e-20  +6.166843e-27  +2.362669e-44  +1.944016e-72  +1.030877e-91  +1.326081e-115  +3.793020e-148  +1.506791e-191  +8.313022e-246 
+1.690648e-150  +3.064536e-100  +7.719088e-61  +2.755301e-32  +2.306583e-14  +2.456966e-06  +5.314949e-05  +1.014643e-04  +1.410328e-04  +1.744333e-04  +2.627285e-04  +1.462755e-04  +9.182505e-05  +7.941594e-05  +5.961764e-05  +3.115279e-04  +1.334226e-05  +2.167300e-04  +5.128004e-06  +1.185138e-11  +1.176346e-06  +3.842087e-05  +5.349434e-09  +2.496362e-07  +6.816017e-14  +1.837395e-29  +1.088868e-42  +2.065492e-58  +4.182362e-80  +1.196333e-112  +4.752612e-156  +2.623543e-210 
+9.607638e-148  +1.741490e-97  +4.383930e-58  +1.532707e-29  +7.450980e-12  +5.276826e-05  +7.947022e-05  +1.662953e-04  +2.034391e-04  +1.735733e-04  +1.309194e-04  +1.200526e-04  +1.450619e-04  +1.913658e-04  +2.803806e-04  +1.862976e-04  +1.341083e-04  +3.623208e-04  +6.711658e-06  +1.288865e-04  +7.642039e-05  +1.559348e-04  +7.234984e-05  +5.306811e-05  +9.663276e-08  +2.232191e-15  +5.746594e-22  +8.894875e-34  +1.832446e-55  +5.265973e-88  +2.287788e-131  +6.014193e-185 
+7.665966e-156  +1.439045e-105  +4.155481e-66  +2.268627e-37  +8.483309e-18  +4.947116e-07  +1.652713e-04  +1.959934e-04  +4.229725e-04  +1.104397e-05  +2.034042e-04  +3.923930e-04  +2.003009e-04  +3.705407e-04  +1.274998e-04  +1.764488e-04  +1.682091e-04  +1.219026e-04  +4.988630e-05  +2.873822e-04  +3.212421e-05  +4.862821e-05  +1.290518e-04  +2.777474e-05  +3.025306e-08  +1.470379e-05  +3.659113e-09  +5.625487e-20  +2.007120e-41  +1.944027e-72  +8.997190e-111  +8.048965e-160 
+8.717109e-151  +6.756747e-100  +7.273457e-60  +1.087382e-30  +2.257676e-12  +6.525117e-05  +5.993537e-07  +8.341934e-05  +5.115952e-04  +1.149004e-04  +2.573641e-04  +9.646649e-05  +1.406247e-04  +3.623011e-04  +4.102517e-04  +4.199916e-04  +1.952249e-04  +2.094041e-04  +2.388962e-04  +6.354318e-05  +1.911508e-04  +2.480319e-04  +1.074440e-04  +2.818577e-05  +4.998118e-05  +7.063164e-05  +2.306648e-05  +4.523978e-14  +1.309715e-30  +6.074993e-58  +3.913461e-96  +3.501178e-145 
+1.265943e-154  +9.812494e-104  +1.056289e-63  +1.579151e-34  +3.278708e-16  +9.454094e-09  +6.107459e-06  +7.552250e-05  +2.278556e-04  +2.218651e-04  +2.214925e-04  +1.287821e-04  +1.594465e-05  +1.154907e-04  +9.859577e-05  +1.505502e-04  +5.543687e-05  +2.440401e-04  +1.659864e-04  +3.160448e-04  +2.011328e-04  +5.054624e-05  +7.706870e-05  +5.482771e-05  +5.014630e-07  +6.289107e-05  +1.071387e-04  +2.378787e-10  +7.913494e-27  +3.670110e-54  +2.372527e-92  +2.795959e-141 
+2.553253e-169  +1.979061e-118  +2.130405e-78  +3.184956e-49  +6.612755e-31  +1.964581e-23  +1.227980e-15  +9.870285e-09  +8.379988e-05  +4.433465e-05  +9.122549e-05  +2.929485e-04  +1.446844e-04  +1.986215e-04  +3.597121e-04  +4.188464e-04  +1.775571e-04  +1.905207e-04  +6.591406e-05  +1.222807e-04  +3.703910e-06  +1.175580e-04  +8.451567e-05  +5.664927e-05  +3.592793e-05  +2.122917e-05  +4.525632e-05  +3.561372e-09  +1.079371e-23  +4.543638e-49  +2.656284e-85  +2.156668e-132 
+7.151737e-195  +5.543407e-144  +5.967328e-104  +8.921154e-75  +1.852252e-56  +1.545534e-45  +2.137403e-26  +8.415877e-12  +1.729483e-07  +1.571263e-08  +4.286582e-11  +1.229539e-05  +2.420021e-04  +8.807952e-05  +1.972627e-04  +1.798329e-04  +8.819258e-05  +2.096851e-04  +1.847443e-04  +1.004465e-04  +4.207797e-04  +1.590192e-04  +3.526526e-04  +1.925578e-04  +1.610515e-04  +8.071998e-05  +2.282270e-05  +1.567052e-10  +4.748112e-25  +1.998729e-50  +1.168489e-86  +9.487101e-134 
+2.782064e-231  +2.156415e-180  +2.321323e-140  +3.470377e-111  +7.205867e-93  +8.929762e-66  +2.531712e-40  +9.969454e-26  +9.219419e-20  +7.481115e-19  +7.153198e-08  +8.651276e-05  +2.615692e-04  +2.343515e-04  +4.251210e-04  +5.125535e-04  +4.167904e-04  +2.682014e-04  +3.807229e-04  +2.448396e-04  +3.413056e-04  +1.947639e-04  +1.460222e-04  +1.156487e-04  +5.855991e-05  +1.268432e-04  +7.362576e-07  +7.420899e-16  +1.597392e-35  +1.221680e-62  +7.138595e-99  +5.795909e-146 
+1.503006e-278  +1.165000e-227  +1.254091e-187  +1.874866e-158  +7.195639e-127  +1.468946e-90  +4.164666e-65  +1.650117e-50  +4.574533e-30  +5.030811e-12  +7.741971e-05  +9.058805e-05  +1.085388e-04  +2.536529e-04  +3.004135e-04  +4.440312e-04  +4.972846e-04  +3.151891e-04  +4.142652e-04  +2.501606e-04  +1.513614e-05  +1.169214e-04  +2.024145e-04  +5.089409e-05  +6.322418e-05  +1.131338e-04  +8.329867e-07  +2.168389e-18  +4.351353e-40  +2.748328e-72  +2.576275e-115  +8.287203e-169 
+0.000000e+00  +8.740924e-286  +9.409369e-246  +1.118342e-209  +1.643892e-162  +3.355905e-126  +1.002794e-100  +1.485836e-61  +6.890296e-32  +4.558019e-13  +4.234460e-05  +1.259131e-04  +2.217483e-04  +5.370414e-04  +2.626734e-04  +4.675138e-04  +3.390585e-04  +6.057841e-04  +2.276142e-04  +1.704688e-04  +2.789584e-04  +2.601601e-04  +1.191945e-04  +1.771263e-04  +1.559848e-05  +1.049245e-04  +2.735238e-06  +9.555919e-17  +4.659998e-38  +3.156001e-70  +2.968427e-113  +3.877517e-167 
+0.000000e+00  +0.000000e+00  +4.332862e-314  +3.548269e-256  +5.215728e-209  +7.539262e-157  +1.872020e-105  +6.455500e-65  +3.091629e-35  +2.058833e-16  +4.630110e-07  +5.207594e-05  +2.969340e-04  +1.737820e-04  +2.892928e-04  +2.986482e-04  +1.929456e-04  +5.338635e-04  +3.306339e-04  +3.262248e-04  +3.375414e-05  +2.962752e-05  +4.093781e-06  +1.164374e-04  +1.388172e-04  +3.649994e-06  +1.810876e-12  +1.574946e-25  +7.458460e-47  +5.051259e-79  +4.751042e-122  +6.206063e-176 
+0.000000e+00  +0.000000e+00  +0.000000e+00  +2.054437e-306  +2.644835e-233  +4.728779e-171  +1.328416e-119  +4.388866e-76  +1.730901e-42  +9.489229e-20  +7.224829e-08  +1.300811e-06  +1.186327e-07  +1.026000e-04  +1.975807e-04  +5.097113e-04  +2.019224e-04  +4.507828e-04  +1.356762e-04  +2.286846e-04  +1.042536e-06  +4.208177e-15  +2.175148e-15  +6.351138e-07  +2.298660e-08  +1.080696e-13  +1.847774e-25  +8.222761e-42  +1.946996e-66  +1.122808e-98  +1.056062e-141  +1.379484e-195 
+0.000000e+00  +0.000000e+00  +0.000000e+00  +0.000000e+00  +7.559451e-253  +1.114027e-186  +2.280030e-131  +6.480723e-87  +2.558257e-53  +1.402500e-30  +1.067823e-18  +1.224878e-17  +2.126080e-17  +1.238557e-09  +5.105667e-05  +3.994431e-04  +3.299745e-04  +1.223094e-04  +1.915955e-04  +2.450116e-05  +1.057746e-14  +4.266507e-27  +2.159195e-27  +1.352886e-18  +1.181043e-20  +2.234574e-28  +2.834708e-44  +2.289006e-66  +7.252047e-93  +7.009973e-129  +3.260317e-172  +4.258485e-226 
+0.000000e+00  +0.000000e+00  +0.000000e+00  +0.000000e+00  +1.551668e-274  +2.286682e-208  +4.680050e-153  +1.330250e-108  +5.251145e-75  +2.878808e-52  +2.191843e-40  +2.341411e-39  +4.746555e-26  +6.209789e-10  +1.685475e-04  +3.223894e-04  +9.279343e-05  +1.587959e-05  +1.377102e-07  +4.310406e-11  +1.686589e-20  +9.171814e-41  +6.387882e-50  +4.002454e-41  +3.482854e-43  +7.172850e-54  +5.912612e-70  +2.399806e-96  +7.421707e-129  +1.234374e-165  +9.775676e-213  +1.826498e-267 
+0.000000e+00  +0.000000e+00  +0.000000e+00  +0.000000e+00  +4.423303e-307  +6.518588e-241  +1.334131e-185  +3.792112e-141  +1.496931e-107  +8.206549e-85  +6.248232e-73  +3.162102e-57  +2.969392e-30  +3.872558e-14  +7.071226e-09  +5.825606e-08  +5.066663e-08  +3.508311e-15  +1.517533e-19  +1.082790e-27  +4.144630e-37  +2.253885e-57  +2.624597e-83  +1.644483e-74  +1.430990e-76  +2.045371e-89  +2.620340e-106  +3.017610e-133  +6.286843e-170  +8.240140e-213  +4.052656e-260  +3.928820e-318 
+0.000000e+00  +0.000000e+00  +0.000000e+00  +0.000000e+00  +0.000000e+00  +2.580711e-284  +5.281827e-229  +1.501298e-184  +5.926355e-151  +3.248975e-128  +4.063107e-110  +2.747335e-72  +2.579902e-45  +3.364595e-29  +6.477824e-24  +2.085709e-20  +2.724358e-20  +5.351263e-31  +1.441796e-40  +5.501008e-53  +1.414491e-64  +7.692125e-85  +5.809387e-116  +9.383617e-119  +8.165404e-121  +9.869806e-134  +1.612964e-153  +1.857187e-180  +2.971060e-218  +3.846157e-265  +2.926973e-318  +0.000000e+00 
+0.000000e+00  +0.000000e+00  +0.000000e+00  +0.000000e+00  +0.000000e+00  +0.000000e+00  +2.904075e-283  +8.254498e-239  +3.258452e-205  +1.796434e-182  +4.902658e-136  +3.315013e-98  +3.112984e-71  +4.059817e-55  +1.107049e-49  +1.634919e-43  +2.147315e-43  +3.917340e-54  +3.565647e-72  +4.610589e-87  +6.704536e-103  +3.645850e-123  +2.753486e-154  +7.436167e-174  +6.470779e-176  +7.819914e-189  +1.509853e-211  +1.587509e-238  +2.538807e-276  +0.000000e+00  +0.000000e+00  +0.000000e+00 
+0.000000e+00  +0.000000e+00  +0.000000e+00  +0.000000e+00  +0.000000e+00  +0.000000e+00  +0.000000e+00  +6.303073e-304  +2.488130e-270  +1.687437e-221  +8.215675e-173  +5.555164e-135  +5.216611e-108  +6.803275e-92  +6.250291e-86  +1.789608e-77  +2.350640e-77  +4.287979e-88  +1.086432e-109  +7.283252e-130  +5.687633e-152  +2.399878e-172  +1.812480e-203  +8.184026e-240  +7.121531e-242  +8.606345e-255  +1.460814e-278  +1.884583e-307  +0.000000e+00  +0.000000e+00  +0.000000e+00  +0.000000e+00 
+0.000000e+00  +0.000000e+00  +0.000000e+00  +0.000000e+00  +0.000000e+00  +0.000000e+00  +0.000000e+00  +0.000000e+00  +0.000000e+00  +3.927147e-269  +1.912022e-220  +1.292845e-182  +1.214054e-155  +1.583316e-139  +1.250075e-132  +2.720733e-122  +3.573671e-122  +6.519001e-133  +1.651526e-154  +3.509289e-183  +1.227766e-208  +2.193904e-232  +1.656920e-263  +1.737895e-305  +1.088501e-318  +0.000000e+00  +0.000000e+00  +0.000000e+00  +0.000000e+00  +0.000000e+00  +0.000000e+00  +0.000000e+00 
+0.000000e+00  +0.000000e+00  +0.000000e+00  +0.000000e+00  +0.000000e+00  +0.000000e+00  +0.000000e+00  +0.000000e+00  +0.000000e+00  +0.000000e+00  +6.179884e-279  +4.178630e-241  +3.923969e-214  +5.117479e-198  +6.316949e-189  +5.744501e-178  +7.545376e-178  +1.376409e-188  +3.486999e-210  +1.226882e-242  +1.918496e-273  +2.786931e-303  +0.000000e+00  +0.000000e+00  +0.000000e+00  +0.000000e+00  +0.000000e+00  +0.000000e+00  +0.000000e+00  +0.000000e+00  +0.000000e+00  +0.000000e+00 
+0.000000e+00  +0.000000e+00  +0.000000e+00  +0.000000e+00  +0.000000e+00  +0.000000e+00  +0.000000e+00  +0.000000e+00  +0.000000e+00  +0.000000e+00  +0.000000e+00  +1.875683e-310  +1.761372e-283  +2.297145e-267  +1.781882e-255  +1.684444e-244  +2.212510e-244  +4.036005e-255  +1.022483e-276  +3.597481e-309  +0.000000e+00  +0.000000e+00  +0.000000e+00  +0.000000e+00  +0.000000e+00  +0.000000e+00  +0.000000e+00  +0.000000e+00  +0.000000e+00  +0.000000e+00  +0.000000e+00  +0.000000e+00 
+0.000000e+00  +0.000000e+00  +0.000000e+00  +0.000000e+00  +0.000000e+00  +0.000000e+00  +0.000000e+00  +0.000000e+00  +0.000000e+00  +0.000000e+00  +0.000000e+00  +0.000000e+00  +0.000000e+00  +0.000000e+00  +0.000000e+00  +6.867512e-322  +8.991995e-322  +0.000000e+00  +0.000000e+00  +0.000000e+00  +0.000000e+00  +0.000000e+00  +0.000000e+00  +0.000000e+00  +0.000000e+00  +0.000000e+00  +0.000000e+00  +0.000000e+00  +0.000000e+00  +0.000000e+00  +0.000000e+00  +0.000000e+00 
