+0.000000e+00  +0.000000e+00  +0.000000e+00  +0.000000e+00  +0.000000e+00  +0.000000e+00  +0.000000e+00  +0.000000e+00  +0.000000e+00  +0.000000e+00  +0.000000e+00  +0.000000e+00  +0.000000e+00  +0.000000e+00  +7.624254e-302  +2.506673e-247  +1.246455e-203  +2.018752e-165  +5.554194e-137  +2.122260e-119  +1.126196e-112  +8.299799e-117  +8.494915e-132  +1.207504e-157  +2.383723e-194  +6.535232e-242  +2.488309e-300  +0.000000e+00  +0.000000e+00  +0.000000e+00  +0.000000e+00  +0.000000e+00 
+0.000000e+00  +0.000000e+00  +0.000000e+00  +0.000000e+00  +0.000000e+00  +0.000000e+00  +0.000000e+00  +0.000000e+00  +0.000000e+00  +0.000000e+00  +0.000000e+00  +0.000000e+00  +0.000000e+00  +3.691955e-319  +8.740183e-254  +2.873564e-199  +1.312078e-155  +2.834541e-122  +5.509549e-94  +2.105201e-76  +1.117144e-69  +8.233084e-74  +8.426631e-89  +1.197797e-114  +2.364562e-151  +6.482701e-199  +2.468307e-257  +0.000000e+00  +0.000000e+00  +0.000000e+00  +0.000000e+00  +0.000000e+00 
+0.000000e+00  +0.000000e+00  +0.000000e+00  +0.000000e+00  +0.000000e+00  +0.000000e+00  +0.000000e+00  +0.000000e+00  +0.000000e+00  +0.000000e+00  +0.000000e+00  +0.000000e+00  +0.000000e+00  +5.877860e-282  +1.391495e-216  +4.574905e-162  +2.088913e-118  +1.324664e-85  +7.706781e-62  +2.900190e-44  +1.539012e-37  +1.134215e-41  +1.160879e-56  +1.650123e-82  +3.257494e-119  +8.930770e-167  +3.400417e-225  +1.798098e-294  +0.000000e+00  +0.000000e+00  +0.000000e+00  +0.000000e+00 
+0.000000e+00  +0.000000e+00  +0.000000e+00  +0.000000e+00  +0.000000e+00  +2.801352e-320  +3.440661e-298  +4.018427e-282  +6.520182e-277  +1.126717e-278  +7.758221e-288  +7.440563e-308  +0.000000e+00  +1.299626e-255  +3.076669e-190  +1.011536e-135  +4.618697e-92  +2.928841e-59  +2.580801e-37  +5.551932e-23  +2.944509e-16  +2.170033e-20  +2.221047e-35  +3.157091e-61  +6.232388e-98  +1.708676e-145  +6.505964e-204  +8.723272e-235  +8.174124e-272  +1.063773e-319  +0.000000e+00  +0.000000e+00 
+0.000000e+00  +0.000000e+00  +0.000000e+00  +7.100099e-303  +1.590245e-268  +6.235540e-245  +1.009277e-226  +1.178750e-210  +1.912897e-205  +4.759045e-207  +3.277062e-216  +4.050218e-236  +8.062772e-261  +3.990758e-240  +9.447520e-175  +3.106120e-120  +1.418262e-76  +8.993585e-44  +7.920400e-22  +9.834660e-11  +7.824035e-06  +5.766007e-10  +5.901557e-25  +8.388725e-51  +1.656011e-87  +6.277823e-135  +8.442251e-151  +5.696159e-177  +5.337574e-214  +6.946142e-262  +1.255421e-320  +0.000000e+00 
+0.000000e+00  +1.969616e-295  +6.414435e-258  +2.901171e-231  +4.915696e-204  +1.927503e-180  +4.218057e-166  +4.802031e-150  +7.794548e-145  +2.791695e-146  +1.922505e-155  +5.851738e-174  +1.079227e-192  +3.628523e-187  +2.385734e-167  +1.934716e-114  +7.942282e-72  +3.863018e-39  +3.378269e-17  +4.132050e-06  +1.082721e-05  +2.127897e-10  +2.177777e-25  +3.095585e-51  +4.505947e-84  +1.575843e-88  +7.655946e-104  +5.165623e-130  +4.840436e-167  +6.301796e-215  +1.056947e-272  +0.000000e+00 
+2.305850e-282  +5.407169e-234  +1.760949e-196  +7.964555e-170  +2.110991e-150  +8.274733e-127  +4.530100e-114  +2.716874e-100  +4.411337e-95  +2.274352e-96  +1.574848e-105  +4.872001e-122  +2.224283e-135  +5.801531e-131  +1.609511e-123  +2.575197e-108  +2.703019e-66  +3.941964e-35  +7.986153e-15  +2.248556e-05  +1.494459e-05  +4.685923e-12  +5.476830e-29  +8.648433e-45  +5.673490e-48  +1.984685e-52  +9.642228e-68  +6.505812e-94  +6.172574e-131  +1.991424e-176  +7.159045e-231  +3.588541e-296 
+9.000156e-232  +2.061562e-183  +6.713872e-146  +3.036601e-119  +1.915867e-103  +4.933452e-84  +2.686581e-71  +2.136118e-61  +3.467753e-56  +2.573289e-57  +2.806039e-66  +6.158847e-81  +8.076919e-89  +1.288230e-85  +3.573918e-78  +9.649403e-78  +1.134144e-57  +4.750626e-33  +4.058583e-14  +2.486374e-05  +1.072599e-05  +5.071599e-12  +1.975443e-16  +6.917065e-21  +9.924097e-23  +3.471427e-27  +1.686561e-42  +1.567897e-68  +8.047038e-102  +2.091055e-145  +7.547279e-200  +3.783148e-265 
+5.726549e-188  +1.224528e-143  +3.554985e-106  +1.607874e-79  +1.010012e-63  +4.087770e-52  +2.224507e-39  +2.458701e-33  +3.786666e-28  +4.043930e-29  +1.741567e-36  +1.361573e-46  +2.171508e-52  +3.972802e-51  +1.102142e-43  +4.248644e-47  +1.700385e-32  +3.879502e-22  +1.885363e-10  +1.024075e-04  +4.725158e-05  +3.872671e-09  +5.500577e-06  +1.063156e-07  +2.412382e-08  +8.437434e-13  +5.081564e-27  +6.295131e-49  +1.178018e-81  +3.061532e-125  +1.105004e-179  +5.538940e-245 
+2.181154e-153  +5.063820e-110  +4.246859e-77  +1.182380e-50  +7.426894e-35  +2.442092e-28  +2.558035e-18  +2.272678e-15  +5.750588e-11  +8.921490e-12  +3.945486e-17  +7.437216e-22  +2.802853e-26  +1.771814e-27  +4.723423e-20  +1.825549e-23  +1.192735e-16  +6.437065e-09  +7.364960e-06  +2.429807e-05  +3.501759e-05  +1.358975e-04  +5.220945e-05  +7.695210e-05  +8.339548e-05  +9.819514e-07  +9.499552e-18  +1.280012e-39  +2.395318e-72  +6.225155e-116  +2.246855e-170  +1.126258e-235 
+1.153859e-129  +2.678785e-86  +8.636987e-54  +5.074960e-32  +7.585104e-17  +9.563292e-12  +4.106796e-08  +5.140429e-06  +1.330470e-04  +5.819855e-05  +1.183000e-07  +5.690280e-08  +5.610284e-11  +2.827393e-12  +2.940893e-07  +8.212888e-10  +8.744008e-08  +1.364959e-04  +3.749709e-05  +9.080229e-05  +4.208043e-04  +3.762516e-04  +8.066096e-05  +1.781071e-06  +1.258351e-04  +1.199857e-07  +1.002788e-18  +2.162948e-40  +6.236566e-72  +4.960221e-114  +5.637064e-167  +8.904158e-231 
+8.477297e-117  +1.968079e-73  +6.345494e-41  +2.841364e-19  +1.885674e-08  +1.023684e-04  +3.767846e-05  +2.941348e-04  +1.886333e-04  +2.652050e-04  +7.133607e-05  +8.190612e-05  +2.946384e-06  +2.539693e-06  +1.226867e-04  +2.444956e-04  +5.531046e-05  +1.280112e-04  +1.645484e-04  +6.469897e-05  +3.989901e-05  +3.372010e-04  +3.731980e-04  +1.668937e-04  +6.187146e-05  +2.282711e-05  +6.867425e-15  +2.914824e-35  +1.718873e-66  +1.407725e-108  +1.601143e-161  +2.529182e-225 
+8.649678e-115  +2.008099e-71  +6.474548e-39  +2.899225e-17  +1.805196e-06  +1.731849e-04  +1.034175e-04  +1.114760e-04  +1.833539e-05  +3.663567e-04  +1.184916e-04  +2.211017e-04  +5.328934e-05  +3.258591e-04  +1.588289e-04  +3.427532e-04  +1.605695e-04  +4.041056e-05  +1.858193e-04  +9.683400e-06  +5.251793e-04  +1.189921e-04  +4.742302e-05  +1.212604e-04  +1.064801e-04  +7.474426e-06  +1.503515e-16  +4.505314e-38  +1.945337e-70  +1.645363e-113  +7.195138e-167  +1.007556e-230 
+1.253200e-118  +2.451595e-74  +6.660683e-41  +2.513336e-18  +1.326375e-06  +2.734691e-05  +1.613830e-04  +1.715463e-04  +1.069497e-04  +3.995286e-05  +1.101380e-04  +1.628530e-04  +1.596896e-04  +3.308917e-04  +3.002919e-04  +1.969352e-04  +2.395419e-04  +4.054033e-05  +2.025911e-04  +5.282516e-05  +1.743369e-04  +7.231206e-05  +8.211450e-05  +1.869091e-04  +2.314048e-04  +4.648635e-06  +4.641282e-17  +6.443751e-39  +1.242455e-71  +3.327087e-115  +1.237351e-169  +6.391093e-235 
+1.655579e-119  +1.999112e-77  +3.405575e-46  +1.331435e-23  +1.308066e-09  +7.350977e-05  +1.252469e-04  +1.752787e-04  +3.219179e-04  +3.450591e-04  +2.318071e-04  +2.196506e-04  +5.282381e-04  +6.715453e-05  +2.909695e-04  +2.615433e-04  +3.773344e-04  +3.692254e-04  +2.712852e-04  +3.803995e-04  +2.645105e-04  +2.393943e-04  +6.578698e-05  +1.392367e-04  +3.620157e-05  +2.675112e-08  +2.489510e-21  +1.272049e-43  +2.427682e-76  +6.500435e-120  +2.417449e-174  +1.248599e-239 
+2.212059e-107  +2.024891e-67  +3.290368e-36  +7.662720e-16  +2.488338e-06  +9.873949e-05  +2.260983e-04  +2.325095e-04  +2.486372e-04  +1.920127e-04  +3.828483e-04  +1.902276e-04  +3.261287e-04  +2.203012e-04  +3.053508e-04  +1.967577e-04  +9.977102e-05  +1.105753e-04  +3.271767e-04  +2.360694e-04  +2.347576e-04  +3.553353e-04  +1.514467e-04  +1.011801e-04  +6.224451e-06  +4.235881e-12  +7.838960e-21  +3.488489e-40  +2.179408e-70  +1.891238e-111  +2.279254e-163  +3.814850e-226 
+2.538852e-95  +7.251487e-57  +2.876435e-29  +1.584706e-12  +1.874333e-06  +7.012718e-05  +1.476480e-04  +1.748446e-04  +8.588374e-05  +2.247744e-04  +2.311579e-04  +3.214906e-04  +1.729980e-04  +2.788464e-04  +2.333463e-04  +3.748277e-04  +2.601231e-04  +3.170793e-04  +6.017855e-05  +4.651930e-05  +1.604184e-04  +1.200798e-04  +4.532175e-05  +1.545509e-05  +1.272360e-04  +4.437328e-05  +1.151444e-13  +5.160413e-33  +3.224187e-63  +3.721094e-104  +7.739545e-148  +9.010766e-202 
+4.076791e-94  +1.164416e-55  +4.618868e-28  +2.544519e-11  +2.734187e-05  +1.740147e-04  +2.027905e-04  +3.688004e-04  +2.582009e-04  +1.826352e-04  +1.238900e-04  +1.048397e-04  +1.528880e-04  +2.454338e-04  +2.097553e-05  +2.505214e-04  +3.026785e-04  +3.361959e-04  +2.859310e-04  +3.795274e-04  +2.443977e-04  +1.643259e-04  +3.470661e-04  +2.115986e-04  +4.300046e-04  +1.561812e-05  +2.094146e-14  +4.364831e-29  +1.896750e-50  +1.144938e-82  +9.598258e-126  +1.117485e-179 
+1.201894e-98  +8.904206e-60  +9.161472e-32  +1.373830e-14  +1.656891e-05  +1.300233e-04  +3.258175e-04  +1.022724e-04  +1.984296e-04  +1.356716e-04  +2.163102e-04  +1.460029e-04  +7.991911e-05  +2.022108e-05  +1.915702e-06  +3.727000e-04  +4.629485e-05  +7.803652e-05  +4.369516e-05  +1.099469e-04  +3.229498e-04  +3.319341e-04  +2.519255e-04  +5.252716e-05  +1.182289e-04  +5.271747e-05  +2.418038e-07  +7.590209e-18  +3.313401e-39  +2.014002e-71  +1.682791e-113  +2.364002e-163 
+3.794544e-95  +2.811196e-56  +2.892430e-28  +4.137116e-11  +1.104992e-04  +9.384532e-05  +2.157438e-04  +5.274697e-05  +3.403727e-04  +3.944691e-04  +1.267769e-04  +1.218187e-05  +4.961698e-11  +3.108228e-14  +2.696007e-09  +1.547114e-06  +1.261872e-05  +5.866617e-05  +2.619641e-04  +2.937022e-04  +2.887840e-04  +2.157270e-04  +1.341551e-04  +2.199592e-04  +1.905723e-04  +1.402383e-04  +1.120797e-05  +1.234690e-14  +4.989686e-32  +4.038813e-60  +4.545827e-99  +7.105779e-149 
+1.099881e-96  +2.081236e-57  +5.469371e-29  +1.997929e-11  +1.271608e-04  +3.095516e-04  +1.770875e-04  +4.831377e-05  +1.009965e-04  +3.721766e-05  +9.788668e-06  +4.041617e-12  +1.462453e-21  +9.236665e-34  +1.219657e-21  +4.844306e-15  +1.781037e-05  +3.916700e-05  +5.705185e-05  +1.166997e-04  +1.769163e-04  +4.145291e-05  +1.391589e-04  +1.350667e-04  +1.756674e-04  +2.981774e-04  +1.818518e-04  +7.573907e-11  +4.470153e-28  +3.664595e-56  +4.172696e-95  +6.599248e-145 
+4.789853e-103  +9.064448e-64  +2.466367e-35  +2.246977e-16  +6.154826e-06  +1.006257e-04  +5.203329e-07  +9.488721e-08  +1.777348e-10  +1.071378e-11  +5.086070e-16  +1.998332e-22  +1.091215e-39  +1.322120e-57  +4.782629e-42  +1.606460e-20  +7.936793e-10  +5.462901e-10  +1.724284e-06  +6.791574e-05  +2.340420e-04  +3.258067e-04  +1.375346e-04  +1.026276e-04  +7.841024e-05  +2.427386e-04  +1.762234e-05  +2.358975e-14  +3.101419e-32  +2.544399e-60  +2.925489e-99  +4.671539e-149 
+3.014246e-120  +1.503784e-78  +5.681245e-46  +3.177587e-24  +2.505277e-13  +6.371727e-12  +4.053001e-15  +1.460520e-20  +4.636183e-27  +1.165187e-28  +3.788275e-37  +1.442782e-43  +7.872874e-61  +9.636399e-89  +9.325755e-57  +3.328360e-35  +1.649743e-24  +8.763980e-23  +5.011875e-11  +3.498882e-06  +3.288794e-05  +2.747088e-04  +2.608175e-08  +2.770225e-08  +1.024557e-04  +6.664024e-05  +9.601231e-08  +2.125404e-21  +1.714302e-42  +3.749119e-73  +6.327575e-114  +8.333566e-164 
+3.913612e-140  +1.160509e-96  +4.784708e-64  +2.740896e-42  +2.180933e-31  +8.818090e-30  +5.733163e-33  +3.129202e-44  +2.459830e-53  +1.761076e-56  +1.754136e-66  +1.446677e-75  +7.894131e-93  +1.047757e-114  +2.692593e-82  +9.609904e-61  +4.763271e-50  +3.488811e-38  +5.494302e-19  +9.496933e-08  +6.052024e-05  +5.338659e-05  +1.854165e-10  +3.296100e-10  +1.123144e-05  +1.801785e-06  +7.017435e-13  +1.470031e-26  +4.285203e-51  +1.734822e-86  +1.072288e-132  +4.042545e-186 
+4.744972e-169  +1.409636e-125  +5.815993e-93  +3.332583e-71  +2.652025e-60  +1.716097e-58  +1.127579e-61  +1.047747e-75  +6.808835e-88  +3.696584e-95  +3.674252e-105  +2.014562e-118  +1.099293e-135  +4.201334e-151  +1.079686e-118  +8.387577e-97  +1.359879e-58  +5.665371e-31  +3.289853e-14  +3.280227e-06  +4.434972e-06  +8.997878e-06  +1.166593e-13  +1.808682e-20  +5.615196e-16  +4.361173e-17  +3.362978e-26  +1.489585e-42  +4.341157e-67  +1.757471e-102  +9.881183e-149  +7.715563e-206 
+8.013476e-209  +2.380693e-165  +9.822544e-133  +5.628368e-111  +4.478988e-100  +4.656850e-98  +3.079909e-101  +2.859320e-115  +2.808868e-133  +1.077621e-144  +1.071090e-154  +3.897556e-172  +2.125985e-189  +1.456993e-184  +1.310536e-128  +1.637113e-83  +2.840189e-49  +7.032908e-26  +1.091900e-10  +9.306846e-05  +1.028426e-06  +8.871487e-08  +2.334620e-19  +6.545808e-41  +4.300671e-37  +1.466475e-38  +1.128431e-47  +1.226874e-67  +6.107875e-94  +2.472636e-129  +1.390212e-175  +1.085524e-232 
+1.879581e-259  +5.583978e-216  +2.303904e-183  +1.320149e-161  +1.050560e-150  +1.759364e-148  +1.168334e-151  +1.084655e-165  +1.749133e-189  +4.363132e-205  +4.336313e-215  +7.032385e-236  +5.628168e-245  +3.645195e-178  +3.278781e-122  +4.095832e-77  +7.105747e-43  +1.712112e-19  +5.802088e-07  +1.383335e-04  +3.660279e-09  +1.868812e-18  +2.238801e-30  +3.803344e-53  +4.582293e-69  +6.848378e-71  +5.269643e-80  +5.631514e-100  +9.551493e-131  +4.831385e-167  +2.716382e-213  +2.121043e-270 
+6.121473e-321  +1.818955e-277  +7.504860e-245  +4.300323e-223  +3.422158e-212  +9.245435e-210  +6.155083e-213  +5.714243e-227  +7.367650e-252  +3.758225e-276  +2.438110e-286  +3.365665e-307  +1.955548e-249  +1.266549e-182  +1.139236e-126  +1.423126e-81  +2.468943e-47  +5.948665e-24  +1.994915e-11  +1.596303e-09  +1.420319e-16  +8.766042e-34  +6.936425e-52  +1.153181e-74  +2.664185e-108  +4.441687e-114  +3.417632e-123  +3.652324e-143  +5.420650e-174  +2.428349e-215  +7.371211e-262  +5.755667e-319 
+0.000000e+00  +0.000000e+00  +3.395149e-317  +1.945438e-295  +1.548167e-284  +6.753885e-282  +4.503383e-285  +4.180841e-299  +4.940656e-324  +0.000000e+00  +0.000000e+00  +0.000000e+00  +9.436428e-265  +6.111691e-198  +5.497346e-142  +6.867248e-97  +1.191380e-62  +2.870492e-39  +9.608751e-27  +5.025985e-25  +1.213742e-32  +3.467291e-50  +1.420193e-78  +4.967053e-107  +1.146810e-140  +4.000982e-168  +3.078275e-177  +3.289663e-197  +4.882399e-228  +1.006364e-269  +3.068148e-321  +0.000000e+00 
+0.000000e+00  +0.000000e+00  +0.000000e+00  +0.000000e+00  +0.000000e+00  +0.000000e+00  +0.000000e+00  +0.000000e+00  +0.000000e+00  +0.000000e+00  +0.000000e+00  +0.000000e+00  +6.323898e-291  +4.095799e-224  +3.684091e-168  +4.602141e-123  +7.984129e-89  +1.923681e-65  +6.437328e-53  +3.056729e-51  +1.571794e-59  +4.035823e-77  +1.639259e-105  +9.251517e-145  +6.860229e-184  +2.199779e-228  +3.850592e-242  +4.115015e-262  +6.107357e-293  +0.000000e+00  +0.000000e+00  +0.000000e+00 
+0.000000e+00  +0.000000e+00  +0.000000e+00  +0.000000e+00  +0.000000e+00  +0.000000e+00  +0.000000e+00  +0.000000e+00  +0.000000e+00  +0.000000e+00  +0.000000e+00  +0.000000e+00  +0.000000e+00  +3.812008e-261  +3.428826e-205  +4.283267e-160  +7.430922e-126  +1.790393e-102  +5.990965e-90  +2.794600e-88  +4.024737e-97  +6.534968e-115  +2.648966e-143  +1.494900e-182  +1.171633e-232  +1.827487e-282  +6.689372e-318  +0.000000e+00  +0.000000e+00  +0.000000e+00  +0.000000e+00  +0.000000e+00 
+0.000000e+00  +0.000000e+00  +0.000000e+00  +0.000000e+00  +0.000000e+00  +0.000000e+00  +0.000000e+00  +0.000000e+00  +0.000000e+00  +0.000000e+00  +0.000000e+00  +0.000000e+00  +0.000000e+00  +4.927277e-309  +4.431989e-253  +5.536410e-208  +9.604966e-174  +2.314203e-150  +7.743651e-138  +3.600913e-136  +2.822449e-145  +1.483788e-163  +5.945056e-192  +3.354874e-231  +2.629380e-281  +0.000000e+00  +0.000000e+00  +0.000000e+00  +0.000000e+00  +0.000000e+00  +0.000000e+00  +0.000000e+00 
