+0.000000e+00  +0.000000e+00  +0.000000e+00  +0.000000e+00  +0.000000e+00  +0.000000e+00  +2.432735e-302  +1.644918e-247  +2.968908e-201  +7.444457e-166  +2.592431e-141  +1.253774e-127  +8.421111e-125  +7.887318e-133  +2.432035e-136  +1.038211e-116  +6.194469e-108  +5.304402e-107  +9.432645e-102  +2.331788e-107  +1.799120e-123  +2.968355e-119  +2.962458e-114  +4.106072e-120  +7.903852e-137  +2.113369e-164  +6.030352e-200  +1.199287e-242  +3.316705e-296  +0.000000e+00  +0.000000e+00  +0.000000e+00 
+0.000000e+00  +0.000000e+00  +0.000000e+00  +0.000000e+00  +0.000000e+00  +4.624771e-313  +7.597065e-251  +1.739607e-199  +1.164009e-155  +2.917345e-120  +1.015926e-95  +4.913309e-82  +3.300078e-79  +4.129391e-87  +4.662277e-90  +6.876267e-75  +4.102715e-66  +1.710272e-66  +2.983744e-61  +7.375952e-67  +1.223652e-79  +6.875321e-76  +6.861663e-71  +9.510507e-77  +1.830699e-93  +4.505696e-120  +5.758817e-152  +1.146777e-194  +3.171486e-248  +1.218104e-312  +0.000000e+00  +0.000000e+00 
+0.000000e+00  +0.000000e+00  +0.000000e+00  +0.000000e+00  +0.000000e+00  +2.016244e-272  +3.312064e-210  +7.556006e-159  +2.400330e-118  +1.588798e-85  +5.529103e-61  +2.674033e-47  +1.796045e-44  +4.965982e-51  +1.957556e-52  +6.324968e-44  +3.773782e-35  +1.052581e-36  +1.310773e-31  +3.254211e-37  +5.412582e-45  +2.211608e-43  +2.207214e-38  +3.059277e-44  +6.405452e-61  +5.333603e-83  +7.647636e-115  +1.522905e-157  +4.211693e-211  +2.789473e-274  +1.482197e-323  +0.000000e+00 
+0.000000e+00  +0.000000e+00  +0.000000e+00  +0.000000e+00  +1.032087e-315  +1.220770e-242  +2.005347e-180  +4.574916e-129  +1.449488e-88  +6.389996e-59  +4.183023e-37  +2.021145e-23  +1.357589e-20  +3.287739e-25  +1.143189e-25  +8.166182e-24  +4.821718e-15  +7.627420e-17  +7.997082e-13  +1.777815e-17  +6.226103e-21  +9.881478e-22  +9.860469e-17  +1.367977e-22  +9.530184e-36  +9.836741e-57  +1.410454e-88  +2.808697e-131  +3.646811e-177  +4.492223e-217  +4.642355e-266  +0.000000e+00 
+0.000000e+00  +0.000000e+00  +0.000000e+00  +0.000000e+00  +2.852566e-295  +1.026509e-223  +1.686235e-161  +3.846908e-110  +1.218831e-69  +5.363063e-40  +3.281791e-21  +2.125397e-10  +1.431453e-07  +7.096853e-10  +9.293229e-10  +3.926930e-10  +9.233964e-06  +4.162052e-06  +6.777079e-05  +2.515678e-06  +1.033740e-07  +5.927156e-10  +6.118130e-06  +3.367432e-10  +2.440350e-20  +2.519540e-41  +4.173401e-73  +1.828983e-101  +2.963578e-132  +2.205238e-170  +2.278937e-219  +3.270750e-279 
+0.000000e+00  +0.000000e+00  +0.000000e+00  +0.000000e+00  +3.180728e-260  +2.693550e-197  +3.167828e-145  +4.546896e-102  +1.423409e-61  +6.262987e-32  +3.828293e-13  +3.491333e-05  +1.101170e-04  +1.066955e-04  +1.063478e-04  +1.351577e-04  +2.314738e-04  +1.390601e-04  +9.376768e-05  +9.568496e-05  +2.737312e-04  +1.355929e-04  +8.287836e-05  +1.366442e-05  +9.070497e-16  +7.657364e-31  +1.797923e-47  +3.770925e-69  +2.020451e-96  +1.503444e-134  +1.553690e-183  +4.331259e-243 
+0.000000e+00  +0.000000e+00  +0.000000e+00  +8.331302e-310  +5.080113e-236  +4.302014e-173  +5.059508e-121  +8.263856e-80  +1.876213e-49  +4.307435e-29  +8.627662e-12  +5.623643e-05  +4.435873e-05  +2.615806e-05  +1.116553e-04  +2.249129e-04  +5.897054e-05  +2.279993e-05  +2.665172e-04  +2.093063e-04  +1.758079e-04  +2.231994e-05  +1.735431e-04  +1.585180e-05  +2.071899e-09  +3.409856e-15  +9.255344e-28  +3.570402e-44  +1.913021e-71  +1.430434e-109  +1.559976e-153  +5.786875e-206 
+0.000000e+00  +0.000000e+00  +0.000000e+00  +1.847981e-296  +1.126829e-222  +9.542377e-160  +1.122259e-107  +1.833021e-66  +4.157955e-36  +1.310842e-16  +2.054784e-07  +1.008216e-04  +9.521533e-06  +1.329322e-05  +1.603604e-04  +1.932820e-04  +2.857976e-04  +8.054453e-05  +1.465941e-04  +6.331573e-05  +2.732400e-04  +7.733824e-05  +1.978447e-04  +8.240101e-05  +1.285788e-04  +5.127174e-08  +1.216993e-13  +4.756475e-30  +1.171097e-54  +2.234012e-85  +5.968508e-127  +2.215103e-179 
+0.000000e+00  +0.000000e+00  +0.000000e+00  +5.692726e-294  +3.471209e-220  +2.939539e-157  +3.457130e-105  +5.646639e-64  +1.280862e-33  +4.035085e-14  +1.766494e-05  +1.234438e-04  +7.954934e-05  +1.417596e-04  +1.866063e-04  +1.613163e-04  +7.268040e-05  +2.515799e-04  +2.078653e-05  +4.254178e-05  +2.300758e-04  +1.155558e-04  +1.383479e-04  +3.661093e-05  +1.113064e-04  +1.010772e-04  +1.144437e-08  +4.491638e-19  +6.282266e-39  +1.235575e-69  +3.464290e-111  +1.421918e-163 
+0.000000e+00  +0.000000e+00  +0.000000e+00  +2.435460e-302  +1.485051e-228  +1.257592e-165  +1.479028e-113  +2.415743e-72  +5.479779e-42  +1.726414e-22  +1.565231e-10  +7.308842e-05  +2.885178e-04  +1.278332e-04  +3.499156e-04  +1.381150e-04  +2.692066e-04  +7.823854e-05  +6.343755e-05  +9.446352e-05  +2.131527e-04  +2.051944e-04  +1.836736e-04  +2.101505e-04  +5.752673e-07  +1.478957e-04  +6.354855e-05  +1.018704e-13  +2.946689e-33  +5.328002e-63  +7.353407e-103  +1.713119e-153 
+0.000000e+00  +0.000000e+00  +0.000000e+00  +1.693163e-320  +3.588641e-243  +1.155106e-176  +5.163711e-121  +3.205828e-76  +2.764117e-42  +3.309940e-19  +5.522362e-07  +5.295537e-05  +1.120442e-04  +1.638895e-04  +1.415654e-04  +1.355895e-04  +5.329443e-05  +9.530228e-05  +1.748910e-04  +1.124451e-04  +2.152180e-04  +2.232419e-04  +1.850809e-05  +3.129659e-05  +2.486159e-11  +1.060815e-05  +8.128885e-05  +4.927424e-12  +4.318302e-30  +5.255912e-59  +8.884258e-99  +2.085606e-149 
+0.000000e+00  +0.000000e+00  +0.000000e+00  +1.482197e-323  +3.010971e-246  +9.691899e-180  +4.332605e-124  +2.689847e-79  +2.319393e-45  +2.806303e-22  +1.179780e-09  +7.986691e-06  +2.956995e-04  +1.375425e-04  +2.332447e-04  +1.500338e-04  +7.382913e-05  +3.537495e-07  +2.947652e-05  +1.888113e-04  +1.468334e-04  +6.328306e-05  +2.768920e-04  +1.535433e-04  +4.758644e-05  +7.510052e-05  +2.035586e-07  +9.183230e-19  +7.303250e-37  +8.888949e-66  +1.502531e-105  +3.527236e-156 
+0.000000e+00  +0.000000e+00  +0.000000e+00  +0.000000e+00  +3.508582e-260  +1.129364e-193  +5.048646e-138  +3.135098e-93  +2.793380e-59  +1.934354e-35  +1.905652e-17  +4.622341e-06  +3.206257e-04  +1.278293e-04  +1.676586e-04  +2.179678e-04  +5.823042e-05  +9.416782e-05  +7.266220e-05  +6.861603e-05  +1.713533e-04  +3.052621e-04  +1.632543e-05  +6.686788e-05  +1.637073e-07  +8.284068e-08  +2.611749e-14  +9.273831e-29  +4.861067e-52  +2.091327e-83  +3.529098e-123  +8.284662e-174 
+0.000000e+00  +0.000000e+00  +0.000000e+00  +3.191103e-316  +1.368800e-248  +8.154127e-192  +6.746099e-146  +2.182017e-109  +3.279261e-67  +7.096431e-36  +2.132777e-15  +9.182904e-06  +3.046036e-04  +3.313178e-05  +1.081703e-04  +1.404232e-04  +1.005306e-04  +3.323403e-05  +1.583475e-04  +1.144661e-04  +1.358747e-04  +6.901268e-05  +1.772334e-05  +1.019684e-05  +6.427196e-05  +6.348838e-09  +8.876699e-24  +2.254924e-45  +8.305266e-72  +5.933267e-106  +7.135685e-151  +2.702505e-202 
+0.000000e+00  +0.000000e+00  +2.996593e-316  +1.518410e-269  +3.208532e-216  +1.911365e-159  +1.581317e-113  +1.816905e-78  +2.900562e-54  +1.203806e-36  +1.624669e-16  +9.136021e-06  +1.079224e-04  +5.178087e-05  +4.107770e-04  +6.577799e-05  +1.945226e-04  +3.355640e-05  +8.542762e-06  +9.594502e-05  +1.694422e-04  +1.267797e-04  +1.188447e-04  +6.317988e-05  +1.145644e-04  +1.736846e-09  +3.793825e-25  +1.226072e-51  +7.505894e-89  +3.040191e-136  +1.401753e-181  +1.963678e-237 
+0.000000e+00  +1.648562e-314  +1.491974e-257  +1.875319e-211  +6.604282e-174  +6.222324e-138  +5.147817e-92  +5.914749e-57  +9.438165e-33  +2.258836e-19  +2.945316e-10  +1.543220e-05  +1.179297e-04  +1.473560e-04  +1.027044e-04  +1.044252e-04  +1.829031e-04  +1.123708e-04  +3.184834e-04  +1.067757e-04  +2.544097e-05  +5.416092e-05  +5.898068e-05  +3.974210e-06  +3.355675e-11  +5.213927e-16  +1.125112e-31  +3.371819e-58  +1.403366e-95  +8.111767e-144  +6.511757e-203  +7.259735e-273 
+0.000000e+00  +1.139927e-266  +1.031651e-209  +1.296662e-163  +2.270388e-128  +7.295645e-100  +1.078568e-79  +2.674105e-46  +4.267068e-22  +9.456429e-09  +4.353456e-05  +2.788442e-05  +4.116336e-04  +2.012972e-04  +1.094842e-04  +1.169077e-04  +4.955573e-05  +1.152636e-04  +5.101788e-05  +1.075979e-04  +1.326306e-04  +2.964895e-06  +5.325931e-07  +4.054676e-12  +4.102873e-24  +2.178606e-33  +4.701207e-49  +1.408893e-75  +5.863874e-113  +3.389449e-161  +2.720894e-220  +3.033417e-290 
+1.679843e-297  +1.094679e-229  +9.907007e-173  +1.245192e-126  +2.173542e-91  +6.348875e-67  +1.561963e-47  +3.138434e-38  +2.681103e-22  +6.306818e-09  +1.250120e-04  +8.024720e-05  +1.549981e-04  +2.262349e-05  +9.235544e-05  +7.480901e-05  +2.110788e-04  +2.868852e-04  +3.135276e-07  +1.732125e-04  +1.262101e-04  +9.273929e-10  +1.259747e-19  +1.782893e-25  +1.252101e-40  +1.284881e-61  +2.728105e-77  +8.175790e-104  +3.402799e-141  +1.966893e-189  +1.578932e-248  +1.760287e-318 
+2.240353e-271  +1.459937e-203  +1.321265e-146  +1.660672e-100  +2.898782e-65  +7.027269e-41  +3.447326e-26  +6.450381e-17  +8.868609e-13  +6.301676e-07  +1.417836e-05  +8.381728e-05  +2.559903e-04  +2.041620e-04  +2.646196e-04  +3.019573e-04  +3.083661e-04  +2.097142e-04  +9.560605e-05  +1.571756e-04  +5.812429e-06  +2.476961e-06  +4.394022e-12  +2.623849e-27  +2.176033e-53  +3.375076e-90  +2.198623e-116  +6.588998e-143  +2.742369e-180  +1.585150e-228  +1.272486e-287  +0.000000e+00 
+4.149559e-256  +2.704081e-188  +2.447234e-131  +3.075880e-85  +5.369094e-50  +1.301580e-25  +4.382977e-12  +1.843499e-06  +5.909309e-08  +4.300125e-05  +9.395404e-05  +2.026084e-04  +4.781626e-04  +7.514420e-05  +1.587902e-04  +1.461371e-04  +4.348724e-04  +3.840423e-04  +3.833309e-04  +2.133603e-05  +5.774621e-06  +5.382798e-05  +2.312202e-09  +1.380748e-24  +1.145094e-50  +1.318881e-87  +2.109640e-135  +7.843394e-193  +3.069400e-230  +1.774182e-278  +0.000000e+00  +0.000000e+00 
+1.067396e-251  +6.955738e-184  +6.295048e-127  +7.912119e-81  +1.381098e-45  +3.348067e-21  +1.127202e-07  +5.349668e-05  +5.548088e-05  +1.471008e-04  +3.715702e-04  +2.437937e-04  +4.673671e-04  +3.949670e-04  +4.559634e-04  +1.708651e-04  +3.431625e-04  +3.590814e-04  +2.287248e-04  +1.456387e-06  +2.274607e-14  +3.929964e-13  +1.689815e-17  +1.009086e-32  +8.368637e-59  +9.638720e-96  +1.541778e-143  +3.425015e-202  +1.056674e-271  +0.000000e+00  +0.000000e+00  +0.000000e+00 
+3.813176e-258  +2.484876e-190  +2.248850e-133  +2.826534e-87  +4.933850e-52  +1.196067e-27  +4.026829e-14  +1.893046e-11  +4.436299e-05  +1.893087e-04  +3.190760e-04  +3.492675e-04  +5.666213e-04  +3.209580e-04  +4.163228e-04  +4.959097e-04  +3.549526e-04  +1.421868e-04  +2.368934e-04  +1.270439e-05  +1.105260e-14  +4.007325e-32  +1.715106e-36  +1.024188e-51  +8.493883e-78  +9.782974e-115  +1.564853e-162  +3.476274e-221  +1.072488e-290  +0.000000e+00  +0.000000e+00  +0.000000e+00 
+1.891848e-275  +1.232832e-207  +1.115732e-150  +1.402341e-104  +2.447853e-69  +5.934102e-45  +1.997850e-31  +3.775705e-17  +3.708273e-07  +5.579778e-07  +9.420694e-05  +8.802985e-05  +5.681705e-04  +4.872967e-04  +2.669469e-04  +2.739844e-04  +9.651262e-05  +9.249760e-05  +1.062026e-04  +1.657861e-07  +1.740778e-16  +2.934168e-36  +3.106661e-66  +1.443674e-81  +1.197280e-107  +1.378988e-144  +2.205784e-192  +4.900084e-251  +1.511841e-320  +0.000000e+00  +0.000000e+00  +0.000000e+00 
+1.303537e-303  +8.494569e-236  +7.687713e-179  +9.662532e-133  +1.686641e-97  +4.088767e-73  +2.556459e-49  +1.844208e-28  +1.848105e-18  +6.195372e-10  +2.146324e-04  +1.366832e-04  +1.347458e-04  +4.029081e-04  +3.442185e-04  +1.886054e-04  +2.113136e-04  +6.855132e-08  +4.464262e-12  +1.018106e-16  +3.821206e-29  +6.447567e-49  +1.514275e-79  +5.221938e-121  +2.343814e-148  +2.699528e-185  +4.318078e-233  +9.592482e-292  +0.000000e+00  +0.000000e+00  +0.000000e+00  +0.000000e+00 
+0.000000e+00  +8.128617e-275  +7.356521e-218  +9.246263e-172  +1.049874e-134  +4.519952e-88  +2.744710e-52  +2.315066e-27  +9.660681e-13  +1.941293e-05  +9.470011e-05  +8.176433e-05  +2.204471e-04  +1.558397e-04  +3.087259e-04  +2.313894e-04  +3.496074e-05  +9.789506e-05  +2.253455e-09  +1.455477e-22  +1.512678e-45  +1.967794e-72  +4.621423e-103  +1.507434e-144  +6.835092e-197  +7.339277e-237  +1.173967e-284  +0.000000e+00  +0.000000e+00  +0.000000e+00  +0.000000e+00  +0.000000e+00 
+0.000000e+00  +0.000000e+00  +2.562334e-255  +5.808776e-187  +1.828822e-129  +7.996431e-83  +4.855779e-47  +4.095053e-22  +4.796331e-08  +8.208538e-05  +1.496583e-04  +5.158883e-05  +2.036224e-04  +3.507058e-05  +7.593791e-06  +9.839921e-05  +1.382939e-04  +8.214206e-05  +8.048375e-07  +6.056905e-19  +6.330422e-42  +9.188666e-76  +1.852295e-120  +5.192072e-176  +2.894332e-231  +1.820932e-294  +0.000000e+00  +0.000000e+00  +0.000000e+00  +0.000000e+00  +0.000000e+00  +0.000000e+00 
+0.000000e+00  +0.000000e+00  +6.295586e-261  +1.427200e-192  +4.493366e-135  +1.964701e-88  +1.193063e-52  +1.021659e-27  +3.129502e-12  +8.119785e-06  +1.869397e-05  +1.242023e-04  +9.990891e-05  +5.757920e-06  +8.916810e-05  +7.267847e-05  +4.083846e-06  +1.814131e-12  +4.677771e-14  +3.520325e-26  +3.679295e-49  +5.340531e-83  +1.076570e-127  +3.013963e-183  +1.171849e-249  +0.000000e+00  +0.000000e+00  +0.000000e+00  +0.000000e+00  +0.000000e+00  +0.000000e+00  +0.000000e+00 
+0.000000e+00  +0.000000e+00  +2.148199e-277  +4.869936e-209  +1.533245e-151  +6.742520e-105  +4.282515e-68  +5.416951e-40  +1.051415e-22  +2.836113e-16  +4.722588e-15  +1.469379e-10  +1.112332e-08  +8.292030e-10  +6.145335e-10  +2.655656e-10  +3.872855e-13  +4.585810e-24  +3.775799e-32  +2.841533e-44  +2.969850e-67  +4.310765e-101  +8.689847e-146  +2.432808e-201  +9.458919e-268  +0.000000e+00  +0.000000e+00  +0.000000e+00  +0.000000e+00  +0.000000e+00  +0.000000e+00  +0.000000e+00 
+0.000000e+00  +0.000000e+00  +1.018008e-304  +2.312745e-236  +3.303030e-178  +1.867358e-128  +1.878991e-89  +2.626234e-61  +5.097769e-44  +1.380168e-37  +2.014844e-33  +4.942050e-26  +3.411639e-23  +2.824784e-24  +6.167108e-26  +1.440907e-26  +5.102671e-31  +6.040086e-42  +4.242625e-61  +3.185375e-73  +3.329219e-96  +4.832393e-130  +9.741369e-175  +2.727192e-230  +1.060350e-296  +0.000000e+00  +0.000000e+00  +0.000000e+00  +0.000000e+00  +0.000000e+00  +0.000000e+00  +0.000000e+00 
+0.000000e+00  +0.000000e+00  +0.000000e+00  +3.326352e-271  +1.734862e-210  +1.257181e-160  +1.265227e-121  +1.768387e-93  +3.432608e-76  +9.535271e-70  +4.093787e-61  +1.995910e-51  +1.455412e-48  +1.336808e-49  +8.596138e-53  +1.087541e-53  +9.457221e-60  +1.104863e-70  +1.816914e-92  +4.959140e-113  +5.183084e-136  +7.523294e-170  +1.516582e-214  +4.245820e-270  +0.000000e+00  +0.000000e+00  +0.000000e+00  +0.000000e+00  +0.000000e+00  +0.000000e+00  +0.000000e+00  +0.000000e+00 
+0.000000e+00  +0.000000e+00  +0.000000e+00  +3.109222e-314  +1.622358e-253  +1.175654e-203  +1.183179e-164  +1.653710e-136  +3.210008e-119  +1.051684e-112  +1.189586e-99  +1.164626e-87  +8.636838e-85  +8.786061e-86  +1.664136e-90  +1.140016e-91  +3.695332e-99  +2.806799e-110  +4.615698e-132  +1.177650e-163  +1.120655e-186  +1.626641e-220  +3.279062e-265  +9.179740e-321  +0.000000e+00  +0.000000e+00  +0.000000e+00  +0.000000e+00  +0.000000e+00  +0.000000e+00  +0.000000e+00  +0.000000e+00 
+0.000000e+00  +0.000000e+00  +0.000000e+00  +0.000000e+00  +2.107010e-307  +1.526861e-257  +1.536634e-218  +2.147728e-190  +4.168943e-173  +9.428240e-166  +2.533412e-148  +9.439647e-135  +7.130708e-132  +8.019687e-133  +4.474382e-139  +1.659642e-140  +2.012461e-148  +9.902675e-161  +1.628465e-182  +3.719140e-215  +3.365067e-248  +4.884426e-282  +0.000000e+00  +0.000000e+00  +0.000000e+00  +0.000000e+00  +0.000000e+00  +0.000000e+00  +0.000000e+00  +0.000000e+00  +0.000000e+00  +0.000000e+00 
