+0.000000e+00  +0.000000e+00  +0.000000e+00  +0.000000e+00  +0.000000e+00  +0.000000e+00  +0.000000e+00  +0.000000e+00  +0.000000e+00  +0.000000e+00  +0.000000e+00  +2.725822e-280  +1.357373e-218  +9.387259e-168  +9.016052e-128  +1.202630e-98  +2.227848e-80  +5.731615e-73  +2.047889e-76  +1.016187e-90  +7.002919e-116  +6.702278e-152  +8.908481e-199  +2.517334e-208  +1.138964e-213  +7.156769e-230  +6.245497e-257  +1.029434e-292  +0.000000e+00  +0.000000e+00  +0.000000e+00  +0.000000e+00 
+0.000000e+00  +0.000000e+00  +0.000000e+00  +0.000000e+00  +0.000000e+00  +0.000000e+00  +0.000000e+00  +0.000000e+00  +0.000000e+00  +0.000000e+00  +1.760848e-317  +3.416758e-247  +1.519568e-185  +1.050823e-134  +1.009270e-94  +1.346241e-65  +2.493884e-47  +6.416051e-40  +2.292436e-43  +1.137535e-57  +7.839167e-83  +7.502624e-119  +9.337247e-153  +3.041936e-147  +1.376319e-152  +8.648209e-169  +8.066301e-196  +7.374852e-228  +1.454380e-269  +4.001932e-322  +0.000000e+00  +0.000000e+00 
+0.000000e+00  +0.000000e+00  +0.000000e+00  +0.000000e+00  +0.000000e+00  +0.000000e+00  +0.000000e+00  +0.000000e+00  +0.000000e+00  +0.000000e+00  +3.578570e-288  +7.462792e-219  +2.163739e-160  +2.503004e-112  +1.569533e-72  +2.092915e-43  +3.877083e-25  +9.974624e-18  +3.563904e-21  +1.768452e-35  +1.218705e-60  +1.166385e-96  +1.566989e-102  +5.105016e-97  +2.309757e-102  +1.451405e-118  +5.218169e-143  +7.391796e-174  +1.457723e-215  +3.992438e-268  +0.000000e+00  +0.000000e+00 
+0.000000e+00  +0.000000e+00  +0.000000e+00  +0.000000e+00  +0.000000e+00  +0.000000e+00  +0.000000e+00  +0.000000e+00  +0.000000e+00  +0.000000e+00  +1.014937e-269  +2.116559e-200  +6.129992e-142  +2.465627e-94  +1.377652e-57  +1.520378e-31  +8.382404e-14  +2.153593e-06  +7.694717e-10  +3.818212e-24  +2.631649e-49  +3.443540e-76  +3.652171e-63  +1.189823e-57  +5.383334e-63  +4.091338e-79  +7.245996e-100  +1.028928e-130  +2.029132e-172  +5.557422e-225  +2.113851e-288  +0.000000e+00 
+0.000000e+00  +0.000000e+00  +0.000000e+00  +0.000000e+00  +0.000000e+00  +0.000000e+00  +0.000000e+00  +0.000000e+00  +0.000000e+00  +0.000000e+00  +3.997665e-262  +8.336771e-193  +2.414500e-134  +9.711687e-87  +5.425004e-50  +4.208655e-24  +4.534701e-09  +7.433144e-05  +4.888209e-09  +4.098617e-19  +2.651071e-31  +3.221774e-49  +1.182189e-34  +3.851281e-29  +1.742692e-34  +1.371099e-47  +1.400784e-67  +1.989107e-98  +3.922685e-140  +1.074352e-192  +4.140363e-256  +9.881313e-324 
+0.000000e+00  +0.000000e+00  +0.000000e+00  +0.000000e+00  +0.000000e+00  +0.000000e+00  +0.000000e+00  +0.000000e+00  +3.922698e-318  +4.807781e-309  +2.186813e-265  +4.560403e-196  +1.320787e-137  +5.312513e-90  +2.967600e-53  +2.302230e-27  +2.481268e-12  +6.456223e-06  +7.611827e-06  +3.975861e-08  +1.145080e-19  +1.990332e-27  +6.957059e-17  +1.731276e-11  +1.282912e-16  +3.678179e-26  +3.760816e-46  +5.340345e-77  +1.055520e-118  +2.415002e-165  +3.738322e-220  +6.462629e-283 
+0.000000e+00  +4.446591e-323  +3.408479e-294  +3.585271e-276  +1.535446e-265  +2.024741e-256  +1.497329e-250  +5.370668e-255  +2.450585e-242  +3.003512e-233  +5.112424e-235  +3.464547e-210  +1.003404e-151  +4.035927e-104  +2.254494e-67  +3.535604e-40  +7.917464e-18  +2.592435e-06  +1.527522e-05  +2.424528e-05  +1.966087e-10  +2.057356e-16  +1.268365e-06  +1.082974e-04  +1.863308e-06  +1.371456e-15  +1.402862e-35  +2.832247e-61  +2.099102e-94  +1.350883e-136  +2.018923e-187  +4.257739e-249 
+1.737698e-292  +9.476755e-253  +7.177662e-224  +7.549955e-206  +4.478295e-197  +4.367641e-188  +6.600675e-183  +2.367551e-187  +2.126143e-177  +2.605865e-168  +4.435571e-170  +1.048540e-182  +1.106063e-176  +4.168151e-123  +5.090205e-79  +8.633074e-46  +2.034995e-23  +1.567746e-10  +2.050517e-05  +1.923943e-04  +1.533863e-05  +2.504463e-15  +1.648094e-06  +1.298597e-04  +4.212596e-06  +2.422547e-11  +6.558521e-23  +1.762432e-44  +1.113752e-73  +1.217882e-113  +1.852882e-164  +4.049189e-226 
+5.081999e-233  +2.771533e-193  +2.099149e-164  +2.208029e-146  +4.951884e-139  +1.640801e-130  +4.041081e-126  +1.449467e-130  +2.561845e-123  +3.139876e-114  +5.344536e-116  +1.263414e-128  +2.414476e-136  +1.802102e-114  +1.752310e-77  +4.548397e-45  +1.642783e-23  +8.055201e-11  +4.833733e-06  +1.043866e-04  +2.326687e-04  +8.711823e-06  +1.765934e-06  +1.682476e-04  +1.977446e-04  +3.708575e-06  +3.180250e-14  +1.852876e-32  +2.224298e-61  +1.850440e-100  +4.967399e-150  +2.002507e-210 
+2.064110e-184  +1.125689e-144  +8.525928e-116  +8.968155e-98  +1.319643e-90  +8.933349e-84  +3.435941e-80  +1.232410e-84  +4.286980e-80  +5.254253e-71  +8.943521e-73  +2.114209e-85  +1.234975e-88  +1.463502e-81  +9.993246e-57  +3.113142e-38  +1.122203e-16  +5.640551e-06  +2.614045e-04  +2.554242e-04  +2.594648e-04  +3.291625e-04  +3.708374e-04  +3.039657e-04  +2.198020e-04  +2.087215e-04  +9.410244e-11  +9.954292e-28  +1.503248e-55  +3.159750e-94  +9.345864e-144  +4.430637e-204 
+1.164311e-146  +6.349719e-107  +4.809256e-78  +5.058714e-60  +7.393805e-53  +6.801083e-48  +4.057313e-45  +1.455258e-49  +9.962952e-48  +1.221089e-38  +2.078476e-40  +5.510279e-53  +8.772657e-52  +3.988135e-51  +1.127090e-34  +1.068833e-20  +1.501513e-17  +1.557689e-08  +6.812703e-05  +1.588472e-04  +6.579067e-05  +8.982476e-05  +4.541978e-05  +1.040875e-04  +1.636665e-04  +1.215319e-04  +9.026719e-10  +1.182213e-25  +2.150467e-52  +5.433164e-90  +1.906711e-138  +9.295588e-198 
+9.121159e-120  +4.974264e-80  +3.767491e-51  +3.962972e-33  +5.809238e-26  +7.199693e-23  +6.654467e-21  +2.387926e-25  +4.030465e-26  +3.941140e-17  +6.708610e-19  +2.569746e-28  +8.654999e-26  +3.934466e-25  +1.765439e-23  +1.674192e-09  +2.371840e-06  +9.924691e-07  +1.165213e-05  +2.185678e-04  +2.127738e-04  +3.356258e-04  +1.074696e-04  +2.303097e-04  +2.169957e-04  +1.046449e-04  +1.618210e-09  +3.488544e-25  +1.044475e-51  +4.343045e-89  +2.508020e-137  +2.011440e-196 
+4.282767e-102  +6.265235e-64  +4.102331e-35  +4.313651e-17  +6.480853e-10  +1.087990e-08  +1.516736e-07  +4.059756e-11  +2.671135e-10  +1.766628e-06  +4.264587e-08  +1.535995e-13  +1.199510e-10  +5.403076e-10  +6.697592e-17  +6.233320e-08  +1.787289e-04  +1.358049e-04  +3.671664e-04  +8.578773e-05  +1.333559e-04  +1.078565e-04  +3.020639e-04  +1.900462e-04  +1.313918e-04  +2.442065e-10  +2.668756e-16  +5.753541e-32  +1.722661e-58  +7.163122e-96  +4.136594e-144  +3.317579e-203 
+1.741476e-90  +3.548366e-53  +1.005575e-26  +4.988127e-11  +1.684035e-04  +1.673502e-04  +5.009071e-05  +1.739626e-04  +1.238786e-04  +1.751045e-04  +2.740024e-04  +2.106916e-06  +8.105079e-06  +1.522137e-05  +3.491600e-06  +4.921865e-05  +1.015961e-04  +9.814735e-05  +1.441428e-04  +1.577867e-04  +4.602025e-04  +1.092326e-04  +1.899903e-04  +3.854544e-05  +2.347572e-04  +1.709563e-05  +8.040575e-16  +9.351191e-37  +1.774635e-68  +4.871053e-111  +9.494029e-162  +7.599363e-221 
+1.006773e-89  +2.051336e-52  +5.805119e-26  +2.292364e-10  +7.611737e-05  +2.696143e-04  +5.434327e-05  +1.247276e-04  +1.506277e-04  +2.893210e-04  +5.796297e-05  +1.512682e-04  +8.290761e-05  +1.453272e-04  +4.169320e-05  +2.713912e-04  +1.497097e-04  +2.755299e-04  +5.324535e-04  +3.456636e-04  +3.525804e-04  +4.225847e-04  +1.548775e-04  +3.351023e-04  +3.172331e-06  +1.845190e-07  +3.410253e-18  +2.884171e-39  +5.383859e-71  +1.480211e-113  +5.683892e-167  +3.032830e-231 
+8.083304e-100  +1.742587e-62  +1.387262e-33  +2.787458e-14  +7.816859e-06  +1.639634e-05  +3.615691e-04  +2.990444e-04  +1.542565e-04  +3.159690e-04  +1.452125e-04  +1.000761e-04  +7.354100e-05  +1.197418e-04  +4.926811e-05  +3.457138e-04  +1.396091e-04  +1.075556e-04  +2.105310e-04  +2.812978e-04  +3.012068e-04  +2.480847e-04  +3.034000e-05  +1.121617e-04  +1.094064e-04  +2.605907e-07  +2.184956e-20  +6.161139e-44  +2.288244e-77  +9.918485e-121  +6.889430e-174  +7.906568e-238 
+3.951598e-100  +5.106360e-60  +9.164981e-31  +2.292648e-12  +1.020771e-04  +2.881919e-04  +2.769783e-04  +1.595149e-04  +5.300417e-05  +1.882532e-04  +2.014098e-04  +3.131943e-04  +1.665913e-04  +1.578534e-04  +2.328344e-04  +3.368716e-04  +5.986682e-04  +4.256511e-04  +4.018460e-04  +2.683981e-04  +6.077583e-04  +2.747679e-04  +1.907543e-04  +1.175656e-04  +6.615434e-05  +3.550554e-06  +3.076054e-16  +9.349141e-37  +4.014601e-68  +2.394680e-110  +1.983773e-163  +2.282308e-227 
+5.975172e-105  +7.721203e-65  +1.385700e-35  +3.462463e-17  +6.011534e-08  +1.239562e-04  +1.871582e-04  +3.423177e-04  +2.608302e-04  +1.767094e-04  +3.739893e-04  +2.508507e-04  +2.235155e-04  +3.067179e-04  +4.009667e-04  +3.173983e-04  +3.652580e-04  +3.596785e-05  +1.135556e-04  +4.966826e-05  +2.631263e-04  +8.310203e-05  +1.677370e-04  +4.437459e-04  +2.573538e-05  +2.812983e-06  +1.402997e-16  +4.237325e-37  +3.397912e-68  +1.037815e-109  +6.968498e-162  +7.007290e-225 
+2.277822e-119  +5.693745e-75  +2.091798e-41  +1.067286e-18  +7.562770e-07  +2.354022e-05  +1.489801e-05  +3.624938e-05  +1.478099e-04  +4.758442e-04  +2.512441e-04  +1.906149e-04  +2.158286e-04  +4.169278e-04  +4.315106e-04  +2.833967e-04  +2.989702e-04  +1.828583e-04  +9.833297e-05  +3.144512e-04  +2.331900e-04  +2.449355e-04  +3.351025e-04  +4.047129e-05  +2.926592e-06  +3.963172e-05  +7.787257e-14  +2.126477e-33  +8.064460e-64  +4.247446e-105  +3.106836e-157  +3.156071e-220 
+4.272694e-122  +1.130282e-77  +4.152502e-44  +2.118706e-21  +1.503703e-09  +5.216904e-05  +5.336769e-05  +2.197928e-04  +2.270194e-04  +1.206730e-04  +2.571265e-04  +1.810183e-04  +1.636159e-04  +2.104890e-04  +1.341721e-04  +2.574441e-04  +4.987953e-05  +1.222709e-05  +1.027933e-04  +9.497490e-05  +7.024491e-05  +2.672878e-04  +5.247963e-05  +1.038546e-04  +1.935161e-05  +3.555638e-07  +1.074527e-18  +1.372972e-39  +5.051229e-70  +2.660296e-111  +1.945899e-163  +1.976737e-226 
+1.177958e-135  +3.116125e-91  +1.145205e-57  +2.457823e-32  +2.175467e-14  +4.760044e-07  +3.492470e-05  +1.344462e-04  +1.233827e-04  +8.022800e-05  +3.871628e-05  +3.474550e-05  +1.640788e-04  +2.439969e-04  +6.905748e-05  +1.680583e-04  +7.950400e-05  +5.353161e-07  +2.381832e-09  +4.483865e-05  +1.661882e-04  +2.777870e-07  +9.554501e-05  +1.750575e-05  +1.200268e-11  +6.723459e-17  +1.939758e-28  +7.772164e-51  +4.329264e-84  +5.656315e-128  +1.696211e-180  +1.719453e-243 
+4.510523e-160  +1.083481e-113  +4.929125e-74  +3.149081e-45  +4.774613e-24  +4.816298e-09  +2.114826e-04  +1.275532e-04  +2.271826e-04  +3.700627e-05  +1.939313e-04  +8.032836e-05  +5.526186e-05  +1.113712e-04  +3.652348e-06  +1.952301e-04  +3.267913e-06  +1.002478e-09  +7.875012e-21  +3.828025e-10  +2.907294e-05  +2.313271e-05  +9.629334e-10  +5.152769e-09  +3.845984e-19  +1.863614e-37  +5.094364e-49  +2.041192e-71  +1.135836e-104  +8.777792e-149  +9.421116e-204  +1.425002e-269 
+5.771114e-188  +1.141715e-133  +1.685275e-86  +3.455373e-50  +9.839155e-25  +3.891066e-10  +2.043309e-05  +9.338982e-05  +1.170073e-04  +2.935249e-04  +1.250526e-04  +7.617704e-05  +2.073469e-06  +1.952511e-05  +1.207196e-07  +2.543204e-06  +3.202412e-11  +9.331220e-21  +4.935017e-26  +9.042602e-12  +4.763076e-05  +1.226000e-04  +3.463463e-09  +5.175304e-23  +3.752608e-33  +3.884082e-54  +1.858111e-80  +7.444992e-103  +4.142819e-136  +3.201590e-180  +3.436160e-235  +5.121757e-301 
+1.067941e-200  +7.055530e-141  +6.497124e-92  +8.309520e-54  +1.475941e-26  +3.640885e-10  +1.439387e-04  +3.350112e-04  +5.205282e-05  +1.762503e-04  +4.520175e-06  +2.930550e-06  +1.207946e-04  +8.676727e-05  +2.261994e-10  +2.637113e-16  +2.839010e-25  +5.129971e-39  +1.700505e-22  +2.633219e-08  +6.192714e-05  +1.035376e-06  +3.408441e-14  +1.378633e-29  +7.796139e-56  +5.271104e-79  +7.576944e-111  +3.771226e-145  +2.098526e-178  +1.621751e-222  +1.740571e-277  +0.000000e+00 
+2.062994e-205  +1.367972e-145  +1.259779e-96  +1.611200e-58  +2.861822e-31  +7.060079e-15  +2.221366e-07  +1.157742e-06  +1.753536e-05  +1.540343e-04  +5.824961e-05  +1.459892e-04  +6.522032e-05  +5.536965e-07  +1.436248e-13  +5.778785e-30  +1.208838e-46  +7.299065e-55  +8.138390e-30  +2.277788e-15  +1.298308e-05  +8.598035e-05  +1.727128e-11  +4.950574e-29  +1.970720e-57  +1.089512e-96  +2.264580e-146  +2.850863e-189  +1.476287e-231  +1.140881e-275  +0.000000e+00  +0.000000e+00 
+5.555324e-221  +3.683737e-161  +3.392391e-112  +4.338714e-74  +7.706589e-47  +4.078145e-29  +1.466168e-17  +7.678585e-17  +5.637240e-12  +1.272525e-08  +5.880848e-06  +1.619872e-06  +5.072935e-11  +2.976407e-17  +1.688376e-27  +5.128687e-44  +2.865974e-71  +5.421626e-73  +3.770216e-42  +3.461874e-21  +4.507497e-11  +1.380855e-08  +2.848363e-15  +8.164445e-33  +3.250094e-61  +1.796814e-100  +1.379585e-150  +1.471064e-211  +2.178477e-283  +0.000000e+00  +0.000000e+00  +0.000000e+00 
+2.077585e-247  +1.377648e-187  +1.268689e-138  +1.622603e-100  +1.615235e-72  +3.603255e-50  +1.358775e-38  +7.644328e-38  +2.548359e-29  +3.378165e-19  +3.176803e-16  +2.438989e-18  +1.391851e-24  +6.238315e-36  +3.328205e-49  +6.386889e-69  +3.532475e-96  +2.696847e-90  +1.783052e-58  +1.637249e-37  +4.214762e-27  +3.160939e-23  +6.523857e-30  +1.869975e-47  +7.443977e-76  +4.115402e-115  +3.159784e-165  +3.369307e-226  +4.989553e-298  +0.000000e+00  +0.000000e+00  +0.000000e+00 
+1.079062e-284  +7.155262e-225  +6.589359e-176  +1.716333e-137  +1.707978e-104  +4.637637e-82  +1.748837e-70  +3.253989e-67  +3.775512e-54  +2.555004e-40  +2.403036e-37  +5.116187e-41  +2.919149e-47  +1.157138e-63  +3.863974e-81  +7.421874e-103  +6.048778e-132  +1.771302e-117  +1.171117e-85  +1.075972e-64  +6.902672e-53  +1.005445e-48  +2.075159e-55  +5.948162e-73  +2.367838e-101  +1.309059e-140  +1.005089e-190  +1.071735e-251  +1.482197e-323  +0.000000e+00  +0.000000e+00  +0.000000e+00 
+0.000000e+00  +5.161204e-273  +5.862194e-224  +1.561517e-180  +3.052964e-147  +8.289655e-125  +3.126001e-113  +2.768003e-106  +3.963466e-86  +2.684143e-72  +2.524494e-69  +1.493956e-74  +8.505979e-81  +6.740960e-98  +3.100203e-121  +1.134128e-145  +4.538787e-178  +1.615723e-155  +1.068254e-123  +1.008819e-102  +2.989987e-89  +4.441637e-85  +9.167194e-92  +2.627651e-109  +1.046013e-137  +5.782880e-177  +4.440065e-227  +4.734482e-288  +0.000000e+00  +0.000000e+00  +0.000000e+00  +0.000000e+00 
+0.000000e+00  +0.000000e+00  +2.753540e-278  +3.876347e-234  +7.578782e-201  +2.057852e-178  +7.760091e-167  +1.189142e-153  +5.782653e-129  +3.916136e-115  +3.683209e-112  +6.513402e-119  +3.442155e-125  +2.727819e-142  +3.891264e-170  +2.641897e-199  +6.679356e-232  +2.046818e-204  +1.353300e-172  +2.956138e-151  +1.833641e-136  +2.724997e-132  +5.624181e-139  +1.612095e-156  +6.417412e-185  +3.547865e-224  +2.724033e-274  +0.000000e+00  +0.000000e+00  +0.000000e+00  +0.000000e+00  +0.000000e+00 
+0.000000e+00  +0.000000e+00  +0.000000e+00  +1.336406e-298  +2.612854e-265  +7.094630e-243  +2.675363e-231  +2.402838e-207  +1.171702e-182  +7.935015e-169  +7.463049e-166  +1.313838e-173  +1.934525e-180  +1.533061e-197  +1.687266e-225  +7.969720e-261  +1.997599e-296  +3.601052e-264  +2.382772e-232  +1.481865e-209  +1.562325e-194  +2.321811e-190  +4.792037e-197  +1.373572e-214  +5.467903e-243  +3.022929e-282  +0.000000e+00  +0.000000e+00  +0.000000e+00  +0.000000e+00  +0.000000e+00  +0.000000e+00 
+0.000000e+00  +0.000000e+00  +0.000000e+00  +0.000000e+00  +0.000000e+00  +3.396904e-318  +1.477226e-306  +6.761645e-272  +3.297198e-247  +2.232933e-233  +2.100121e-230  +2.769619e-238  +1.509928e-246  +1.196579e-263  +1.316936e-291  +0.000000e+00  +0.000000e+00  +0.000000e+00  +6.041568e-303  +1.728172e-278  +1.848716e-263  +2.747424e-259  +5.670469e-266  +1.625363e-283  +6.470228e-312  +0.000000e+00  +0.000000e+00  +0.000000e+00  +0.000000e+00  +0.000000e+00  +0.000000e+00  +0.000000e+00 
