+0.000000e+00  +0.000000e+00  +0.000000e+00  +0.000000e+00  +0.000000e+00  +0.000000e+00  +0.000000e+00  +0.000000e+00  +5.163450e-292  +8.555842e-236  +1.968963e-190  +4.844883e-148  +1.137758e-110  +4.772672e-82  +4.592199e-64  +6.143950e-57  +1.141599e-60  +2.945896e-75  +1.005511e-82  +2.269337e-86  +8.172315e-96  +1.260425e-105  +1.505234e-107  +2.496487e-120  +5.750324e-144  +1.839473e-178  +8.172080e-224  +5.042150e-280  +0.000000e+00  +0.000000e+00  +0.000000e+00  +0.000000e+00 
+0.000000e+00  +0.000000e+00  +0.000000e+00  +0.000000e+00  +0.000000e+00  +0.000000e+00  +0.000000e+00  +4.063507e-315  +4.848259e-248  +8.033570e-192  +1.848714e-146  +5.913159e-112  +3.329500e-80  +1.251027e-53  +7.962150e-36  +1.064244e-28  +1.977454e-32  +5.146062e-47  +4.746589e-47  +7.447868e-50  +2.682210e-59  +2.379384e-64  +2.841520e-66  +4.712766e-79  +1.085523e-102  +3.472532e-137  +1.543375e-182  +9.647888e-239  +1.156984e-305  +0.000000e+00  +0.000000e+00  +0.000000e+00 
+0.000000e+00  +0.000000e+00  +0.000000e+00  +0.000000e+00  +0.000000e+00  +0.000000e+00  +0.000000e+00  +5.298889e-282  +6.322220e-215  +1.047592e-158  +2.410755e-113  +7.704878e-79  +3.501482e-55  +4.870551e-34  +2.688699e-18  +2.562120e-11  +4.757085e-15  +7.370230e-25  +3.113783e-22  +3.394810e-24  +1.224913e-33  +6.238215e-34  +7.449643e-36  +1.235568e-48  +2.847170e-72  +9.226150e-107  +5.714167e-152  +3.415023e-207  +8.355989e-273  +0.000000e+00  +0.000000e+00  +0.000000e+00 
+0.000000e+00  +0.000000e+00  +0.000000e+00  +0.000000e+00  +0.000000e+00  +0.000000e+00  +0.000000e+00  +9.596361e-260  +1.144963e-192  +1.897204e-136  +4.365910e-91  +1.395321e-56  +6.198680e-33  +7.359918e-20  +2.656929e-09  +1.130738e-04  +3.506119e-07  +1.675103e-10  +2.906066e-08  +2.150100e-09  +9.695531e-16  +2.272049e-14  +2.713595e-16  +4.558266e-29  +1.458094e-52  +4.478421e-86  +5.675788e-130  +1.073351e-184  +2.825867e-250  +0.000000e+00  +0.000000e+00  +0.000000e+00 
+0.000000e+00  +0.000000e+00  +0.000000e+00  +0.000000e+00  +0.000000e+00  +0.000000e+00  +0.000000e+00  +2.413605e-248  +2.879725e-181  +4.771707e-125  +1.098081e-79  +3.509402e-45  +1.557707e-21  +9.839046e-09  +5.575344e-05  +2.675008e-04  +1.174265e-04  +2.607237e-05  +2.291970e-04  +8.336692e-05  +5.633598e-06  +1.171277e-05  +1.922532e-07  +3.036167e-19  +1.994173e-41  +1.956969e-74  +5.202501e-118  +6.887261e-167  +2.611353e-226  +1.375064e-296  +0.000000e+00  +0.000000e+00 
+0.000000e+00  +0.000000e+00  +0.000000e+00  +0.000000e+00  +0.000000e+00  +0.000000e+00  +0.000000e+00  +8.430706e-248  +1.005886e-180  +1.666754e-124  +3.835590e-79  +1.225832e-44  +5.440874e-21  +3.357415e-08  +4.673674e-05  +2.007059e-04  +6.518765e-05  +9.744160e-05  +4.397159e-04  +1.205579e-04  +1.337696e-04  +1.346320e-04  +5.130300e-06  +2.113835e-16  +1.623684e-34  +2.248607e-61  +4.420195e-99  +1.206765e-147  +4.575540e-207  +2.409349e-277  +0.000000e+00  +0.000000e+00 
+0.000000e+00  +0.000000e+00  +0.000000e+00  +0.000000e+00  +0.000000e+00  +0.000000e+00  +1.120876e-297  +4.084427e-233  +1.361773e-174  +1.752322e-120  +1.492734e-76  +2.038796e-43  +2.055403e-20  +2.324020e-07  +2.358234e-04  +1.597222e-04  +1.837668e-04  +2.336107e-04  +1.816654e-04  +9.311434e-05  +1.804002e-04  +9.421636e-05  +1.411773e-04  +3.833065e-10  +3.865795e-26  +5.471579e-53  +1.075613e-90  +2.936551e-139  +1.113415e-198  +5.862928e-269  +0.000000e+00  +0.000000e+00 
+0.000000e+00  +0.000000e+00  +0.000000e+00  +0.000000e+00  +0.000000e+00  +1.308148e-309  +3.086427e-247  +1.012586e-195  +3.069284e-149  +9.454434e-103  +4.365354e-67  +5.720635e-37  +1.497703e-16  +2.487979e-06  +2.773113e-05  +1.578506e-04  +5.819201e-04  +3.627983e-04  +4.881913e-04  +4.029177e-04  +6.661676e-05  +1.310729e-04  +3.487973e-07  +1.281922e-12  +1.306351e-28  +1.849120e-55  +3.635036e-93  +9.924080e-142  +3.762788e-201  +1.981377e-271  +0.000000e+00  +0.000000e+00 
+0.000000e+00  +0.000000e+00  +0.000000e+00  +0.000000e+00  +0.000000e+00  +5.004986e-270  +1.180814e-207  +3.869913e-156  +1.770796e-115  +1.303169e-85  +1.903077e-51  +1.130658e-26  +9.334439e-13  +1.848790e-06  +2.825583e-04  +1.180828e-04  +2.844317e-04  +3.195838e-04  +2.440341e-04  +2.335016e-04  +1.370691e-04  +7.059784e-05  +1.116282e-07  +3.118243e-20  +6.255437e-42  +8.678722e-69  +1.706080e-106  +4.657801e-155  +1.766039e-214  +9.299462e-285  +0.000000e+00  +0.000000e+00 
+0.000000e+00  +0.000000e+00  +0.000000e+00  +0.000000e+00  +5.512529e-292  +2.659515e-241  +6.274256e-179  +2.055865e-127  +9.364998e-87  +6.060097e-57  +8.115958e-38  +8.161457e-22  +6.526614e-08  +8.195976e-05  +3.630602e-05  +1.337069e-04  +3.714880e-04  +1.236855e-04  +5.540625e-04  +2.150010e-04  +1.363938e-04  +1.089315e-04  +6.437155e-10  +6.826418e-25  +2.747601e-50  +1.814038e-86  +1.131028e-130  +3.036054e-179  +1.151142e-238  +6.061588e-309  +0.000000e+00  +0.000000e+00 
+0.000000e+00  +0.000000e+00  +0.000000e+00  +1.009853e-294  +1.212218e-237  +2.020882e-191  +4.679809e-156  +1.517050e-109  +6.904596e-69  +4.383416e-39  +4.241757e-20  +1.597979e-11  +3.644096e-09  +7.785941e-05  +1.081779e-04  +2.704682e-04  +7.240670e-04  +1.876977e-04  +2.148892e-04  +2.878346e-04  +2.407943e-06  +1.440419e-08  +4.267264e-14  +2.366583e-30  +1.822799e-57  +1.951466e-95  +3.033770e-144  +2.127541e-203  +2.489997e-272  +0.000000e+00  +0.000000e+00  +0.000000e+00 
+0.000000e+00  +0.000000e+00  +7.742484e-281  +4.713608e-247  +3.702102e-194  +6.171755e-148  +1.428919e-112  +4.767997e-88  +9.491332e-62  +4.513705e-32  +4.008894e-13  +7.001019e-05  +1.743155e-05  +4.319496e-07  +1.870430e-04  +2.117847e-04  +3.206539e-04  +4.790229e-04  +2.723301e-04  +2.167997e-04  +1.415820e-04  +7.849017e-06  +1.941270e-13  +6.768326e-32  +3.277289e-61  +2.203871e-101  +2.058238e-152  +2.669662e-214  +4.832655e-287  +0.000000e+00  +0.000000e+00  +0.000000e+00 
+1.279581e-319  +4.038630e-264  +1.770275e-219  +1.077669e-185  +1.661307e-161  +2.617667e-115  +6.060558e-80  +1.949295e-55  +9.434634e-41  +2.957140e-23  +5.624283e-12  +9.674304e-05  +1.811858e-04  +5.720113e-05  +1.608057e-04  +1.407457e-04  +5.221818e-04  +4.747264e-04  +1.448911e-04  +1.251748e-04  +4.584723e-06  +1.400203e-05  +3.667651e-14  +1.246461e-32  +6.035024e-62  +4.058358e-102  +3.829343e-153  +1.561147e-212  +8.587937e-281  +0.000000e+00  +0.000000e+00  +0.000000e+00 
+4.063157e-269  +1.282426e-213  +5.621332e-169  +3.422031e-135  +2.893121e-112  +1.541907e-93  +3.569902e-58  +1.147872e-33  +5.417131e-20  +1.065158e-12  +9.865380e-06  +1.178035e-04  +1.502762e-04  +5.869998e-05  +2.041138e-04  +1.675976e-04  +3.625692e-04  +1.120741e-04  +3.105291e-05  +3.084839e-04  +1.534614e-05  +2.431954e-10  +1.177120e-15  +1.124883e-29  +1.650586e-54  +3.397043e-90  +9.718513e-137  +3.861653e-194  +2.131022e-262  +0.000000e+00  +0.000000e+00  +0.000000e+00 
+1.791843e-229  +5.655472e-174  +2.478995e-129  +1.509108e-95  +1.275860e-72  +1.498041e-60  +2.920370e-47  +9.390184e-23  +4.195199e-09  +3.102836e-05  +1.152719e-04  +1.115871e-04  +1.551167e-04  +9.668432e-05  +1.183479e-04  +1.580533e-04  +2.205772e-04  +1.082494e-04  +2.193764e-04  +3.288733e-05  +8.536712e-05  +1.181997e-04  +4.072653e-08  +3.878128e-22  +5.688421e-47  +1.170684e-82  +3.349170e-129  +1.330793e-186  +7.343874e-255  +0.000000e+00  +0.000000e+00  +0.000000e+00 
+1.097424e-200  +3.463723e-145  +1.518273e-100  +9.242610e-67  +7.814070e-44  +9.174828e-32  +8.742007e-30  +1.067179e-22  +5.239863e-09  +1.880702e-04  +1.983601e-04  +8.874947e-05  +9.612778e-05  +7.753291e-05  +3.349232e-05  +5.974005e-05  +1.667373e-04  +1.368134e-04  +1.969660e-05  +1.282893e-04  +2.329242e-04  +1.666654e-04  +1.893784e-10  +1.895955e-25  +2.722727e-50  +5.602946e-86  +1.602922e-132  +6.369211e-190  +3.588228e-257  +0.000000e+00  +0.000000e+00  +0.000000e+00 
+9.334405e-183  +2.946154e-127  +1.291404e-82  +7.861527e-49  +6.646447e-26  +7.803898e-14  +4.972926e-12  +6.002670e-14  +4.378775e-08  +9.606403e-05  +1.246502e-04  +1.355513e-04  +5.894375e-05  +1.859465e-04  +2.361461e-04  +4.436006e-06  +7.447352e-06  +1.675769e-05  +1.377339e-04  +8.774283e-05  +1.326128e-04  +3.281632e-05  +3.778834e-09  +8.588320e-24  +2.735503e-49  +3.670911e-80  +9.100621e-119  +3.133608e-168  +1.498498e-228  +9.951894e-300  +0.000000e+00  +0.000000e+00 
+1.102648e-175  +3.480212e-120  +1.525501e-75  +9.286608e-42  +7.851271e-19  +9.226630e-07  +6.806993e-05  +4.681536e-07  +4.284986e-05  +9.963505e-05  +1.075099e-04  +4.919670e-06  +2.852885e-04  +7.011187e-05  +9.083200e-05  +2.670133e-05  +1.027313e-04  +2.045904e-04  +9.831803e-05  +6.565542e-05  +8.264549e-05  +5.581697e-05  +7.050558e-09  +1.191995e-17  +1.322170e-34  +2.360047e-62  +5.851353e-101  +2.014791e-150  +9.634773e-211  +4.027163e-278  +0.000000e+00  +0.000000e+00 
+1.808944e-179  +5.709444e-124  +2.502653e-79  +1.523511e-45  +1.289151e-22  +3.867104e-10  +1.402658e-05  +7.207015e-05  +1.447972e-04  +2.539564e-05  +3.022684e-04  +1.041349e-04  +2.542955e-04  +1.357042e-04  +8.822303e-05  +1.936710e-04  +6.768494e-05  +1.196070e-04  +1.115291e-04  +7.335975e-05  +9.631419e-05  +1.245736e-04  +1.278907e-04  +9.185399e-11  +1.180446e-27  +2.107385e-55  +5.224919e-94  +3.278102e-136  +7.329459e-181  +2.275933e-236  +9.814879e-303  +0.000000e+00 
+4.121461e-194  +1.300828e-138  +5.702006e-94  +3.488498e-60  +2.578696e-33  +3.556285e-14  +1.306741e-05  +5.760304e-05  +1.755087e-04  +1.102770e-04  +4.334747e-05  +2.091361e-04  +9.439650e-05  +3.115851e-04  +5.822341e-05  +8.734110e-05  +7.897218e-06  +1.130757e-04  +1.885754e-04  +4.051795e-05  +1.956312e-05  +1.160588e-04  +9.650267e-07  +1.139895e-14  +1.463903e-31  +1.378810e-48  +1.598373e-71  +2.573295e-105  +5.753594e-150  +1.786598e-205  +7.704771e-272  +0.000000e+00 
+9.415094e-219  +1.544479e-157  +4.084405e-107  +1.502675e-67  +4.930271e-38  +9.280317e-17  +2.872081e-06  +1.075093e-04  +8.025051e-05  +2.515119e-04  +3.239861e-04  +2.826356e-04  +1.111446e-05  +7.348983e-05  +7.716425e-05  +2.463020e-05  +2.063122e-04  +2.367281e-04  +1.853253e-04  +2.142777e-04  +2.706137e-04  +1.353312e-04  +5.838027e-08  +3.182358e-15  +1.800835e-16  +1.503175e-28  +1.742544e-51  +2.805709e-85  +6.325437e-130  +3.207482e-185  +4.251626e-250  +0.000000e+00 
+4.745919e-210  +9.037098e-149  +2.389877e-98  +8.777282e-59  +4.476953e-30  +3.171389e-12  +3.230236e-05  +1.450697e-04  +1.505115e-04  +3.498797e-04  +1.808029e-04  +2.642478e-04  +3.186571e-04  +2.176691e-05  +1.392370e-04  +5.342546e-05  +4.117975e-05  +2.252255e-04  +2.448292e-04  +1.145974e-04  +1.395075e-05  +1.874282e-04  +9.823193e-05  +9.569505e-06  +2.728466e-07  +2.397104e-19  +1.341736e-41  +1.335546e-73  +2.283634e-116  +5.439760e-170  +1.799652e-234  +8.268664e-310 
+3.856606e-212  +7.343683e-151  +1.942050e-100  +7.132591e-61  +3.642028e-32  +3.166132e-14  +1.367378e-05  +2.816552e-04  +1.926328e-05  +3.800865e-05  +1.398506e-04  +3.061950e-04  +1.344550e-04  +3.141545e-05  +1.680486e-04  +1.314472e-04  +1.071563e-04  +3.204454e-04  +1.901696e-04  +2.673388e-05  +2.047238e-04  +1.201095e-04  +2.138685e-04  +2.529216e-05  +1.135692e-05  +7.268809e-16  +6.464242e-37  +7.983855e-69  +1.369449e-111  +3.262246e-165  +1.079259e-229  +4.958754e-305 
+4.352394e-225  +8.287796e-164  +2.194013e-113  +9.739877e-74  +1.765623e-43  +4.882540e-23  +1.704001e-09  +6.705362e-05  +6.339739e-05  +8.491529e-05  +9.440514e-05  +2.766362e-04  +2.207695e-04  +2.095772e-05  +1.621262e-04  +4.974590e-05  +1.942814e-04  +2.741979e-05  +3.709088e-04  +4.714797e-04  +1.323310e-04  +4.560438e-07  +2.377493e-08  +4.597266e-11  +9.454017e-12  +6.053905e-22  +5.383847e-43  +6.649482e-75  +1.140567e-117  +2.717014e-171  +8.988783e-236  +4.129978e-311 
+6.828637e-249  +1.565188e-187  +2.995092e-135  +4.815286e-88  +2.073104e-51  +1.246476e-25  +1.817277e-10  +1.276881e-04  +9.263121e-05  +1.507255e-04  +1.257477e-04  +7.734193e-05  +1.038241e-04  +5.978333e-05  +9.669125e-05  +2.927226e-04  +2.178685e-04  +2.950185e-04  +1.788828e-04  +3.529102e-04  +8.978224e-05  +6.227562e-05  +1.436582e-08  +3.375523e-22  +1.093527e-28  +7.002429e-39  +6.227387e-60  +7.691322e-92  +1.319271e-134  +3.142715e-188  +1.039714e-252  +0.000000e+00 
+4.835490e-275  +7.771765e-206  +1.740794e-147  +7.939701e-100  +1.509516e-61  +1.197512e-33  +1.339588e-16  +2.084831e-10  +7.953194e-08  +2.216471e-07  +9.714160e-08  +1.829285e-08  +4.422672e-09  +4.973271e-13  +9.963363e-08  +1.198098e-04  +1.247983e-04  +1.875658e-04  +9.109010e-05  +6.411122e-05  +2.292139e-04  +6.493865e-05  +1.303939e-09  +3.041115e-23  +1.017003e-47  +1.124864e-66  +1.000362e-87  +1.235527e-119  +2.119264e-162  +5.048428e-216  +1.670187e-280  +0.000000e+00 
+9.723070e-298  +4.936237e-227  +1.448541e-166  +6.048926e-117  +3.508676e-78  +2.826486e-50  +3.162192e-33  +1.029929e-26  +1.818520e-21  +6.962676e-20  +1.921537e-21  +6.438978e-22  +6.366454e-23  +1.472122e-28  +1.817663e-16  +5.803872e-10  +1.717794e-05  +1.548016e-04  +1.963884e-04  +1.335300e-04  +6.843489e-05  +2.202878e-05  +2.691555e-11  +2.107650e-27  +2.292530e-54  +3.469009e-92  +2.231752e-126  +2.756393e-158  +4.727964e-201  +1.126277e-254  +3.726095e-319  +0.000000e+00 
+0.000000e+00  +1.578758e-254  +4.747940e-194  +1.983046e-144  +1.150266e-105  +9.266206e-78  +1.036677e-60  +1.180711e-51  +3.034321e-45  +3.236056e-43  +5.346403e-46  +3.172918e-46  +3.086144e-47  +5.396908e-50  +1.105736e-32  +6.773365e-23  +8.256597e-11  +2.843068e-07  +4.350027e-05  +1.160179e-04  +4.072857e-08  +2.469389e-12  +7.151718e-22  +2.010831e-38  +2.187078e-65  +3.303821e-103  +6.931171e-152  +8.542221e-208  +1.464877e-250  +3.489572e-304  +0.000000e+00  +0.000000e+00 
+0.000000e+00  +7.188011e-293  +2.161715e-232  +9.028717e-183  +5.237109e-144  +4.218860e-116  +4.720160e-99  +3.584860e-87  +1.800958e-79  +2.096927e-77  +2.073194e-81  +2.171419e-81  +2.111653e-82  +4.549384e-77  +9.686029e-60  +4.891701e-38  +4.937324e-25  +5.712692e-19  +1.085209e-13  +5.066532e-12  +4.651244e-17  +5.861154e-30  +1.033233e-39  +5.327726e-60  +2.897798e-87  +4.377297e-125  +9.183246e-174  +2.675619e-233  +1.082656e-303  +0.000000e+00  +0.000000e+00  +0.000000e+00 
+0.000000e+00  +0.000000e+00  +1.366877e-281  +5.708962e-232  +3.311484e-193  +2.667634e-165  +3.076834e-148  +1.513839e-133  +1.614167e-124  +1.887555e-122  +1.118047e-127  +2.063797e-127  +2.006992e-128  +5.361917e-115  +5.599050e-87  +4.068666e-63  +4.253794e-50  +2.177063e-39  +3.792532e-33  +3.880654e-30  +3.577261e-35  +4.582172e-51  +3.234233e-68  +8.338675e-89  +8.317341e-120  +8.054556e-158  +1.689755e-206  +4.923249e-266  +0.000000e+00  +0.000000e+00  +0.000000e+00  +0.000000e+00 
+0.000000e+00  +0.000000e+00  +0.000000e+00  +5.013329e-292  +2.907982e-253  +2.342585e-225  +5.678126e-207  +8.899983e-191  +2.017540e-180  +2.359724e-178  +8.411670e-185  +2.724135e-184  +2.649158e-185  +1.236079e-157  +6.467637e-123  +4.699844e-99  +6.850659e-85  +1.053968e-69  +1.903311e-63  +4.146581e-59  +3.822713e-64  +4.894315e-80  +1.011278e-106  +3.624907e-128  +1.298017e-159  +2.703628e-201  +4.318110e-250  +1.258106e-309  +0.000000e+00  +0.000000e+00  +0.000000e+00  +0.000000e+00 
+0.000000e+00  +0.000000e+00  +0.000000e+00  +0.000000e+00  +4.940656e-324  +2.856952e-296  +4.411086e-275  +7.644461e-259  +3.502821e-247  +4.096955e-245  +9.379751e-253  +4.993769e-252  +5.402430e-250  +1.982965e-204  +1.037564e-169  +7.540165e-146  +6.064890e-128  +7.137437e-111  +2.171798e-104  +6.153876e-99  +5.673237e-104  +7.263587e-120  +1.291544e-146  +2.188571e-178  +7.836068e-210  +3.897227e-252  +1.801556e-304  +0.000000e+00  +0.000000e+00  +0.000000e+00  +0.000000e+00  +0.000000e+00 
