+0.000000e+00  +0.000000e+00  +0.000000e+00  +0.000000e+00  +0.000000e+00  +0.000000e+00  +0.000000e+00  +2.144334e-307  +4.043608e-279  +1.058970e-261  +3.853537e-255  +2.330688e-256  +3.798042e-265  +8.602724e-285  +2.706140e-315  +0.000000e+00  +3.514064e-309  +2.547314e-286  +2.564458e-274  +3.585475e-273  +6.962121e-283  +2.223168e-288  +8.121421e-300  +1.727720e-304  +2.257218e-318  +0.000000e+00  +0.000000e+00  +0.000000e+00  +0.000000e+00  +0.000000e+00  +0.000000e+00  +0.000000e+00 
+0.000000e+00  +0.000000e+00  +0.000000e+00  +0.000000e+00  +0.000000e+00  +0.000000e+00  +3.306634e-278  +4.489776e-239  +8.466448e-211  +2.217256e-193  +8.069697e-187  +6.307227e-188  +1.028007e-196  +2.328479e-216  +7.324645e-247  +1.382934e-258  +2.679273e-238  +1.673380e-215  +1.684642e-203  +2.355368e-202  +4.579774e-212  +1.534566e-215  +1.770546e-226  +1.150160e-229  +1.502652e-243  +2.726444e-268  +6.870318e-304  +0.000000e+00  +0.000000e+00  +0.000000e+00  +0.000000e+00  +0.000000e+00 
+0.000000e+00  +0.000000e+00  +0.000000e+00  +0.000000e+00  +0.000000e+00  +9.834575e-271  +9.615154e-221  +1.305554e-181  +2.461906e-153  +6.447420e-136  +2.346994e-129  +2.370551e-130  +3.864297e-139  +8.752795e-159  +2.753347e-189  +4.931353e-194  +1.316434e-174  +1.526669e-155  +1.536943e-143  +2.148864e-142  +4.764693e-152  +1.471082e-153  +1.135619e-162  +1.063363e-165  +1.389253e-179  +2.520690e-204  +7.954475e-240  +5.017765e-280  +0.000000e+00  +0.000000e+00  +0.000000e+00  +0.000000e+00 
+0.000000e+00  +0.000000e+00  +0.000000e+00  +0.000000e+00  +5.641583e-285  +3.971584e-224  +3.882973e-174  +5.272335e-135  +9.942133e-107  +2.603719e-89  +9.480459e-83  +1.237407e-83  +2.017357e-92  +4.569399e-112  +1.437385e-142  +2.442131e-140  +6.517869e-121  +1.934962e-106  +1.947358e-94  +2.722682e-93  +8.323452e-102  +1.958512e-102  +1.451447e-109  +1.365345e-112  +1.783784e-126  +3.238853e-151  +5.225757e-183  +1.635840e-222  +7.112759e-273  +0.000000e+00  +0.000000e+00  +0.000000e+00 
+0.000000e+00  +0.000000e+00  +0.000000e+00  +6.240049e-321  +3.164077e-249  +2.227459e-188  +2.177762e-138  +2.956985e-99  +5.576037e-71  +1.460294e-53  +5.318837e-47  +8.970667e-48  +1.462625e-56  +3.312908e-76  +1.042134e-106  +1.679615e-97  +4.482766e-78  +4.133578e-68  +3.426667e-56  +4.791001e-55  +1.431197e-61  +3.621209e-62  +2.588089e-67  +2.434676e-70  +3.180842e-84  +1.107084e-107  +2.365648e-136  +7.406438e-176  +3.220377e-226  +1.944652e-287  +0.000000e+00  +0.000000e+00 
+0.000000e+00  +0.000000e+00  +0.000000e+00  +4.861904e-296  +2.464513e-224  +1.734977e-163  +1.696268e-113  +2.303208e-74  +4.343199e-46  +1.137429e-28  +4.144605e-22  +9.031992e-23  +1.472724e-31  +3.335781e-51  +1.053498e-81  +1.623055e-65  +4.281784e-46  +1.659022e-37  +8.375201e-29  +1.171450e-27  +3.654188e-32  +9.298626e-33  +6.409378e-36  +6.029453e-39  +8.283804e-53  +6.598362e-72  +1.487499e-100  +4.657104e-140  +2.024945e-190  +1.222788e-251  +2.588904e-321  +0.000000e+00 
+0.000000e+00  +0.000000e+00  +0.000000e+00  +5.259305e-282  +2.665957e-210  +1.876791e-149  +1.834917e-99  +2.491467e-60  +4.698202e-32  +1.230400e-14  +4.485811e-08  +1.262952e-08  +2.059433e-17  +2.990771e-36  +6.052323e-56  +3.860256e-39  +5.680067e-25  +2.106554e-16  +3.043086e-12  +4.125037e-11  +1.311891e-13  +3.316057e-14  +2.204671e-15  +2.074038e-18  +3.552511e-29  +5.762087e-47  +1.298976e-75  +4.066874e-115  +4.933315e-164  +1.243701e-217  +4.516310e-282  +0.000000e+00 
+0.000000e+00  +0.000000e+00  +0.000000e+00  +3.316474e-275  +4.005097e-207  +2.819524e-146  +2.756617e-96  +3.742959e-57  +7.058162e-29  +1.848443e-11  +6.743940e-05  +2.892108e-05  +2.951612e-10  +2.040524e-21  +4.228613e-34  +4.858014e-20  +4.515193e-12  +3.878654e-06  +5.256342e-05  +6.892379e-05  +2.023600e-05  +1.643057e-06  +1.147497e-05  +4.795961e-08  +4.306163e-15  +6.988165e-33  +6.112114e-61  +6.150322e-93  +1.157950e-135  +3.027748e-189  +1.099481e-253  +0.000000e+00 
+0.000000e+00  +0.000000e+00  +5.160175e-290  +5.743668e-231  +9.262710e-180  +2.868894e-132  +1.235223e-95  +7.809392e-65  +1.474573e-36  +2.404324e-18  +2.996133e-08  +1.261434e-05  +3.310993e-06  +2.290766e-17  +1.996875e-20  +3.735977e-09  +2.499557e-05  +2.124980e-04  +1.301441e-04  +1.465721e-04  +2.793328e-04  +1.279119e-04  +1.932836e-04  +1.014690e-04  +1.015822e-11  +1.571338e-22  +1.533860e-43  +2.079408e-75  +3.914998e-118  +1.023674e-171  +3.717315e-236  +1.874714e-311 
+0.000000e+00  +3.563696e-320  +2.856188e-250  +3.179155e-191  +4.914445e-143  +1.553193e-105  +2.144752e-69  +1.282466e-43  +1.065008e-28  +2.709965e-16  +3.882875e-06  +1.226264e-04  +1.336418e-07  +5.074577e-16  +1.964082e-17  +2.258694e-06  +1.837817e-04  +1.734213e-07  +1.516741e-05  +2.971895e-04  +1.319956e-04  +1.537964e-04  +1.292509e-05  +3.273606e-05  +1.050345e-05  +7.378297e-16  +7.202205e-37  +9.763810e-69  +1.838295e-111  +1.261778e-163  +9.204292e-217  +8.383211e-279 
+0.000000e+00  +2.739431e-291  +2.195570e-221  +2.443836e-162  +3.777764e-114  +8.110275e-77  +2.418691e-50  +3.092875e-28  +2.568161e-13  +2.961886e-09  +5.833617e-10  +1.178937e-04  +9.805949e-05  +9.592653e-08  +1.527136e-06  +2.538349e-10  +1.280134e-04  +1.113083e-04  +1.174900e-04  +1.824578e-04  +6.804679e-05  +1.112424e-04  +3.026626e-05  +5.792356e-05  +5.374401e-07  +1.271567e-18  +5.923158e-34  +2.198584e-59  +3.085502e-93  +1.451702e-133  +9.520619e-185  +8.671432e-247 
+0.000000e+00  +2.951378e-273  +2.345216e-203  +2.609063e-144  +4.033054e-96  +8.658327e-59  +2.581503e-32  +1.069238e-16  +2.789831e-08  +1.015797e-04  +1.972546e-05  +1.245689e-05  +7.743325e-05  +9.581141e-05  +2.491301e-04  +8.225204e-06  +1.019618e-05  +2.123650e-04  +2.350447e-05  +1.202776e-04  +1.319414e-04  +1.036962e-04  +1.940469e-05  +2.035827e-05  +1.238739e-05  +2.081627e-09  +1.086775e-23  +1.298777e-42  +4.416174e-72  +2.085432e-112  +1.367696e-163  +1.249887e-225 
+0.000000e+00  +4.442948e-261  +2.122280e-192  +1.411322e-134  +1.356302e-87  +2.942363e-51  +4.122137e-25  +1.592112e-09  +9.397752e-05  +1.640405e-04  +7.618909e-05  +6.871927e-05  +2.783977e-04  +2.351914e-04  +1.379564e-04  +2.812684e-04  +1.575639e-04  +4.470946e-04  +5.700981e-04  +1.494110e-04  +2.112974e-04  +1.768509e-04  +2.937968e-04  +1.042920e-04  +1.595563e-04  +6.006822e-06  +1.058325e-13  +2.594278e-32  +1.148636e-61  +3.210303e-100  +5.228788e-149  +1.737170e-195 
+0.000000e+00  +1.021756e-257  +4.879907e-189  +3.236787e-131  +2.981635e-84  +3.814459e-48  +6.777191e-23  +1.672294e-08  +7.373751e-05  +1.920414e-04  +2.036694e-04  +2.341262e-04  +1.501488e-04  +2.401269e-04  +2.946461e-04  +1.125489e-04  +1.738267e-04  +1.500522e-04  +2.688716e-04  +6.827066e-05  +1.803785e-04  +1.922439e-04  +2.043647e-04  +2.109459e-04  +1.233132e-05  +4.772012e-05  +2.012400e-10  +1.260136e-26  +2.231007e-52  +5.419756e-87  +2.518178e-115  +3.065177e-154 
+0.000000e+00  +1.418385e-264  +4.543450e-195  +2.458546e-136  +1.898132e-88  +2.041890e-51  +3.051874e-25  +6.438083e-10  +1.190135e-04  +4.538545e-04  +2.886115e-04  +1.635494e-04  +4.212179e-04  +3.087227e-04  +3.013761e-04  +8.894743e-05  +5.795349e-04  +4.846059e-04  +3.355125e-04  +1.267790e-04  +2.544030e-04  +5.178049e-04  +3.875439e-04  +3.734487e-04  +2.230090e-04  +3.289694e-04  +1.571124e-07  +1.662974e-20  +1.115824e-39  +7.040549e-57  +6.170746e-85  +7.511155e-124 
+1.091415e-310  +4.126535e-248  +3.077386e-194  +9.312702e-136  +7.506543e-88  +8.403353e-51  +1.306513e-24  +2.824853e-09  +2.046248e-04  +3.968804e-05  +2.230651e-04  +1.490393e-04  +2.281519e-04  +1.875216e-04  +4.008298e-04  +5.377538e-04  +2.330653e-04  +1.111758e-04  +1.552449e-04  +2.189770e-04  +2.096755e-04  +5.072475e-05  +4.261100e-04  +2.063011e-04  +3.647334e-04  +3.878147e-04  +2.046956e-07  +1.775782e-13  +3.796689e-20  +2.396049e-37  +2.100036e-65  +2.556206e-104 
+3.791408e-271  +1.418527e-208  +7.379082e-157  +4.425763e-115  +2.529781e-81  +3.226829e-51  +6.996903e-25  +2.121224e-09  +2.017969e-04  +2.133679e-04  +3.760439e-04  +2.636747e-04  +3.846512e-04  +6.330073e-04  +1.717672e-04  +3.258153e-04  +2.478179e-04  +1.074287e-04  +1.253640e-04  +1.608865e-04  +1.514398e-04  +5.080246e-05  +3.582278e-04  +2.154636e-04  +2.214112e-04  +1.541642e-04  +1.114204e-04  +4.158966e-05  +1.794444e-11  +1.132460e-28  +9.925536e-57  +1.208156e-95 
+1.829151e-242  +6.843630e-180  +3.555996e-128  +2.566413e-87  +4.586350e-57  +1.818066e-34  +2.277703e-22  +1.218889e-11  +2.405792e-05  +5.265939e-05  +4.045576e-04  +2.260223e-04  +2.346938e-04  +2.382105e-04  +3.384296e-04  +2.181800e-04  +1.454818e-04  +1.182508e-04  +1.101126e-05  +7.258730e-05  +9.195852e-05  +2.221641e-04  +3.758537e-04  +4.581088e-05  +1.006762e-04  +1.421094e-04  +2.309955e-04  +3.449436e-05  +1.281046e-13  +7.433908e-31  +6.515070e-59  +7.930272e-98 
+1.225566e-224  +4.585362e-162  +2.382585e-110  +1.719338e-69  +1.723128e-39  +2.599332e-20  +2.525270e-09  +5.934020e-08  +3.542923e-08  +1.964047e-06  +8.585795e-05  +2.679086e-04  +4.049913e-04  +5.387399e-04  +1.710949e-04  +8.021217e-05  +1.844085e-04  +1.351443e-05  +1.029136e-11  +4.456367e-07  +4.584626e-10  +2.651015e-06  +1.564074e-06  +2.283751e-08  +1.443271e-11  +8.213022e-08  +4.919574e-08  +1.638927e-10  +3.482399e-20  +1.033275e-40  +1.020473e-71  +7.231678e-111 
+1.140412e-217  +4.266764e-155  +2.217040e-103  +1.599876e-62  +1.603382e-32  +2.231733e-13  +4.522683e-05  +1.860667e-04  +5.484628e-05  +7.278168e-05  +3.533027e-04  +2.194243e-04  +2.294548e-04  +8.019515e-05  +1.622680e-04  +3.711089e-07  +3.672517e-10  +8.932497e-15  +6.306773e-22  +1.144902e-19  +1.489736e-22  +1.160137e-17  +2.375892e-17  +3.504883e-19  +1.045896e-27  +1.501849e-21  +2.317582e-21  +1.921746e-26  +4.080689e-36  +1.206448e-56  +4.953635e-88  +2.824859e-130 
+4.218633e-221  +5.889184e-159  +2.872202e-107  +2.067705e-66  +2.072056e-36  +2.885045e-17  +7.815240e-09  +1.411428e-06  +2.644021e-05  +1.768463e-04  +7.190598e-05  +3.399048e-04  +2.232756e-04  +3.070204e-04  +4.988999e-05  +1.167995e-04  +1.816105e-11  +4.616513e-29  +5.576420e-43  +5.096804e-43  +7.813821e-46  +7.163787e-40  +5.073148e-39  +7.484477e-41  +2.679259e-52  +3.921215e-46  +1.624267e-45  +3.274518e-53  +6.659187e-63  +1.968765e-83  +8.083596e-115  +4.609494e-157 
+3.744508e-210  +5.119072e-149  +9.719092e-99  +2.562702e-59  +9.384440e-31  +4.772617e-13  +3.377448e-06  +2.734318e-05  +1.260113e-04  +1.682911e-04  +3.625543e-04  +3.319233e-04  +3.178944e-04  +2.496383e-04  +6.754684e-05  +6.800200e-09  +6.631637e-16  +1.686856e-33  +5.959137e-62  +3.226238e-77  +1.367907e-79  +6.146774e-73  +1.504524e-71  +2.219665e-73  +4.635621e-86  +1.524282e-81  +1.582233e-80  +1.442498e-89  +1.509208e-100  +4.461920e-121  +1.832030e-152  +1.044675e-194 
+7.094213e-210  +9.698413e-149  +1.841345e-98  +4.855286e-59  +1.779870e-30  +9.665038e-13  +3.435014e-05  +7.991458e-05  +1.514866e-04  +1.632078e-04  +4.963767e-05  +1.986652e-04  +2.211243e-04  +1.634961e-04  +2.971988e-04  +1.953256e-06  +8.126103e-18  +5.732632e-40  +5.642879e-73  +2.255138e-116  +1.159856e-123  +7.324844e-117  +6.196721e-115  +9.142210e-117  +1.873220e-129  +9.555609e-128  +2.140556e-126  +1.855697e-135  +4.750236e-149  +1.404390e-169  +5.766315e-201  +3.288115e-243 
+1.868609e-220  +2.726271e-159  +2.589464e-108  +3.539979e-67  +8.208743e-37  +2.657118e-17  +2.660305e-07  +2.249519e-04  +1.310630e-04  +2.354648e-04  +1.284843e-04  +1.122137e-04  +2.136531e-04  +5.919640e-05  +3.010137e-05  +3.215403e-10  +3.758230e-25  +4.257543e-48  +4.145660e-81  +5.667305e-125  +1.969582e-178  +1.212238e-171  +3.544569e-169  +5.229414e-171  +1.071472e-183  +1.054502e-184  +4.021806e-183  +3.486179e-192  +2.076857e-208  +6.138914e-229  +2.520590e-260  +1.437311e-302 
+1.187615e-237  +1.031712e-174  +1.244914e-122  +4.351583e-81  +6.925024e-47  +2.939099e-23  +1.732509e-10  +1.096241e-06  +1.566840e-04  +1.872469e-04  +2.841666e-07  +7.545307e-11  +1.285415e-04  +2.770610e-04  +3.728554e-06  +9.281835e-13  +2.487193e-25  +3.936811e-47  +8.655101e-80  +2.892596e-123  +2.155898e-169  +2.582423e-225  +2.815808e-234  +4.154252e-236  +8.511782e-249  +2.062714e-252  +1.049431e-250  +9.096664e-260  +1.370060e-278  +3.726776e-299  +0.000000e+00  +0.000000e+00 
+1.029690e-262  +6.212496e-197  +9.830667e-141  +2.163368e-95  +6.611742e-61  +2.806333e-37  +1.678787e-24  +1.159476e-14  +1.789180e-10  +1.349267e-04  +2.538132e-04  +4.870053e-09  +1.265999e-08  +1.128734e-04  +4.150481e-05  +2.514642e-06  +2.866214e-17  +4.939862e-39  +1.779598e-63  +1.105211e-97  +9.532490e-143  +1.141841e-198  +1.899515e-265  +4.583218e-312  +0.000000e+00  +0.000000e+00  +0.000000e+00  +0.000000e+00  +0.000000e+00  +0.000000e+00  +0.000000e+00  +0.000000e+00 
+7.210491e-289  +8.226904e-222  +1.303605e-165  +2.868755e-120  +8.767563e-86  +3.721376e-62  +3.647597e-45  +5.163265e-33  +1.789814e-16  +6.453881e-10  +4.145804e-08  +3.404422e-15  +5.358217e-15  +1.604129e-06  +4.650494e-05  +8.885336e-06  +7.822325e-12  +2.443727e-24  +1.092793e-47  +6.786740e-82  +5.853592e-127  +7.011673e-183  +1.166430e-249  +0.000000e+00  +0.000000e+00  +0.000000e+00  +0.000000e+00  +0.000000e+00  +0.000000e+00  +0.000000e+00  +0.000000e+00  +0.000000e+00 
+0.000000e+00  +1.515086e-257  +2.400750e-201  +5.283168e-156  +1.614655e-121  +2.926371e-97  +7.542149e-75  +4.934879e-50  +2.824714e-33  +1.930917e-23  +1.569998e-21  +1.853493e-30  +2.066243e-26  +1.972213e-15  +8.470864e-10  +3.128231e-05  +6.478292e-07  +2.084088e-19  +9.319491e-43  +5.787823e-77  +4.992022e-122  +5.979649e-178  +9.947475e-245  +2.322109e-322  +0.000000e+00  +0.000000e+00  +0.000000e+00  +0.000000e+00  +0.000000e+00  +0.000000e+00  +0.000000e+00  +0.000000e+00 
+0.000000e+00  +3.875041e-304  +6.140247e-248  +1.351243e-202  +4.132358e-168  +6.424729e-138  +2.624347e-105  +1.080374e-77  +2.374523e-60  +1.028664e-47  +8.364742e-46  +9.446963e-55  +2.529929e-47  +8.523930e-32  +2.393935e-13  +9.414926e-06  +5.143054e-09  +3.925317e-23  +5.212934e-48  +7.456180e-83  +5.924679e-128  +7.082537e-184  +1.178163e-250  +0.000000e+00  +0.000000e+00  +0.000000e+00  +0.000000e+00  +0.000000e+00  +0.000000e+00  +0.000000e+00  +0.000000e+00  +0.000000e+00 
+0.000000e+00  +0.000000e+00  +2.181035e-305  +4.799657e-260  +1.058867e-222  +2.691795e-182  +7.979154e-144  +3.287889e-116  +1.300150e-95  +7.611528e-83  +6.189433e-81  +6.989851e-90  +4.948940e-71  +1.009110e-41  +2.857613e-23  +1.123845e-15  +6.138289e-19  +4.656142e-33  +4.905046e-58  +7.176267e-94  +1.458209e-140  +4.126190e-198  +1.806256e-266  +0.000000e+00  +0.000000e+00  +0.000000e+00  +0.000000e+00  +0.000000e+00  +0.000000e+00  +0.000000e+00  +0.000000e+00  +0.000000e+00 
+0.000000e+00  +0.000000e+00  +0.000000e+00  +0.000000e+00  +5.325817e-281  +1.136621e-231  +3.369229e-193  +4.555596e-165  +1.335879e-141  +7.821826e-129  +6.360440e-127  +5.588651e-132  +8.204277e-92  +1.672890e-62  +4.737317e-44  +1.863097e-36  +1.017598e-39  +7.718897e-54  +8.131527e-79  +1.189671e-114  +2.417239e-161  +6.821036e-219  +2.673124e-287  +0.000000e+00  +0.000000e+00  +0.000000e+00  +0.000000e+00  +0.000000e+00  +0.000000e+00  +0.000000e+00  +0.000000e+00  +0.000000e+00 
+0.000000e+00  +0.000000e+00  +0.000000e+00  +0.000000e+00  +0.000000e+00  +6.665412e-292  +1.977285e-253  +4.522893e-222  +1.906520e-198  +1.116304e-185  +9.077399e-184  +1.286525e-163  +1.888892e-123  +3.851539e-94  +1.090685e-75  +4.289457e-68  +2.342844e-71  +1.777142e-85  +1.872143e-110  +2.739011e-146  +5.565275e-193  +1.570425e-250  +6.154428e-319  +0.000000e+00  +0.000000e+00  +0.000000e+00  +0.000000e+00  +0.000000e+00  +0.000000e+00  +0.000000e+00  +0.000000e+00  +0.000000e+00 
