+0.000000e+00  +0.000000e+00  +0.000000e+00  +0.000000e+00  +0.000000e+00  +0.000000e+00  +0.000000e+00  +0.000000e+00  +0.000000e+00  +0.000000e+00  +0.000000e+00  +0.000000e+00  +0.000000e+00  +0.000000e+00  +0.000000e+00  +0.000000e+00  +0.000000e+00  +0.000000e+00  +0.000000e+00  +0.000000e+00  +0.000000e+00  +0.000000e+00  +0.000000e+00  +0.000000e+00  +0.000000e+00  +0.000000e+00  +0.000000e+00  +0.000000e+00  +0.000000e+00  +0.000000e+00  +0.000000e+00  +0.000000e+00 
+0.000000e+00  +0.000000e+00  +0.000000e+00  +0.000000e+00  +0.000000e+00  +0.000000e+00  +0.000000e+00  +0.000000e+00  +0.000000e+00  +0.000000e+00  +0.000000e+00  +0.000000e+00  +1.700213e-318  +4.917153e-316  +1.065530e-314  +2.245638e-300  +5.135937e-292  +1.631314e-294  +4.972035e-303  +2.669251e-308  +1.651611e-308  +1.683555e-292  +5.518109e-287  +2.511836e-292  +1.587926e-308  +0.000000e+00  +0.000000e+00  +0.000000e+00  +0.000000e+00  +0.000000e+00  +0.000000e+00  +0.000000e+00 
+0.000000e+00  +0.000000e+00  +0.000000e+00  +0.000000e+00  +0.000000e+00  +0.000000e+00  +0.000000e+00  +0.000000e+00  +0.000000e+00  +2.840435e-305  +4.558798e-278  +4.619976e-255  +9.620207e-242  +2.782199e-239  +4.541274e-238  +7.385776e-227  +1.689180e-218  +5.365298e-221  +5.719222e-228  +1.105744e-232  +4.220466e-233  +1.267945e-219  +4.155884e-214  +1.891753e-219  +1.195923e-235  +1.049978e-262  +1.280296e-300  +0.000000e+00  +0.000000e+00  +0.000000e+00  +0.000000e+00  +0.000000e+00 
+0.000000e+00  +0.000000e+00  +0.000000e+00  +0.000000e+00  +0.000000e+00  +0.000000e+00  +0.000000e+00  +9.881313e-324  +8.393232e-275  +9.044064e-237  +1.353673e-209  +3.630719e-189  +7.559686e-176  +2.186262e-173  +2.688025e-172  +3.373576e-164  +7.715609e-156  +2.450695e-158  +9.136610e-164  +6.489039e-168  +2.751928e-168  +1.326208e-157  +4.346849e-152  +1.978680e-157  +1.250877e-173  +1.098228e-200  +1.887021e-238  +5.985633e-282  +0.000000e+00  +0.000000e+00  +0.000000e+00  +0.000000e+00 
+0.000000e+00  +0.000000e+00  +0.000000e+00  +0.000000e+00  +0.000000e+00  +0.000000e+00  +0.000000e+00  +4.783541e-266  +3.711470e-217  +3.999266e-179  +5.984843e-152  +4.086400e-134  +8.250134e-121  +2.385919e-118  +2.209667e-117  +2.140095e-112  +4.894433e-104  +1.554753e-106  +2.027089e-110  +5.320459e-114  +2.683216e-114  +1.926463e-106  +6.314277e-101  +2.874251e-106  +1.817041e-122  +1.607829e-149  +9.544349e-184  +1.042816e-226  +1.582697e-280  +0.000000e+00  +0.000000e+00  +0.000000e+00 
+0.000000e+00  +0.000000e+00  +0.000000e+00  +0.000000e+00  +0.000000e+00  +0.000000e+00  +8.197548e-279  +2.937677e-219  +2.279295e-170  +2.456037e-132  +3.675422e-105  +8.239163e-89  +1.250421e-76  +3.616163e-74  +2.522657e-73  +1.888242e-71  +4.311948e-63  +1.373900e-65  +6.245971e-68  +6.075443e-71  +4.017884e-71  +3.886402e-66  +1.273828e-60  +5.798470e-66  +3.667606e-82  +2.967513e-107  +2.308835e-139  +2.523161e-182  +3.829437e-236  +8.071662e-301  +0.000000e+00  +0.000000e+00 
+0.000000e+00  +0.000000e+00  +0.000000e+00  +1.033709e-318  +3.158522e-293  +1.700350e-278  +6.044366e-226  +3.090029e-181  +1.943986e-134  +2.094727e-96  +3.134727e-69  +6.516198e-53  +2.632209e-43  +7.611687e-41  +3.999702e-40  +2.619583e-41  +5.276476e-33  +1.850566e-35  +2.672799e-36  +9.701047e-39  +9.373524e-39  +1.089372e-36  +3.568933e-31  +1.625547e-36  +2.826023e-52  +9.859536e-74  +7.758326e-106  +8.478522e-149  +1.286797e-202  +2.712303e-267  +0.000000e+00  +0.000000e+00 
+0.000000e+00  +6.986335e-319  +4.254521e-277  +3.707748e-246  +4.241192e-222  +2.280743e-207  +1.726276e-183  +8.752971e-139  +6.165986e-105  +2.481758e-71  +3.713046e-44  +7.716863e-28  +7.916883e-21  +2.226037e-18  +8.807152e-18  +4.371999e-20  +9.046962e-14  +1.271116e-15  +1.588444e-15  +2.359013e-17  +3.395073e-17  +1.063852e-17  +1.389951e-12  +7.075726e-18  +8.124391e-30  +4.601157e-51  +3.620605e-83  +3.956701e-126  +6.005142e-180  +1.265760e-244  +3.705492e-320  +0.000000e+00 
+3.650831e-309  +1.600866e-256  +9.748920e-215  +8.247140e-184  +8.004425e-162  +4.252804e-147  +3.179061e-143  +3.471785e-107  +2.444759e-73  +2.394797e-50  +7.618662e-30  +1.269971e-13  +3.979851e-08  +9.375536e-07  +2.693616e-06  +2.503702e-08  +3.397581e-05  +8.129697e-06  +1.311063e-05  +2.145833e-06  +2.219587e-06  +1.118138e-06  +8.520279e-05  +1.337211e-07  +5.263131e-18  +2.982073e-39  +2.346565e-71  +2.564395e-114  +3.892024e-168  +8.203603e-233  +2.401448e-308  +0.000000e+00 
+1.161811e-257  +5.094469e-205  +3.102418e-163  +2.623859e-132  +5.129656e-112  +1.101322e-97  +8.226727e-94  +1.976640e-86  +1.346702e-52  +1.317021e-29  +1.803218e-17  +7.644411e-08  +2.357184e-04  +2.362658e-05  +4.974981e-05  +4.921557e-05  +4.719993e-05  +1.418626e-04  +4.056559e-05  +2.486286e-04  +1.675966e-04  +3.506030e-05  +1.447904e-04  +6.969239e-06  +4.138637e-16  +4.608777e-37  +7.410352e-69  +1.681752e-111  +5.342402e-165  +2.365889e-229  +1.457728e-304  +0.000000e+00 
+5.134727e-217  +2.251546e-164  +1.371141e-122  +1.159636e-91  +1.369433e-71  +3.963061e-59  +2.958439e-55  +1.531212e-52  +1.006246e-38  +1.019027e-19  +1.368599e-07  +2.467843e-05  +2.229089e-04  +1.148896e-04  +1.676217e-04  +1.816902e-04  +4.962695e-04  +4.671393e-04  +3.343014e-04  +1.729890e-04  +2.120255e-04  +9.867888e-05  +1.074653e-04  +5.153111e-08  +2.761062e-18  +3.297286e-39  +5.470142e-71  +1.260318e-113  +4.032734e-167  +1.792078e-231  +1.105993e-306  +0.000000e+00 
+3.151644e-187  +1.381976e-134  +8.415926e-93  +7.117726e-62  +8.360604e-42  +2.114710e-31  +1.477646e-27  +7.649265e-26  +1.938662e-21  +4.096586e-11  +1.730375e-05  +1.314223e-04  +1.486310e-04  +1.326016e-04  +2.793732e-04  +3.275819e-04  +7.093927e-04  +2.581704e-04  +1.866412e-04  +1.873963e-04  +2.255857e-04  +2.373025e-04  +3.207526e-05  +2.799794e-09  +5.492638e-24  +1.499978e-49  +5.829029e-84  +1.329959e-126  +4.255570e-180  +1.891103e-244  +1.167131e-319  +0.000000e+00 
+2.686549e-168  +1.178035e-115  +7.173971e-74  +6.067349e-43  +7.126502e-23  +1.299727e-13  +1.025032e-10  +6.766929e-10  +7.661002e-08  +6.084061e-06  +5.654859e-05  +5.939634e-05  +2.648764e-04  +3.487849e-04  +2.638317e-04  +3.683295e-04  +4.180858e-04  +8.159322e-04  +2.468310e-04  +4.171292e-04  +3.894446e-04  +1.578624e-04  +1.929409e-09  +1.302265e-18  +2.312403e-33  +6.301998e-59  +2.385234e-95  +1.253781e-142  +9.158963e-201  +2.864270e-268  +0.000000e+00  +0.000000e+00 
+3.180464e-160  +1.394614e-107  +8.492886e-66  +7.182814e-35  +8.436687e-15  +1.377540e-05  +1.003059e-04  +8.546386e-05  +5.983829e-05  +1.247861e-04  +4.773303e-05  +6.761347e-05  +4.454635e-04  +4.783315e-04  +2.493048e-04  +6.464958e-04  +4.212240e-04  +5.854951e-04  +4.175239e-04  +4.567629e-04  +2.873606e-04  +1.704771e-06  +4.055486e-16  +8.910439e-33  +1.396901e-53  +3.741001e-79  +1.415926e-115  +7.442716e-163  +5.433256e-221  +5.508417e-290  +0.000000e+00  +0.000000e+00 
+5.229066e-163  +2.292913e-110  +1.396333e-68  +1.180941e-37  +1.387093e-17  +2.262685e-08  +1.739231e-08  +2.721624e-08  +7.030265e-07  +1.266084e-04  +5.687079e-05  +2.829411e-04  +3.615352e-04  +5.370738e-04  +3.665289e-04  +3.080792e-04  +2.335235e-04  +2.831813e-04  +1.243427e-04  +1.469800e-04  +3.660513e-05  +2.216932e-10  +5.856378e-24  +4.385551e-47  +1.959538e-77  +3.093328e-110  +1.167321e-146  +6.135942e-194  +4.479298e-252  +4.540463e-321  +0.000000e+00  +0.000000e+00 
+1.193976e-176  +5.235511e-124  +3.188310e-82  +2.696496e-51  +3.167212e-31  +5.166452e-22  +2.700374e-21  +5.950952e-21  +6.421363e-09  +2.102292e-04  +3.691941e-04  +1.690602e-04  +4.344094e-04  +4.281354e-04  +1.939584e-04  +3.446056e-04  +9.852178e-05  +1.585642e-04  +1.003514e-04  +3.000729e-05  +2.249450e-09  +2.115059e-19  +1.794009e-35  +2.670761e-62  +6.093404e-97  +9.422315e-142  +1.337406e-188  +1.070796e-221  +2.839808e-248  +1.045946e-285  +0.000000e+00  +0.000000e+00 
+3.786214e-201  +1.660231e-148  +1.011044e-106  +8.550851e-76  +1.004354e-55  +1.638332e-46  +6.410805e-43  +1.656599e-19  +6.005607e-07  +7.835842e-05  +1.788622e-04  +4.122261e-04  +5.904270e-04  +3.932239e-04  +3.990677e-04  +5.104445e-04  +2.810619e-04  +6.212160e-05  +2.650240e-07  +1.793133e-13  +2.139201e-18  +8.988743e-23  +6.921604e-33  +7.454247e-54  +1.869819e-85  +1.571073e-126  +4.375924e-146  +8.356300e-162  +2.216135e-188  +8.162369e-226  +4.175171e-274  +0.000000e+00 
+1.667449e-236  +7.311662e-184  +4.452639e-142  +3.765796e-111  +4.423175e-91  +8.466998e-82  +2.352831e-48  +6.141758e-25  +3.159943e-12  +5.782121e-06  +2.695820e-04  +2.673748e-04  +4.214768e-04  +3.646319e-04  +4.090173e-04  +2.441175e-04  +5.018349e-05  +1.872983e-04  +4.749792e-05  +1.280085e-13  +1.208882e-09  +6.716292e-09  +6.377531e-19  +1.324582e-38  +1.837185e-68  +3.449123e-92  +4.742583e-97  +9.056473e-113  +2.401824e-139  +8.846294e-177  +4.525008e-225  +3.214514e-284 
+1.019854e-282  +4.471997e-230  +2.723347e-188  +2.303256e-157  +2.705326e-137  +6.445254e-99  +1.211453e-64  +6.504726e-41  +1.724070e-19  +4.992400e-07  +1.206818e-04  +2.226535e-04  +5.624953e-04  +2.631258e-04  +5.043715e-04  +2.805830e-04  +2.533049e-04  +2.339002e-04  +1.168712e-04  +5.764735e-07  +9.193053e-05  +6.085324e-05  +4.038493e-13  +4.804837e-32  +2.004784e-47  +5.191487e-54  +7.138352e-59  +1.363145e-74  +3.615133e-101  +1.331510e-138  +6.810868e-187  +4.838363e-246 
+0.000000e+00  +3.798612e-287  +2.313270e-245  +1.956436e-214  +3.405377e-171  +4.612168e-126  +3.497295e-84  +5.253811e-50  +1.096111e-26  +3.175996e-14  +1.966965e-11  +4.334359e-05  +1.212841e-04  +3.877630e-04  +1.380067e-04  +1.503674e-04  +4.229177e-04  +7.762719e-05  +1.963524e-04  +1.179839e-04  +2.912189e-04  +1.179759e-05  +5.491738e-10  +2.813286e-15  +9.359716e-30  +1.085207e-26  +1.492172e-31  +2.849464e-47  +7.556929e-74  +2.783335e-111  +1.423716e-159  +1.011392e-218 
+0.000000e+00  +0.000000e+00  +2.728900e-313  +3.470360e-265  +3.668780e-203  +2.857508e-147  +3.090949e-102  +4.643377e-68  +9.687554e-45  +2.806958e-32  +1.565981e-20  +8.383662e-13  +3.060000e-08  +1.861985e-04  +2.873643e-04  +3.050536e-04  +3.165362e-04  +1.644118e-04  +3.455938e-04  +1.434958e-04  +8.027809e-05  +5.564119e-05  +1.326141e-04  +1.821907e-08  +3.182698e-16  +3.150444e-10  +4.331896e-15  +8.272222e-31  +2.193837e-57  +8.080242e-95  +4.133162e-143  +2.936151e-202 
+0.000000e+00  +0.000000e+00  +0.000000e+00  +8.029535e-299  +4.503174e-232  +3.507398e-176  +3.793930e-131  +5.699431e-97  +1.189081e-73  +1.155889e-57  +4.378816e-30  +4.268916e-12  +7.267337e-05  +1.685073e-04  +2.270832e-04  +1.637273e-04  +1.553245e-04  +5.037645e-04  +1.045418e-04  +2.142476e-04  +1.664746e-04  +7.552847e-05  +6.913140e-05  +1.465010e-05  +2.528598e-07  +1.275009e-04  +1.746526e-09  +3.335178e-25  +8.845069e-52  +3.257777e-89  +1.666400e-137  +1.183792e-196 
+0.000000e+00  +0.000000e+00  +0.000000e+00  +0.000000e+00  +7.676339e-272  +5.978889e-216  +6.467325e-171  +9.715539e-137  +7.752008e-102  +3.905405e-62  +2.732473e-33  +2.655117e-15  +3.611697e-08  +1.810537e-07  +3.549862e-05  +1.331479e-04  +2.525696e-04  +4.132451e-04  +1.530227e-04  +5.415702e-04  +8.337879e-05  +1.929592e-05  +4.737481e-05  +1.270317e-04  +4.648802e-05  +3.872256e-06  +1.358477e-14  +1.867523e-30  +4.952632e-57  +1.824132e-94  +9.330700e-143  +6.628423e-202 
+0.000000e+00  +0.000000e+00  +0.000000e+00  +0.000000e+00  +1.828043e-322  +1.415448e-266  +1.531081e-221  +1.852064e-166  +6.718461e-116  +3.384712e-76  +2.368162e-47  +2.301120e-29  +3.168469e-17  +3.919778e-07  +1.130318e-04  +2.403117e-04  +1.357855e-04  +1.684744e-04  +1.881242e-04  +1.054968e-04  +1.317055e-04  +2.246897e-04  +1.204711e-07  +5.017358e-08  +1.334239e-13  +4.322282e-16  +4.245789e-25  +5.941181e-45  +3.862302e-73  +1.418499e-110  +7.255829e-159  +5.154459e-218 
+0.000000e+00  +0.000000e+00  +0.000000e+00  +0.000000e+00  +0.000000e+00  +0.000000e+00  +8.534409e-253  +2.229202e-191  +8.086551e-141  +4.073945e-101  +1.634241e-69  +1.042135e-37  +9.305193e-17  +1.257987e-06  +1.404355e-04  +6.467786e-07  +1.042072e-04  +5.934932e-05  +1.886086e-04  +1.153364e-04  +4.596831e-05  +4.004076e-07  +8.735951e-13  +2.013560e-20  +7.724354e-31  +6.801674e-37  +6.578857e-46  +8.980869e-66  +1.703061e-96  +1.980232e-137  +7.836225e-186  +5.566649e-245 
+0.000000e+00  +0.000000e+00  +0.000000e+00  +0.000000e+00  +0.000000e+00  +0.000000e+00  +1.426609e-288  +3.727622e-227  +3.700001e-166  +1.467127e-112  +8.079261e-70  +6.178933e-38  +6.562862e-17  +9.680849e-07  +2.640810e-07  +4.686281e-07  +6.505068e-05  +3.714878e-05  +4.289194e-05  +2.380254e-05  +8.464979e-11  +1.634035e-16  +6.226770e-27  +1.761160e-42  +3.520971e-54  +2.017832e-68  +1.415733e-77  +1.932632e-97  +3.663996e-128  +9.647169e-170  +3.645140e-222  +8.367070e-283 
+0.000000e+00  +0.000000e+00  +0.000000e+00  +0.000000e+00  +0.000000e+00  +0.000000e+00  +3.053005e-316  +6.276501e-241  +1.792031e-176  +7.105775e-123  +3.913050e-80  +2.992659e-48  +3.178608e-27  +4.688724e-17  +9.365670e-17  +2.528589e-06  +5.144326e-05  +8.378580e-05  +7.326700e-06  +2.718627e-09  +1.484675e-20  +1.309507e-35  +1.737423e-49  +6.954478e-68  +2.737017e-88  +1.657580e-109  +4.231070e-120  +5.775878e-140  +1.095024e-170  +2.883153e-212  +1.054264e-264  +0.000000e+00 
+0.000000e+00  +0.000000e+00  +0.000000e+00  +0.000000e+00  +0.000000e+00  +0.000000e+00  +0.000000e+00  +4.221815e-262  +1.205389e-197  +4.779617e-144  +2.632067e-101  +2.012977e-69  +2.138054e-48  +3.153816e-38  +1.153017e-25  +3.468229e-15  +6.746341e-13  +6.982581e-11  +9.683533e-14  +1.376024e-19  +6.810330e-34  +3.044509e-57  +1.833278e-79  +3.617131e-103  +3.132169e-130  +1.281984e-154  +1.756144e-173  +2.397313e-193  +4.544965e-224  +1.196670e-265  +4.375786e-318  +0.000000e+00 
+0.000000e+00  +0.000000e+00  +0.000000e+00  +0.000000e+00  +0.000000e+00  +0.000000e+00  +0.000000e+00  +3.943836e-294  +1.126022e-229  +4.464910e-176  +2.458763e-133  +1.880435e-101  +1.997277e-80  +1.014534e-66  +2.196692e-45  +6.608290e-35  +1.250273e-31  +1.064348e-27  +1.470844e-30  +1.022887e-40  +5.045275e-55  +3.457604e-80  +1.498263e-115  +4.969194e-145  +4.201990e-177  +1.922420e-210  +1.012486e-237  +1.381877e-257  +2.619843e-288  +0.000000e+00  +0.000000e+00  +0.000000e+00 
+0.000000e+00  +0.000000e+00  +0.000000e+00  +0.000000e+00  +0.000000e+00  +0.000000e+00  +0.000000e+00  +0.000000e+00  +1.460846e-272  +5.792557e-219  +3.189879e-176  +2.439585e-144  +2.591171e-123  +2.683564e-97  +5.812204e-76  +1.750350e-65  +3.245789e-61  +2.254210e-55  +3.115142e-58  +7.034021e-72  +5.207203e-87  +3.567956e-112  +3.395288e-148  +5.472960e-195  +2.714025e-232  +3.251819e-272  +2.412375e-309  +0.000000e+00  +0.000000e+00  +0.000000e+00  +0.000000e+00  +0.000000e+00 
+0.000000e+00  +0.000000e+00  +0.000000e+00  +0.000000e+00  +0.000000e+00  +0.000000e+00  +0.000000e+00  +0.000000e+00  +0.000000e+00  +1.043676e-272  +5.747377e-230  +4.395533e-198  +6.323115e-171  +9.861015e-139  +2.135750e-117  +6.498780e-107  +1.820612e-101  +6.630460e-94  +9.162776e-97  +1.758540e-110  +7.463883e-130  +5.114193e-155  +4.866650e-191  +6.431633e-238  +8.909496e-295  +0.000000e+00  +0.000000e+00  +0.000000e+00  +0.000000e+00  +0.000000e+00  +0.000000e+00  +0.000000e+00 
+0.000000e+00  +0.000000e+00  +0.000000e+00  +0.000000e+00  +0.000000e+00  +0.000000e+00  +0.000000e+00  +0.000000e+00  +0.000000e+00  +0.000000e+00  +1.438147e-294  +1.100167e-262  +3.226846e-223  +5.032331e-191  +1.089929e-169  +3.649488e-159  +2.779392e-151  +2.708513e-143  +3.742952e-146  +7.183492e-160  +1.677258e-183  +1.018058e-208  +9.687812e-245  +1.280314e-291  +0.000000e+00  +0.000000e+00  +0.000000e+00  +0.000000e+00  +0.000000e+00  +0.000000e+00  +0.000000e+00  +0.000000e+00 
