+0.000000e+00  +0.000000e+00  +0.000000e+00  +0.000000e+00  +0.000000e+00  +0.000000e+00  +0.000000e+00  +1.084517e-304  +2.208928e-271  +6.004648e-245  +4.516577e-213  +4.817186e-192  +2.863083e-181  +4.402543e-174  +1.252271e-177  +8.889573e-170  +2.921653e-165  +3.621660e-168  +1.426148e-179  +7.802215e-202  +5.928075e-235  +6.382654e-272  +9.301911e-315  +0.000000e+00  +0.000000e+00  +0.000000e+00  +0.000000e+00  +0.000000e+00  +0.000000e+00  +0.000000e+00  +0.000000e+00  +0.000000e+00 
+0.000000e+00  +0.000000e+00  +0.000000e+00  +0.000000e+00  +0.000000e+00  +1.931082e-311  +6.269326e-268  +4.021192e-235  +4.054239e-206  +2.427649e-183  +1.222840e-156  +1.304186e-135  +2.277377e-125  +7.077914e-119  +2.013260e-122  +3.781385e-116  +1.246554e-111  +2.665916e-114  +1.049954e-125  +5.744121e-148  +5.390266e-179  +5.610641e-211  +8.176801e-254  +1.654978e-307  +0.000000e+00  +0.000000e+00  +0.000000e+00  +0.000000e+00  +0.000000e+00  +0.000000e+00  +0.000000e+00  +0.000000e+00 
+0.000000e+00  +0.000000e+00  +0.000000e+00  +0.000000e+00  +2.413879e-305  +1.530277e-251  +4.966653e-208  +2.282001e-175  +1.665544e-151  +6.181590e-129  +5.585103e-111  +4.903697e-90  +7.340653e-80  +1.580321e-74  +4.495101e-78  +2.250362e-73  +7.403443e-69  +2.725533e-71  +1.073529e-82  +5.881736e-105  +6.527228e-129  +6.849545e-161  +9.982347e-204  +2.020420e-257  +5.681755e-322  +0.000000e+00  +0.000000e+00  +0.000000e+00  +0.000000e+00  +0.000000e+00  +0.000000e+00  +0.000000e+00 
+0.000000e+00  +0.000000e+00  +0.000000e+00  +7.042403e-291  +1.844737e-242  +1.690937e-202  +5.465944e-159  +2.465956e-126  +3.648132e-104  +2.188331e-85  +5.265208e-73  +2.561599e-55  +3.795259e-45  +4.900376e-41  +1.393853e-44  +2.474509e-41  +6.130678e-37  +3.869997e-39  +1.524388e-50  +1.464690e-68  +1.106664e-89  +1.161312e-121  +1.692466e-164  +3.425538e-218  +9.628875e-283  +0.000000e+00  +0.000000e+00  +0.000000e+00  +0.000000e+00  +0.000000e+00  +0.000000e+00  +0.000000e+00 
+0.000000e+00  +0.000000e+00  +5.438710e-298  +1.025735e-238  +2.686884e-190  +9.774778e-153  +8.354525e-121  +3.765775e-88  +2.495135e-66  +1.598382e-52  +8.937540e-41  +6.339797e-31  +2.750711e-21  +2.110836e-18  +6.002510e-22  +3.536449e-19  +7.098102e-16  +7.631629e-18  +3.640034e-29  +3.448625e-40  +2.605800e-61  +2.734475e-93  +3.985153e-136  +8.065919e-190  +2.267257e-254  +0.000000e+00  +0.000000e+00  +0.000000e+00  +0.000000e+00  +0.000000e+00  +0.000000e+00  +0.000000e+00 
+0.000000e+00  +1.245836e-319  +4.061462e-254  +2.093144e-197  +5.435024e-149  +1.977211e-111  +1.002627e-84  +7.993273e-61  +5.017173e-39  +2.644669e-27  +6.106751e-19  +3.210523e-14  +2.802136e-08  +1.267818e-06  +3.692632e-10  +2.401549e-07  +1.155880e-05  +2.090114e-07  +2.072775e-12  +1.127740e-22  +8.521266e-44  +8.942050e-76  +1.303191e-118  +2.637649e-172  +7.414191e-237  +3.977863e-305  +0.000000e+00  +0.000000e+00  +0.000000e+00  +0.000000e+00  +0.000000e+00  +0.000000e+00 
+0.000000e+00  +1.543033e-282  +5.016759e-217  +2.265273e-162  +2.947308e-118  +5.554603e-81  +2.806303e-54  +3.940667e-38  +1.475265e-22  +1.516373e-11  +1.149685e-07  +1.036768e-06  +2.410300e-04  +2.273391e-05  +4.307892e-06  +1.690159e-04  +1.716190e-04  +5.764403e-05  +9.416757e-06  +5.122685e-16  +3.870409e-37  +4.061333e-69  +5.918710e-112  +3.934379e-164  +6.718476e-202  +1.643357e-250  +5.582530e-310  +0.000000e+00  +0.000000e+00  +0.000000e+00  +0.000000e+00  +0.000000e+00 
+2.863265e-312  +1.259316e-250  +8.629389e-191  +3.896422e-136  +2.443375e-92  +2.149575e-59  +1.097440e-34  +7.690080e-19  +3.170655e-11  +5.300519e-06  +4.182768e-04  +2.634195e-04  +2.817976e-04  +1.282036e-04  +1.268899e-04  +3.428878e-04  +1.306885e-04  +1.091313e-04  +5.140918e-06  +1.651598e-16  +7.369391e-38  +4.579827e-70  +1.725768e-93  +2.188606e-120  +3.854702e-158  +9.428703e-207  +3.202957e-266  +0.000000e+00  +0.000000e+00  +0.000000e+00  +0.000000e+00  +0.000000e+00 
+5.808351e-271  +2.465588e-209  +1.461430e-158  +4.329481e-117  +5.836933e-77  +5.083311e-44  +6.148774e-22  +5.195236e-10  +5.223935e-05  +1.870815e-04  +2.044545e-04  +2.479767e-04  +2.174460e-04  +2.113743e-04  +2.422471e-04  +1.745556e-04  +7.742081e-05  +1.632166e-05  +2.238859e-13  +2.478878e-16  +2.652980e-29  +1.511221e-44  +1.375119e-60  +1.743916e-87  +3.071488e-125  +7.512940e-174  +2.552167e-233  +1.204054e-303  +0.000000e+00  +0.000000e+00  +0.000000e+00  +0.000000e+00 
+1.967327e-240  +6.955286e-179  +4.095064e-128  +3.355484e-88  +2.409415e-58  +2.087526e-36  +2.039779e-17  +3.440057e-06  +2.717580e-05  +2.545783e-04  +2.406255e-04  +2.175456e-04  +1.928402e-04  +4.538548e-04  +4.944661e-04  +2.418415e-04  +4.651858e-05  +7.334084e-07  +1.844789e-05  +1.092683e-07  +4.919643e-15  +1.666472e-22  +1.521725e-38  +1.929841e-65  +3.398950e-103  +8.313921e-152  +2.824262e-211  +7.861040e-278  +2.470328e-323  +0.000000e+00  +0.000000e+00  +0.000000e+00 
+3.917775e-216  +1.070247e-156  +5.642085e-108  +1.333039e-68  +1.491934e-39  +4.240202e-21  +2.693623e-10  +5.558577e-07  +4.363582e-05  +2.679507e-04  +2.229479e-04  +2.196305e-04  +3.341282e-04  +2.976599e-04  +2.223707e-04  +1.996146e-04  +2.030037e-04  +4.743506e-05  +8.385338e-05  +1.114495e-04  +4.821293e-06  +2.561079e-11  +2.338677e-27  +2.965893e-54  +5.223705e-92  +1.179623e-139  +7.890506e-180  +3.734998e-221  +8.776603e-255  +2.971541e-298  +0.000000e+00  +0.000000e+00 
+6.440859e-202  +1.755057e-142  +6.641666e-94  +3.491310e-56  +2.628826e-29  +1.538191e-12  +3.151188e-05  +8.228324e-05  +1.977976e-04  +2.249938e-04  +2.739288e-04  +3.280846e-04  +3.183010e-04  +4.106482e-04  +5.911984e-04  +4.366145e-04  +2.119616e-04  +2.419852e-04  +1.584474e-04  +1.372662e-04  +9.917782e-06  +5.466331e-11  +4.991626e-27  +6.790693e-54  +2.828564e-74  +1.527845e-103  +8.814430e-138  +1.808721e-164  +4.408466e-197  +1.492598e-240  +7.018367e-295  +0.000000e+00 
+1.470595e-198  +4.007195e-139  +1.516442e-90  +7.969830e-53  +5.817151e-26  +5.896803e-10  +8.428104e-05  +1.348382e-04  +1.518933e-04  +2.642798e-04  +3.392458e-04  +1.844711e-04  +8.143095e-04  +2.542340e-04  +4.462061e-04  +2.131362e-04  +1.435399e-04  +2.443687e-04  +1.785922e-04  +1.049335e-04  +2.304001e-05  +1.721438e-11  +3.525721e-19  +1.467084e-30  +5.705970e-49  +4.470794e-76  +2.250205e-95  +1.261448e-117  +3.075294e-150  +1.041219e-193  +4.895929e-248  +3.197174e-313 
+4.989458e-206  +3.752730e-146  +2.670209e-96  +3.849592e-57  +7.838878e-29  +2.218177e-11  +8.739769e-05  +6.490739e-05  +9.841794e-05  +1.275850e-04  +1.970901e-04  +2.372976e-04  +5.800917e-04  +1.226410e-04  +6.998250e-05  +1.460440e-06  +8.485968e-05  +1.754931e-04  +1.225810e-04  +2.097858e-04  +1.880654e-04  +6.432100e-05  +1.470864e-08  +4.110134e-16  +1.641710e-34  +1.071513e-44  +6.962256e-60  +1.222099e-81  +2.979364e-114  +1.008739e-157  +4.743208e-212  +3.097443e-277 
+4.784942e-211  +3.639796e-150  +3.845168e-100  +5.641461e-61  +1.149491e-32  +3.252804e-15  +1.648619e-08  +8.462560e-07  +5.131763e-09  +6.264283e-07  +5.701341e-05  +1.979198e-04  +8.926459e-05  +3.805955e-05  +1.076090e-10  +4.030449e-09  +1.213716e-04  +3.999588e-05  +1.326583e-04  +1.946804e-04  +8.847615e-05  +1.107797e-04  +7.570301e-05  +7.933334e-12  +1.445709e-15  +1.100166e-23  +9.367029e-35  +1.644301e-56  +4.008654e-89  +1.357231e-132  +6.381857e-187  +4.167526e-252 
+9.744886e-226  +7.412711e-165  +7.830967e-115  +1.148925e-75  +2.341024e-47  +6.625128e-30  +9.147629e-21  +2.086998e-18  +4.860033e-08  +7.821269e-05  +1.958622e-04  +1.358648e-04  +1.019842e-04  +8.768945e-05  +3.773756e-05  +2.278747e-05  +5.018444e-06  +2.230035e-05  +1.922230e-04  +2.131255e-04  +6.210811e-05  +3.202509e-04  +2.916365e-04  +1.283144e-05  +6.730599e-06  +1.384809e-09  +1.750343e-20  +3.072561e-42  +7.490594e-75  +2.536123e-118  +1.192512e-172  +2.905602e-233 
+2.756226e-251  +2.096598e-190  +2.214896e-140  +3.249598e-101  +6.621309e-73  +2.063336e-55  +3.121260e-43  +2.716067e-22  +2.905498e-08  +7.155797e-05  +5.287492e-05  +1.580967e-04  +2.627067e-04  +9.970740e-05  +7.194482e-06  +2.787426e-05  +7.847868e-05  +5.928692e-05  +5.582374e-05  +2.338139e-04  +1.194123e-04  +1.755524e-04  +1.537140e-04  +2.014511e-04  +1.200171e-04  +6.410856e-06  +7.175889e-17  +1.140063e-38  +2.564450e-71  +9.012971e-108  +1.015027e-144  +1.587543e-192 
+1.082657e-287  +8.235520e-227  +8.700202e-177  +1.276455e-137  +2.600953e-109  +1.877549e-81  +4.251861e-46  +1.351636e-21  +6.339155e-08  +9.626862e-05  +4.954861e-05  +2.071149e-04  +1.561169e-04  +1.319579e-04  +1.067020e-04  +5.154699e-05  +5.568841e-05  +4.333779e-06  +6.197174e-09  +2.226450e-04  +4.304629e-05  +5.185435e-05  +7.527036e-05  +9.083645e-06  +5.150958e-06  +1.418029e-07  +1.143783e-18  +1.456022e-34  +8.434118e-52  +6.839287e-78  +7.702332e-115  +1.204681e-162 
+0.000000e+00  +4.492675e-274  +4.746170e-224  +6.971398e-185  +9.404656e-131  +1.530157e-84  +3.457538e-49  +1.085015e-24  +4.728711e-11  +2.872288e-08  +3.959977e-06  +4.536441e-05  +8.007005e-05  +1.722732e-04  +2.700816e-04  +2.547279e-06  +5.705175e-09  +2.035881e-05  +1.470460e-04  +1.051150e-04  +1.354940e-04  +1.809356e-04  +6.346569e-05  +9.995864e-05  +6.120797e-05  +4.220571e-05  +2.181083e-09  +1.524104e-17  +8.900330e-33  +7.221227e-59  +8.138516e-96  +1.274220e-143 
+0.000000e+00  +0.000000e+00  +1.077584e-269  +9.090090e-202  +1.064935e-144  +1.732672e-98  +3.915139e-63  +1.228616e-38  +5.354550e-25  +1.042328e-21  +9.407118e-10  +5.797734e-05  +9.836953e-05  +8.975159e-05  +3.243181e-04  +1.759739e-05  +5.870935e-07  +7.731765e-05  +4.314273e-04  +1.310383e-04  +3.542896e-04  +2.070833e-04  +1.115672e-04  +6.400189e-05  +1.076676e-04  +2.487878e-05  +6.267755e-05  +2.673935e-09  +1.663552e-24  +1.464641e-50  +1.834717e-87  +3.391070e-135 
+0.000000e+00  +0.000000e+00  +1.694608e-294  +1.429507e-226  +1.674717e-169  +2.724799e-123  +6.156948e-88  +1.932121e-63  +8.421715e-50  +3.148100e-27  +2.944165e-11  +2.512575e-05  +1.003442e-04  +1.218384e-04  +6.878311e-05  +2.265949e-04  +1.217495e-04  +4.542232e-05  +5.285439e-05  +1.003178e-05  +6.647634e-05  +1.467411e-04  +2.286307e-04  +6.118430e-05  +7.108768e-06  +5.944148e-05  +5.701157e-05  +3.798781e-08  +4.291590e-22  +6.762381e-47  +1.480309e-82  +4.500414e-129 
+0.000000e+00  +0.000000e+00  +0.000000e+00  +3.122070e-262  +3.657613e-205  +5.951011e-159  +1.344689e-123  +2.750144e-96  +1.251828e-57  +7.925723e-30  +6.969192e-13  +1.507816e-06  +1.955763e-04  +1.699443e-04  +9.068623e-05  +4.728160e-05  +1.623892e-04  +2.683246e-04  +3.112814e-05  +9.420549e-05  +1.823758e-04  +2.303127e-04  +2.080745e-04  +4.571934e-05  +1.239592e-04  +4.319101e-05  +1.329317e-06  +1.763187e-11  +2.001112e-25  +3.154251e-50  +6.904929e-86  +2.099230e-132 
+0.000000e+00  +0.000000e+00  +0.000000e+00  +9.469713e-309  +1.109410e-251  +1.805032e-205  +4.255581e-158  +1.396938e-108  +6.368444e-70  +4.032065e-42  +3.581636e-25  +6.126924e-11  +6.981148e-05  +1.293253e-04  +7.585721e-05  +2.384541e-04  +2.630186e-04  +2.332583e-04  +1.575916e-04  +8.854965e-05  +1.731345e-04  +3.441090e-04  +8.626937e-05  +8.911306e-05  +2.226598e-04  +2.629189e-05  +1.111756e-11  +5.359059e-24  +1.296334e-39  +2.043346e-64  +4.473061e-100  +1.359896e-146 
+0.000000e+00  +0.000000e+00  +0.000000e+00  +0.000000e+00  +4.674051e-309  +1.272053e-241  +3.006668e-181  +4.746863e-131  +3.679675e-84  +5.001281e-48  +9.440414e-23  +2.474793e-08  +9.351825e-05  +1.160899e-04  +1.446438e-04  +5.873876e-05  +1.256846e-04  +1.726853e-05  +3.290396e-04  +2.246422e-04  +2.802752e-04  +1.595394e-04  +7.500934e-05  +2.275112e-04  +3.050955e-05  +3.110941e-10  +2.931172e-22  +9.513432e-40  +6.321644e-63  +1.838339e-89  +4.024282e-125  +1.223459e-171 
+0.000000e+00  +0.000000e+00  +0.000000e+00  +0.000000e+00  +0.000000e+00  +1.866047e-263  +9.468549e-195  +6.675421e-137  +6.744991e-90  +2.954959e-53  +2.777299e-26  +5.119968e-10  +1.634897e-04  +4.040399e-05  +1.510172e-04  +1.215837e-04  +7.191306e-05  +9.202180e-05  +1.540219e-04  +1.425776e-04  +2.398848e-04  +2.492195e-04  +1.243599e-04  +1.628347e-04  +2.785767e-07  +1.672893e-17  +1.237390e-35  +7.480026e-61  +1.571775e-89  +1.438958e-123  +5.028170e-161  +1.528660e-207 
+0.000000e+00  +0.000000e+00  +0.000000e+00  +0.000000e+00  +0.000000e+00  +7.037335e-276  +2.525762e-205  +1.259048e-145  +8.716261e-97  +8.380236e-59  +1.118975e-31  +2.077559e-15  +4.678267e-09  +5.755754e-08  +1.099387e-04  +1.590517e-04  +2.055345e-05  +1.018438e-04  +7.886787e-05  +6.478710e-05  +3.616122e-05  +1.722908e-04  +2.269877e-04  +1.630059e-04  +1.093185e-08  +1.740431e-21  +3.855219e-45  +1.189465e-79  +5.062969e-120  +5.019049e-161  +6.319611e-206  +2.652591e-254 
+0.000000e+00  +0.000000e+00  +0.000000e+00  +0.000000e+00  +0.000000e+00  +3.961349e-292  +1.421855e-221  +7.087701e-162  +4.906745e-113  +4.717582e-75  +6.299212e-48  +1.192231e-31  +2.232207e-22  +6.994612e-13  +4.035701e-05  +3.860777e-05  +3.820864e-05  +3.227333e-05  +1.612437e-04  +1.709948e-04  +1.278582e-04  +2.097576e-04  +1.450981e-06  +1.449619e-08  +4.086919e-16  +9.890363e-33  +1.979836e-56  +6.090546e-91  +2.602088e-136  +1.543923e-192  +3.105123e-254  +5.354723e-310 
+0.000000e+00  +0.000000e+00  +0.000000e+00  +0.000000e+00  +0.000000e+00  +3.097001e-319  +1.111620e-248  +5.541235e-189  +3.836141e-140  +3.688253e-102  +4.925258e-75  +2.847522e-58  +2.041319e-34  +9.194026e-16  +2.318447e-07  +1.041297e-04  +1.534454e-05  +4.922185e-06  +2.228540e-07  +2.894207e-08  +1.038635e-05  +7.885452e-07  +1.190652e-09  +2.123015e-21  +1.476551e-31  +3.170437e-49  +1.167707e-77  +4.344325e-113  +1.855846e-158  +1.101148e-214  +9.073757e-282  +0.000000e+00 
+0.000000e+00  +0.000000e+00  +0.000000e+00  +0.000000e+00  +0.000000e+00  +0.000000e+00  +1.206967e-286  +6.016524e-227  +4.165180e-178  +4.004608e-140  +5.358356e-113  +1.402913e-77  +4.497157e-48  +4.306336e-29  +7.371096e-17  +1.193329e-11  +4.144202e-15  +3.996044e-17  +2.631171e-20  +2.837711e-22  +7.146810e-16  +4.268612e-19  +1.666380e-22  +2.614623e-35  +2.683512e-56  +1.467986e-75  +4.745884e-104  +2.138321e-143  +1.851556e-191  +1.090695e-247  +8.987627e-315  +0.000000e+00 
+0.000000e+00  +0.000000e+00  +0.000000e+00  +0.000000e+00  +0.000000e+00  +0.000000e+00  +0.000000e+00  +9.072411e-276  +6.280740e-227  +6.038773e-189  +1.859711e-142  +4.273864e-102  +1.953291e-72  +1.054776e-50  +1.181061e-34  +1.918342e-29  +5.889095e-35  +8.795060e-39  +4.866167e-44  +1.426820e-43  +6.834147e-37  +4.852917e-41  +3.238976e-46  +5.081989e-59  +1.107415e-82  +1.622682e-112  +3.047358e-141  +1.370229e-180  +8.557068e-231  +2.242485e-291  +0.000000e+00  +0.000000e+00 
+0.000000e+00  +0.000000e+00  +0.000000e+00  +0.000000e+00  +0.000000e+00  +0.000000e+00  +0.000000e+00  +0.000000e+00  +1.315343e-286  +4.754923e-229  +7.855494e-178  +2.093038e-137  +4.309065e-106  +2.254563e-79  +2.636805e-63  +4.282840e-58  +9.669279e-64  +2.236377e-70  +7.913006e-78  +1.894565e-75  +9.076020e-69  +6.042157e-73  +8.743952e-81  +1.371818e-93  +2.989324e-117  +9.046648e-152  +2.751602e-189  +1.221874e-228  +7.630363e-279  +0.000000e+00  +0.000000e+00  +0.000000e+00 
+0.000000e+00  +0.000000e+00  +0.000000e+00  +0.000000e+00  +0.000000e+00  +0.000000e+00  +0.000000e+00  +0.000000e+00  +0.000000e+00  +2.787717e-275  +4.879306e-224  +1.321102e-182  +8.301007e-146  +6.990460e-119  +8.175638e-103  +1.327931e-97  +2.995493e-103  +1.583167e-112  +1.578806e-121  +3.494287e-118  +1.673958e-111  +1.113707e-115  +3.279371e-126  +5.142770e-139  +1.120659e-162  +3.391472e-197  +1.425437e-242  +1.513535e-287  +0.000000e+00  +0.000000e+00  +0.000000e+00  +0.000000e+00 
