+0.000000e+00  +0.000000e+00  +0.000000e+00  +0.000000e+00  +0.000000e+00  +0.000000e+00  +0.000000e+00  +0.000000e+00  +1.482197e-322  +0.000000e+00  +0.000000e+00  +0.000000e+00  +0.000000e+00  +0.000000e+00  +0.000000e+00  +0.000000e+00  +0.000000e+00  +0.000000e+00  +0.000000e+00  +0.000000e+00  +1.017445e-302  +3.478653e-277  +1.683736e-262  +2.884120e-256  +4.225891e-248  +2.268460e-246  +1.691149e-255  +1.750938e-275  +2.517662e-306  +0.000000e+00  +0.000000e+00  +0.000000e+00 
+0.000000e+00  +0.000000e+00  +0.000000e+00  +0.000000e+00  +0.000000e+00  +1.086697e-302  +1.390712e-272  +2.471746e-253  +6.101105e-245  +2.091468e-247  +9.957074e-261  +6.583401e-285  +6.045387e-320  +0.000000e+00  +0.000000e+00  +0.000000e+00  +0.000000e+00  +0.000000e+00  +2.078292e-315  +2.811529e-270  +6.921545e-234  +2.366479e-208  +1.132730e-193  +8.213543e-188  +3.619003e-181  +1.942683e-179  +1.448280e-188  +1.499483e-208  +2.156097e-239  +4.306639e-281  +0.000000e+00  +0.000000e+00 
+0.000000e+00  +0.000000e+00  +0.000000e+00  +0.000000e+00  +6.658737e-277  +6.135962e-236  +7.852563e-206  +1.395655e-186  +3.444949e-178  +1.180934e-180  +5.622198e-194  +3.717282e-218  +3.413423e-253  +4.353796e-299  +0.000000e+00  +0.000000e+00  +0.000000e+00  +1.557473e-294  +5.077014e-252  +4.043237e-212  +6.539325e-176  +2.235797e-150  +1.065185e-135  +3.272388e-130  +4.304251e-125  +2.310524e-123  +1.722508e-132  +1.783406e-152  +2.564713e-183  +6.041321e-225  +3.232092e-275  +0.000000e+00 
+0.000000e+00  +0.000000e+00  +0.000000e+00  +7.869575e-273  +5.221607e-221  +4.811661e-180  +6.157774e-150  +1.094436e-130  +2.701439e-122  +9.260577e-125  +4.408805e-138  +2.915164e-162  +2.678305e-197  +3.434822e-243  +6.432910e-300  +4.940656e-324  +2.469918e-271  +1.784828e-229  +1.976630e-198  +4.741732e-160  +8.598256e-129  +2.933595e-103  +1.394903e-88  +1.841662e-83  +7.109586e-80  +3.816428e-78  +2.845168e-87  +2.946001e-107  +4.682191e-138  +1.132416e-177  +3.929255e-227  +1.907670e-287 
+0.000000e+00  +0.000000e+00  +1.793852e-290  +8.570409e-228  +5.686623e-176  +5.240168e-135  +6.706162e-105  +1.191903e-85  +2.942023e-77  +1.008545e-79  +4.802239e-93  +3.180202e-117  +2.967724e-152  +4.403968e-198  +1.114876e-243  +2.817534e-255  +3.930940e-217  +2.840601e-175  +2.850778e-144  +2.280996e-118  +8.557158e-90  +5.345761e-67  +2.539779e-52  +1.495231e-47  +1.630922e-45  +8.754706e-44  +6.527001e-53  +7.175180e-73  +7.669062e-102  +1.906026e-140  +6.663188e-190  +3.235025e-250 
+0.000000e+00  +0.000000e+00  +2.713156e-256  +1.296253e-193  +8.600875e-142  +7.925624e-101  +1.014291e-70  +1.802731e-51  +4.449947e-43  +1.526134e-45  +7.299018e-59  +5.051504e-83  +6.754753e-118  +3.618976e-163  +1.646945e-177  +1.233926e-188  +8.688569e-174  +6.278591e-132  +6.301067e-101  +9.051959e-81  +5.675144e-59  +4.320500e-41  +6.425283e-27  +1.823228e-22  +5.198106e-22  +2.789180e-20  +2.154675e-29  +1.005393e-47  +1.783301e-75  +4.488868e-114  +1.569258e-163  +7.618878e-224 
+0.000000e+00  +3.552744e-296  +1.229968e-231  +2.722805e-170  +1.806628e-118  +1.664793e-77  +2.130563e-47  +3.787182e-28  +9.360161e-20  +3.251111e-22  +1.754220e-35  +2.554461e-59  +1.543061e-93  +3.447260e-119  +4.166473e-122  +7.518975e-133  +1.003211e-134  +1.927317e-99  +1.934227e-68  +2.695961e-48  +2.390846e-36  +2.729720e-21  +2.277913e-12  +3.547873e-08  +2.635365e-09  +1.260266e-07  +2.557707e-15  +3.218096e-32  +5.833310e-60  +1.485122e-98  +1.135291e-147  +2.945435e-201 
+8.700841e-302  +6.637197e-254  +3.723703e-199  +1.707426e-145  +1.088064e-102  +4.911899e-65  +6.220206e-35  +1.109224e-15  +2.841933e-07  +1.338609e-09  +2.409930e-22  +1.394225e-45  +5.279368e-78  +8.664407e-75  +2.052055e-77  +6.449030e-88  +4.572349e-87  +8.217036e-78  +8.247956e-47  +1.150252e-26  +2.703131e-17  +2.684518e-10  +2.551151e-05  +3.629544e-04  +1.965985e-04  +1.277719e-04  +1.729924e-10  +8.517420e-26  +1.596274e-51  +8.661299e-84  +3.690543e-121  +2.184020e-169 
+1.254621e-243  +3.061011e-199  +3.243196e-162  +7.527852e-124  +4.794529e-81  +4.246210e-49  +5.347169e-28  +4.512548e-12  +6.421124e-05  +1.394670e-06  +6.230476e-16  +6.190089e-36  +2.638345e-46  +3.027009e-41  +1.898361e-43  +5.988470e-53  +2.894172e-50  +1.028722e-51  +4.930023e-36  +6.994304e-16  +1.436395e-06  +9.313071e-05  +1.641196e-04  +1.301119e-04  +2.299763e-04  +4.342650e-05  +2.121984e-09  +1.316027e-20  +2.906840e-36  +8.918908e-63  +3.800495e-100  +2.249088e-148 
+2.235544e-192  +2.486122e-153  +2.077253e-118  +3.056592e-92  +2.936333e-70  +2.604796e-38  +3.280744e-17  +6.753800e-07  +6.216106e-06  +2.976419e-06  +1.436716e-15  +9.201899e-24  +7.536288e-22  +1.472912e-18  +2.851244e-20  +4.607737e-27  +2.544178e-24  +2.328456e-29  +8.047930e-19  +1.081928e-13  +1.815709e-05  +4.839653e-05  +6.692232e-05  +2.430668e-04  +1.556978e-04  +1.001965e-04  +1.287573e-05  +1.881732e-10  +4.157277e-26  +1.275556e-52  +5.435370e-90  +3.217027e-138 
+5.533893e-152  +6.105644e-113  +1.120358e-84  +2.718896e-59  +5.556200e-44  +9.849300e-37  +3.615234e-17  +2.303671e-06  +2.928889e-05  +2.832900e-05  +4.616118e-14  +3.658439e-10  +2.997374e-08  +1.006352e-06  +6.301063e-08  +6.963055e-12  +3.108232e-09  +8.714940e-16  +1.903810e-07  +4.671450e-05  +1.902200e-04  +1.145289e-04  +6.718051e-05  +2.478541e-04  +1.719433e-05  +1.254698e-04  +1.156088e-04  +1.232766e-09  +1.366603e-23  +2.197126e-48  +5.008745e-84  +1.842930e-130 
+1.906034e-122  +2.099022e-83  +3.216293e-55  +4.060188e-37  +6.864888e-22  +3.768624e-17  +1.562357e-13  +7.338783e-08  +9.777670e-05  +5.697665e-05  +1.745925e-05  +8.820023e-06  +1.523824e-04  +8.127347e-05  +4.755318e-06  +6.699678e-05  +1.270093e-04  +1.263346e-08  +1.297485e-04  +2.031971e-04  +1.167734e-04  +2.479446e-04  +2.017857e-04  +1.631164e-04  +2.339341e-04  +1.977831e-04  +1.098463e-04  +2.775894e-07  +2.211129e-20  +2.680446e-44  +8.326490e-69  +1.195174e-99 
+1.316863e-99  +3.523786e-64  +1.536274e-36  +3.267812e-19  +1.440804e-10  +3.427379e-06  +4.135923e-05  +5.209840e-06  +1.775076e-04  +8.681694e-06  +1.725579e-04  +1.375954e-04  +1.592868e-04  +1.951802e-05  +1.566312e-04  +2.439923e-04  +1.817823e-04  +9.722866e-07  +5.974399e-05  +3.026805e-04  +4.146771e-04  +3.844893e-04  +3.952498e-04  +3.966380e-04  +1.744942e-04  +2.062248e-04  +6.423590e-06  +4.758562e-08  +1.319672e-17  +6.768382e-27  +6.995456e-47  +1.004119e-77 
+6.742456e-85  +1.291180e-49  +3.434964e-25  +3.435138e-11  +6.435536e-05  +4.543421e-04  +3.571519e-06  +2.110736e-04  +3.014511e-04  +3.748561e-05  +3.949124e-04  +2.168587e-04  +8.195510e-06  +1.063016e-04  +4.966917e-05  +3.335585e-05  +1.844566e-04  +7.957929e-05  +3.878936e-04  +4.283927e-04  +4.132949e-04  +3.904681e-04  +3.709360e-04  +4.072908e-04  +2.962958e-04  +1.821732e-04  +2.096991e-04  +1.758839e-04  +1.061207e-06  +7.897269e-16  +8.162215e-36  +1.171594e-66 
+4.794723e-81  +9.181893e-46  +2.441962e-21  +9.019945e-08  +6.573283e-05  +2.165775e-04  +2.957040e-04  +3.861931e-04  +1.609921e-04  +1.600488e-04  +1.890973e-04  +2.492519e-05  +2.738685e-04  +1.067219e-04  +1.399410e-04  +1.057369e-04  +2.720407e-04  +2.206667e-04  +3.246114e-04  +1.333578e-04  +3.320888e-04  +4.094766e-04  +3.266506e-04  +1.630525e-04  +2.410393e-04  +1.113679e-05  +7.546805e-06  +1.657330e-04  +6.279548e-06  +1.315687e-15  +1.323037e-35  +1.898491e-66 
+4.735302e-88  +9.089416e-53  +1.259886e-27  +1.118555e-10  +2.842292e-04  +1.415910e-04  +1.522068e-04  +2.542163e-04  +3.263279e-04  +2.789348e-04  +2.367238e-04  +3.443768e-04  +1.711389e-04  +1.215810e-04  +3.038173e-04  +1.471222e-04  +1.979888e-04  +1.816973e-04  +2.931911e-04  +2.206534e-04  +5.496823e-04  +2.176135e-04  +2.601213e-04  +6.679985e-05  +3.000550e-04  +3.307642e-04  +1.276350e-04  +4.438993e-05  +2.257152e-11  +1.731036e-22  +1.991014e-44  +7.359062e-77 
+9.873234e-101  +1.008212e-61  +1.437678e-33  +2.909365e-16  +2.571398e-07  +2.147637e-04  +6.252884e-05  +2.612901e-04  +1.324348e-04  +3.285770e-04  +8.982231e-05  +3.274948e-04  +1.577541e-05  +2.758585e-04  +2.918545e-04  +1.608319e-04  +3.419090e-04  +1.160303e-04  +3.426172e-04  +2.402359e-04  +4.209418e-06  +2.147427e-04  +9.541395e-05  +6.008966e-05  +1.139180e-04  +1.331069e-05  +1.040855e-07  +1.205924e-09  +6.664898e-19  +1.691030e-38  +1.310005e-60  +2.061711e-93 
+7.288644e-117  +7.655546e-78  +1.194787e-49  +1.375242e-25  +5.259573e-10  +3.056005e-05  +1.081464e-04  +2.878284e-04  +1.072822e-04  +6.967505e-05  +1.725917e-04  +4.319746e-04  +1.455945e-04  +1.530963e-04  +3.975542e-05  +1.706292e-04  +1.052076e-04  +9.932706e-05  +1.665985e-04  +2.283428e-04  +1.738700e-04  +1.021664e-06  +5.050658e-12  +7.532712e-09  +5.799209e-10  +3.064217e-15  +1.302870e-17  +8.755966e-25  +4.528684e-34  +3.500851e-54  +3.770708e-85  +1.912508e-120 
+8.643177e-144  +1.597627e-98  +3.384358e-61  +9.957117e-35  +4.068451e-19  +9.778108e-12  +3.074091e-07  +6.905274e-05  +1.852752e-04  +2.385183e-05  +3.650025e-06  +3.265133e-05  +1.869917e-04  +9.298953e-05  +1.063247e-04  +4.418583e-05  +2.737903e-05  +4.530669e-05  +1.558765e-04  +2.205504e-05  +1.411403e-04  +2.934029e-06  +4.613343e-17  +1.818179e-23  +8.989783e-26  +2.193893e-33  +4.724493e-38  +1.864715e-50  +4.274561e-60  +3.304386e-80  +3.547567e-111  +5.289449e-153 
+1.125781e-166  +1.717257e-118  +3.637935e-81  +1.070317e-54  +4.832100e-39  +8.404321e-25  +1.764809e-18  +1.363362e-09  +7.081101e-06  +3.043753e-05  +6.496236e-05  +4.978750e-05  +2.269136e-04  +1.715057e-04  +1.909339e-04  +1.530996e-04  +2.313857e-04  +8.194097e-05  +1.151779e-04  +1.798140e-05  +1.221935e-09  +2.028055e-14  +3.168218e-25  +6.951746e-47  +1.417923e-51  +2.656405e-60  +2.380558e-69  +2.478241e-82  +5.603663e-97  +4.331575e-117  +4.650350e-148  +6.933675e-190 
+1.680624e-197  +2.563612e-149  +5.430900e-112  +1.597867e-85  +5.549252e-64  +1.016757e-48  +1.374797e-26  +3.291790e-10  +2.038038e-04  +2.250045e-04  +3.443643e-04  +8.453463e-05  +1.112408e-04  +1.642192e-04  +1.164745e-05  +1.043269e-04  +1.944722e-04  +2.111879e-04  +4.990445e-05  +1.465781e-05  +1.090294e-15  +1.210758e-32  +3.161869e-44  +6.876973e-66  +6.330139e-88  +4.515744e-98  +1.665918e-111  +1.734185e-124  +1.021019e-144  +7.885675e-165  +8.466009e-196  +1.262282e-237 
+3.484379e-239  +5.315046e-191  +1.125969e-153  +7.100270e-125  +8.366217e-85  +1.501117e-48  +4.207072e-23  +1.706043e-08  +1.113207e-04  +9.576652e-05  +2.472697e-04  +2.673817e-04  +5.850784e-04  +2.540029e-05  +2.317004e-04  +1.147953e-04  +3.185983e-05  +2.337722e-04  +8.931727e-05  +1.674576e-10  +9.843080e-22  +1.152332e-42  +6.262026e-74  +9.531728e-96  +2.879143e-128  +1.077845e-146  +2.269175e-164  +1.685393e-177  +2.462591e-201  +1.993746e-223  +2.140473e-254  +3.191446e-296 
+1.003271e-291  +1.530382e-243  +1.249518e-187  +4.134413e-130  +1.899867e-83  +1.212469e-47  +1.074623e-22  +1.322909e-08  +1.134427e-04  +1.409283e-04  +7.301069e-05  +1.594201e-04  +2.802907e-04  +1.760441e-04  +1.159692e-04  +6.326953e-05  +9.265873e-05  +2.518681e-09  +9.599286e-09  +7.511080e-16  +8.164208e-34  +1.449555e-59  +2.356578e-91  +5.352165e-134  +5.542113e-169  +4.626047e-206  +2.131041e-224  +2.274810e-241  +3.288759e-265  +7.000661e-293  +9.881313e-324  +0.000000e+00 
+0.000000e+00  +7.159933e-265  +1.705856e-196  +5.644351e-139  +2.594676e-92  +2.755698e-56  +1.798645e-28  +4.360842e-11  +1.824316e-04  +2.228702e-04  +2.450865e-04  +5.289408e-04  +5.173975e-04  +1.773517e-04  +1.485264e-04  +1.464130e-04  +1.243149e-06  +6.753217e-17  +1.675502e-23  +1.311040e-30  +1.424707e-48  +2.150171e-77  +4.547845e-117  +9.295502e-162  +2.921923e-215  +6.215199e-264  +9.698804e-295  +4.264094e-316  +0.000000e+00  +0.000000e+00  +0.000000e+00  +0.000000e+00 
+0.000000e+00  +1.315602e-283  +5.053909e-212  +3.104341e-151  +3.657598e-101  +2.362355e-61  +6.990313e-32  +4.280716e-13  +4.263765e-05  +2.043910e-04  +3.140231e-04  +2.341715e-04  +1.012109e-04  +7.950006e-05  +1.465458e-04  +3.090133e-05  +5.926995e-14  +3.508033e-27  +1.499671e-48  +3.178100e-56  +3.453640e-74  +5.212243e-103  +1.092472e-142  +3.180048e-193  +8.357509e-254  +3.087243e-318  +0.000000e+00  +0.000000e+00  +0.000000e+00  +0.000000e+00  +0.000000e+00  +0.000000e+00 
+0.000000e+00  +1.035137e-292  +1.555489e-219  +3.246192e-157  +9.408483e-106  +3.787092e-65  +2.121623e-35  +2.777570e-16  +3.894655e-06  +2.106588e-04  +7.551873e-06  +3.033195e-04  +1.086124e-04  +4.509146e-06  +6.742917e-05  +1.322513e-04  +6.211890e-10  +1.438407e-25  +4.668908e-50  +1.461793e-81  +1.162697e-110  +1.754746e-139  +3.677899e-179  +1.070590e-229  +4.327975e-291  +0.000000e+00  +0.000000e+00  +0.000000e+00  +0.000000e+00  +0.000000e+00  +0.000000e+00  +0.000000e+00 
+0.000000e+00  +6.234667e-307  +9.368776e-234  +1.955367e-171  +5.824393e-120  +2.239810e-78  +3.567018e-46  +1.192559e-24  +1.200272e-09  +6.650693e-05  +1.822120e-05  +3.004107e-05  +1.740608e-09  +6.692561e-14  +4.336839e-06  +1.145891e-04  +1.710382e-07  +2.673280e-17  +1.848572e-37  +1.775500e-68  +2.368332e-110  +4.387353e-163  +2.848357e-226  +5.005539e-277  +0.000000e+00  +0.000000e+00  +0.000000e+00  +0.000000e+00  +0.000000e+00  +0.000000e+00  +0.000000e+00  +0.000000e+00 
+0.000000e+00  +0.000000e+00  +1.062309e-258  +1.860104e-194  +1.694464e-140  +8.584739e-97  +1.269494e-59  +3.485049e-33  +1.328701e-17  +5.343126e-12  +1.626096e-11  +1.017159e-13  +1.794672e-21  +8.486256e-24  +9.082560e-13  +1.464354e-05  +9.095495e-06  +4.509363e-15  +3.118611e-35  +2.995334e-66  +3.995465e-108  +7.401629e-161  +1.904256e-224  +6.803950e-299  +0.000000e+00  +0.000000e+00  +0.000000e+00  +0.000000e+00  +0.000000e+00  +0.000000e+00  +0.000000e+00  +0.000000e+00 
+0.000000e+00  +0.000000e+00  +4.160591e-289  +7.044081e-223  +6.937128e-164  +9.873779e-116  +1.951755e-78  +5.358028e-52  +2.043186e-36  +1.012955e-28  +3.546271e-28  +5.063458e-33  +8.924760e-41  +6.524977e-35  +9.626618e-16  +1.972453e-07  +5.612984e-10  +3.274645e-23  +7.307960e-44  +7.017912e-75  +9.361166e-117  +1.734163e-169  +4.461572e-233  +1.594130e-307  +0.000000e+00  +0.000000e+00  +0.000000e+00  +0.000000e+00  +0.000000e+00  +0.000000e+00  +0.000000e+00  +0.000000e+00 
+0.000000e+00  +0.000000e+00  +1.976263e-322  +1.445266e-252  +1.481199e-193  +2.108227e-145  +4.167342e-108  +1.144034e-81  +4.483160e-66  +3.064880e-56  +1.074128e-55  +3.509192e-63  +6.176146e-71  +1.268661e-47  +1.871718e-28  +3.835069e-20  +1.091300e-22  +4.312735e-36  +2.369384e-60  +2.463959e-94  +3.046024e-136  +5.642746e-189  +1.451739e-252  +0.000000e+00  +0.000000e+00  +0.000000e+00  +0.000000e+00  +0.000000e+00  +0.000000e+00  +0.000000e+00  +0.000000e+00  +0.000000e+00 
+0.000000e+00  +0.000000e+00  +0.000000e+00  +4.285678e-293  +4.392234e-234  +6.251573e-186  +1.235751e-148  +3.392432e-122  +6.402250e-106  +1.289235e-94  +4.518328e-94  +5.566767e-104  +3.224728e-101  +3.425706e-71  +5.054113e-52  +1.035566e-43  +2.946785e-46  +1.164548e-59  +6.391517e-84  +4.871800e-119  +5.294814e-165  +2.557517e-219  +6.560352e-283  +0.000000e+00  +0.000000e+00  +0.000000e+00  +0.000000e+00  +0.000000e+00  +0.000000e+00  +0.000000e+00  +0.000000e+00  +0.000000e+00 
+0.000000e+00  +0.000000e+00  +0.000000e+00  +0.000000e+00  +1.808820e-285  +2.574537e-237  +5.089100e-200  +1.397242e-173  +2.989912e-155  +7.531679e-144  +2.639596e-143  +1.289252e-153  +1.209304e-135  +1.284673e-105  +1.895341e-86  +3.883473e-78  +1.105073e-80  +4.367167e-94  +2.396881e-118  +1.826969e-153  +1.933988e-199  +2.843405e-256  +9.881313e-324  +0.000000e+00  +0.000000e+00  +0.000000e+00  +0.000000e+00  +0.000000e+00  +0.000000e+00  +0.000000e+00  +0.000000e+00  +0.000000e+00 
