+0.000000e+00  +0.000000e+00  +0.000000e+00  +0.000000e+00  +0.000000e+00  +0.000000e+00  +0.000000e+00  +0.000000e+00  +0.000000e+00  +0.000000e+00  +0.000000e+00  +0.000000e+00  +0.000000e+00  +0.000000e+00  +0.000000e+00  +1.422217e-319  +3.300596e-292  +7.073278e-256  +4.549310e-223  +4.063576e-201  +5.040913e-190  +1.023471e-189  +7.363809e-195  +4.874692e-210  +5.237781e-236  +5.549177e-272  +4.388212e-318  +0.000000e+00  +0.000000e+00  +0.000000e+00  +0.000000e+00  +0.000000e+00 
+0.000000e+00  +0.000000e+00  +0.000000e+00  +0.000000e+00  +0.000000e+00  +0.000000e+00  +0.000000e+00  +0.000000e+00  +0.000000e+00  +0.000000e+00  +0.000000e+00  +0.000000e+00  +1.482197e-323  +2.337585e-303  +1.087582e-272  +2.812959e-245  +1.246134e-222  +4.174776e-198  +2.685062e-165  +2.398375e-143  +2.975213e-132  +7.087851e-132  +9.325772e-137  +6.338463e-152  +1.430019e-177  +5.555230e-213  +4.822535e-259  +1.644691e-312  +0.000000e+00  +0.000000e+00  +0.000000e+00  +0.000000e+00 
+0.000000e+00  +0.000000e+00  +0.000000e+00  +0.000000e+00  +0.000000e+00  +0.000000e+00  +0.000000e+00  +0.000000e+00  +0.000000e+00  +0.000000e+00  +2.695717e-300  +2.461730e-268  +3.122082e-247  +1.290670e-232  +4.104319e-208  +7.735533e-182  +6.819796e-164  +1.875138e-144  +2.200904e-118  +1.965911e-96  +2.438736e-85  +7.650918e-85  +1.647175e-89  +1.371546e-104  +1.423677e-129  +8.395491e-165  +8.378545e-208  +4.286642e-258  +3.048484e-319  +0.000000e+00  +0.000000e+00  +0.000000e+00 
+0.000000e+00  +0.000000e+00  +0.000000e+00  +0.000000e+00  +0.000000e+00  +0.000000e+00  +0.000000e+00  +0.000000e+00  +0.000000e+00  +1.138138e-277  +7.483815e-235  +6.834222e-203  +8.667485e-182  +1.805938e-171  +9.897106e-151  +2.954322e-129  +1.061961e-112  +1.365495e-96  +2.505456e-82  +2.237941e-60  +2.776193e-49  +1.321098e-48  +4.187751e-53  +8.810413e-68  +2.836101e-92  +8.238711e-125  +3.031188e-164  +1.552185e-214  +1.103854e-275  +0.000000e+00  +0.000000e+00  +0.000000e+00 
+0.000000e+00  +0.000000e+00  +0.000000e+00  +0.000000e+00  +0.000000e+00  +0.000000e+00  +0.000000e+00  +1.365399e-316  +2.519089e-276  +4.388152e-223  +2.885425e-180  +2.634971e-148  +3.341795e-127  +5.886029e-117  +3.656284e-103  +2.226350e-87  +5.629713e-71  +1.387244e-59  +5.503823e-51  +3.538109e-35  +4.389073e-24  +3.634448e-23  +1.910690e-27  +1.908872e-41  +1.565444e-63  +4.134134e-92  +1.524323e-131  +7.805621e-182  +5.551060e-243  +5.482639e-315  +0.000000e+00  +0.000000e+00 
+0.000000e+00  +0.000000e+00  +0.000000e+00  +0.000000e+00  +0.000000e+00  +0.000000e+00  +4.796533e-302  +1.988580e-253  +2.317401e-213  +2.379656e-179  +1.545021e-136  +1.410914e-104  +1.789388e-83  +3.151711e-73  +1.383387e-64  +3.271988e-52  +4.147882e-40  +3.529848e-33  +7.730961e-25  +7.768509e-21  +9.636833e-10  +1.606388e-08  +2.909174e-12  +5.763632e-24  +1.087507e-41  +2.887265e-70  +1.064583e-109  +5.511913e-160  +4.958937e-219  +5.557564e-287  +0.000000e+00  +0.000000e+00 
+0.000000e+00  +0.000000e+00  +0.000000e+00  +0.000000e+00  +0.000000e+00  +8.642601e-296  +9.721582e-243  +1.922081e-200  +4.687401e-161  +7.586110e-132  +1.308923e-103  +1.049214e-71  +1.330660e-50  +2.343738e-40  +8.055023e-37  +2.692325e-27  +4.316989e-20  +2.203321e-14  +1.533676e-09  +9.466751e-10  +3.305911e-06  +1.522014e-04  +4.145914e-06  +5.517720e-13  +1.055469e-30  +2.295793e-58  +8.500256e-94  +4.978002e-140  +4.048754e-197  +4.573257e-265  +0.000000e+00  +0.000000e+00 
+0.000000e+00  +0.000000e+00  +0.000000e+00  +0.000000e+00  +3.018497e-311  +2.444811e-247  +2.750032e-194  +4.296039e-152  +1.420340e-119  +2.131149e-90  +4.850254e-72  +2.731793e-49  +1.374293e-28  +2.420564e-18  +1.655469e-17  +3.560684e-11  +5.656035e-08  +3.934702e-05  +1.756657e-04  +1.528449e-04  +8.520957e-07  +1.558733e-04  +3.667927e-05  +3.471748e-09  +7.586992e-23  +2.303648e-47  +9.714180e-83  +5.688980e-129  +4.627013e-186  +5.226428e-254  +0.000000e+00  +0.000000e+00 
+0.000000e+00  +0.000000e+00  +0.000000e+00  +0.000000e+00  +1.185849e-273  +9.604704e-210  +1.080380e-156  +1.687745e-114  +3.661651e-83  +8.502737e-60  +1.869074e-41  +2.172088e-31  +3.472249e-16  +3.491506e-07  +2.467296e-06  +4.654969e-05  +1.448525e-04  +9.342284e-05  +1.751661e-04  +2.097691e-04  +1.187225e-04  +4.158827e-06  +1.236300e-04  +1.460439e-08  +1.326465e-22  +3.679092e-47  +1.542378e-82  +9.029466e-129  +7.343763e-186  +8.295113e-254  +0.000000e+00  +0.000000e+00 
+0.000000e+00  +0.000000e+00  +0.000000e+00  +3.573283e-300  +6.885534e-247  +5.240355e-183  +5.894584e-130  +9.208388e-88  +1.997800e-56  +6.022097e-36  +1.071623e-21  +4.347222e-14  +6.980131e-10  +1.334634e-04  +1.210646e-04  +1.005125e-04  +2.525635e-04  +2.342051e-04  +3.033357e-04  +2.342820e-04  +2.101066e-04  +1.259217e-04  +3.980462e-05  +3.187432e-10  +2.999578e-25  +4.776595e-51  +1.075978e-87  +3.393342e-135  +1.493854e-193  +9.316346e-263  +0.000000e+00  +0.000000e+00 
+0.000000e+00  +0.000000e+00  +2.622697e-298  +8.219425e-250  +9.557652e-198  +1.543472e-156  +4.466505e-114  +6.977474e-72  +1.513793e-40  +4.561136e-20  +2.015755e-10  +3.128770e-05  +1.052320e-04  +1.947215e-04  +1.810165e-04  +4.235496e-04  +4.068666e-04  +2.899331e-04  +3.316791e-04  +2.770704e-04  +8.676972e-05  +2.291232e-04  +3.043768e-05  +9.967732e-10  +6.041186e-25  +5.087869e-51  +5.951081e-88  +9.667052e-136  +2.180872e-194  +6.832888e-264  +0.000000e+00  +0.000000e+00 
+1.996519e-320  +1.163690e-278  +2.506976e-236  +6.190433e-199  +3.053260e-158  +4.930732e-117  +1.105852e-86  +1.079523e-66  +1.593013e-35  +4.799856e-15  +2.019360e-05  +4.340584e-05  +2.004979e-04  +3.052898e-04  +1.278690e-04  +2.893935e-04  +2.229918e-04  +2.121673e-04  +3.477338e-04  +2.017274e-04  +3.364268e-04  +2.145483e-04  +2.906476e-05  +2.379787e-13  +4.070280e-32  +2.351776e-60  +2.638099e-97  +4.285328e-145  +9.667633e-204  +3.028965e-273  +0.000000e+00  +0.000000e+00 
+1.270308e-257  +4.852794e-216  +7.262393e-185  +8.217905e-148  +2.818694e-121  +2.187769e-88  +4.906636e-58  +1.528285e-38  +2.181102e-27  +4.548511e-17  +3.976716e-06  +1.692381e-04  +1.493140e-04  +5.078017e-04  +1.903766e-04  +5.059687e-04  +4.709654e-04  +3.497820e-04  +3.054750e-04  +1.859652e-04  +1.856175e-04  +1.635057e-04  +3.702373e-06  +1.111498e-14  +4.834909e-34  +2.920828e-64  +2.450541e-105  +2.855338e-157  +1.188908e-190  +3.497604e-225  +1.428996e-270  +0.000000e+00 
+7.156738e-202  +2.861934e-164  +2.275016e-133  +1.516083e-107  +5.195747e-81  +8.050067e-64  +3.042101e-40  +9.470544e-21  +4.127389e-12  +1.244646e-06  +3.688029e-05  +2.521943e-04  +5.191737e-05  +6.379006e-04  +2.535527e-04  +5.526354e-04  +3.009038e-04  +2.439365e-04  +2.080353e-04  +3.709151e-10  +3.687368e-06  +5.647262e-05  +9.779688e-12  +4.512515e-25  +1.960588e-44  +1.184415e-74  +4.398596e-103  +6.709043e-116  +1.421167e-139  +4.180877e-174  +1.708157e-219  +9.692283e-276 
+1.624846e-156  +1.169958e-120  +1.831015e-92  +2.057949e-72  +1.330650e-51  +6.335991e-36  +2.320806e-24  +1.151885e-13  +4.939819e-05  +3.505457e-04  +1.105056e-04  +3.652899e-04  +2.558684e-04  +5.420296e-04  +2.881301e-04  +3.932782e-04  +3.444204e-04  +7.440407e-05  +3.713254e-06  +7.793160e-12  +1.514800e-16  +4.733250e-13  +5.429526e-20  +8.691081e-38  +1.302774e-65  +6.648754e-61  +7.302117e-63  +1.113769e-75  +2.359281e-99  +6.940682e-134  +2.835714e-179  +1.609018e-235 
+5.123617e-122  +3.682092e-86  +3.879344e-61  +2.297903e-42  +3.760498e-31  +2.253200e-17  +3.843403e-12  +1.742240e-06  +2.336708e-04  +1.226959e-04  +5.990650e-05  +2.538909e-04  +1.190502e-04  +3.335008e-04  +3.160106e-04  +1.202181e-04  +2.861315e-04  +2.073660e-04  +3.666064e-05  +2.324460e-11  +1.285059e-14  +1.741784e-28  +7.053420e-39  +1.627079e-56  +1.938395e-40  +1.532897e-31  +1.683532e-33  +2.567840e-46  +5.439417e-70  +1.600202e-104  +6.537853e-150  +3.709654e-206 
+2.243773e-98  +1.612490e-62  +1.609362e-37  +5.795475e-23  +5.566309e-14  +3.160613e-08  +7.450313e-05  +2.818977e-05  +1.981461e-04  +3.533820e-04  +1.340887e-04  +1.599486e-04  +7.001010e-05  +4.429705e-04  +1.507355e-04  +3.236793e-04  +2.393499e-04  +2.702924e-04  +4.529612e-05  +7.594967e-05  +1.168760e-07  +3.595717e-16  +6.883529e-22  +4.146502e-33  +6.206588e-22  +4.908215e-13  +5.390538e-15  +8.222021e-28  +1.741658e-51  +5.123720e-86  +2.093369e-131  +1.187802e-187 
+1.364644e-85  +9.807023e-50  +9.787980e-25  +1.356787e-10  +1.225288e-05  +4.799311e-05  +1.275497e-04  +5.604021e-05  +3.676357e-05  +2.742405e-04  +1.720682e-04  +2.214484e-04  +1.186105e-04  +3.472084e-04  +2.791756e-04  +1.540073e-04  +4.940275e-04  +3.909040e-04  +4.597214e-05  +1.294988e-04  +7.852959e-05  +1.501703e-06  +7.858467e-09  +1.140283e-15  +8.366929e-14  +2.183126e-05  +2.397621e-07  +3.656963e-20  +7.746386e-44  +2.278851e-78  +9.310459e-124  +5.282804e-180 
+1.152650e-83  +8.283529e-48  +8.267445e-23  +1.145949e-08  +2.209545e-05  +2.688481e-07  +3.312635e-11  +1.778007e-05  +1.117048e-04  +3.345330e-04  +2.210219e-04  +2.660996e-04  +4.539285e-04  +2.632604e-04  +1.113046e-04  +3.028308e-04  +3.361112e-04  +2.462701e-04  +2.866019e-04  +2.184618e-04  +1.621281e-04  +2.078219e-04  +1.264995e-06  +1.016908e-05  +2.915974e-05  +4.382836e-05  +2.826458e-07  +4.037446e-20  +8.009584e-44  +2.206746e-78  +8.443718e-124  +4.486983e-180 
+1.352115e-92  +9.716986e-57  +9.698118e-32  +1.344254e-17  +2.587695e-14  +2.543716e-20  +3.329956e-12  +6.205200e-05  +7.498267e-05  +1.028891e-04  +4.129111e-04  +1.267783e-04  +3.008059e-05  +1.715249e-04  +4.547826e-04  +5.642191e-04  +3.376017e-04  +2.760064e-04  +4.994771e-04  +3.820150e-04  +1.198814e-04  +1.800304e-05  +5.809967e-05  +4.349760e-06  +2.151312e-05  +2.472262e-08  +2.013347e-14  +2.872499e-27  +5.698317e-51  +1.569898e-85  +6.006674e-131  +3.191793e-187 
+2.202763e-112  +1.583017e-76  +1.579944e-51  +2.189956e-37  +4.215676e-34  +6.664596e-38  +8.165795e-20  +5.819629e-11  +8.827826e-07  +2.191185e-07  +1.852720e-04  +2.019473e-04  +1.826886e-05  +1.982873e-04  +6.451122e-05  +4.754111e-04  +2.271827e-04  +3.670358e-04  +3.709756e-04  +2.285682e-04  +1.319892e-04  +1.772883e-04  +4.087002e-05  +6.914022e-06  +3.711958e-08  +8.040647e-20  +5.122767e-31  +2.839847e-45  +5.633531e-69  +1.552049e-103  +5.938382e-149  +3.155504e-205 
+4.983791e-143  +3.581606e-107  +3.574651e-82  +4.954816e-68  +9.538044e-65  +2.259084e-56  +9.850050e-38  +1.931443e-24  +4.426256e-19  +7.541655e-13  +1.734188e-09  +3.749489e-08  +9.022275e-06  +1.404865e-05  +4.235615e-06  +1.456893e-04  +2.955627e-04  +1.367006e-04  +2.098239e-04  +4.098964e-04  +3.155524e-04  +2.484407e-04  +2.889169e-07  +2.373520e-13  +9.436907e-20  +1.971173e-31  +5.861567e-54  +4.088977e-74  +7.734864e-98  +2.130970e-132  +8.153426e-178  +4.332522e-234 
+1.565993e-184  +1.125402e-148  +1.123217e-123  +1.556889e-109  +2.997018e-106  +1.246440e-85  +9.831379e-64  +1.338682e-47  +4.477393e-42  +2.303694e-28  +5.288980e-25  +1.225058e-19  +2.593296e-16  +5.583383e-11  +8.911670e-05  +1.358112e-04  +1.095671e-04  +3.131595e-04  +4.078216e-04  +4.368222e-04  +4.523236e-05  +5.998524e-05  +1.729287e-11  +7.073926e-26  +3.757461e-42  +6.960757e-54  +2.019297e-76  +8.903022e-110  +1.475042e-137  +4.063380e-172  +1.554712e-217  +8.261344e-274 
+6.833730e-237  +4.911066e-201  +4.901530e-176  +6.794000e-162  +8.005943e-155  +7.043106e-124  +7.809559e-98  +1.294892e-81  +5.915912e-69  +9.772845e-55  +2.246491e-51  +1.967323e-41  +6.098274e-36  +3.984762e-17  +5.675405e-09  +4.866576e-05  +1.396984e-04  +2.277447e-05  +1.412670e-04  +1.325821e-04  +4.440646e-05  +1.806673e-06  +5.903987e-18  +1.773220e-38  +6.736081e-65  +3.413706e-87  +9.903071e-110  +3.989805e-143  +3.414996e-187  +1.076057e-222  +4.117162e-268  +0.000000e+00 
+4.141558e-300  +2.976334e-264  +2.970555e-239  +4.117480e-225  +5.112559e-205  +8.816105e-170  +1.049029e-142  +1.739545e-126  +3.485426e-106  +5.757781e-92  +2.878731e-87  +4.899310e-74  +6.464609e-51  +4.993188e-31  +5.521582e-13  +5.351390e-05  +8.187836e-05  +4.122749e-07  +1.099307e-04  +6.652528e-05  +8.088215e-05  +4.182650e-08  +9.932802e-20  +8.413560e-42  +9.910776e-75  +1.621342e-118  +6.744932e-154  +2.717436e-187  +1.520474e-231  +3.985095e-284  +0.000000e+00  +0.000000e+00 
+0.000000e+00  +0.000000e+00  +2.500239e-313  +3.465575e-299  +2.197914e-263  +1.639148e-225  +1.957134e-198  +2.400789e-179  +2.851858e-154  +4.711153e-140  +9.329789e-131  +2.044556e-106  +1.470456e-67  +1.911665e-37  +3.453397e-18  +1.946156e-09  +1.230723e-04  +2.617618e-08  +1.062664e-04  +8.725093e-05  +1.651895e-06  +5.023529e-12  +2.387836e-26  +1.578409e-51  +3.937085e-87  +4.078516e-131  +9.262137e-186  +2.570425e-242  +1.438217e-286  +0.000000e+00  +0.000000e+00  +0.000000e+00 
+0.000000e+00  +0.000000e+00  +0.000000e+00  +0.000000e+00  +0.000000e+00  +4.247060e-292  +5.070972e-265  +2.724436e-238  +3.240693e-213  +5.353493e-199  +5.679085e-176  +3.830106e-124  +3.587411e-83  +4.666491e-53  +6.129127e-32  +5.335358e-16  +6.540065e-11  +7.622507e-12  +1.929961e-07  +2.487567e-10  +5.978213e-13  +1.000259e-24  +7.838350e-41  +5.174373e-66  +4.743828e-102  +6.040030e-149  +1.071268e-206  +1.282808e-274  +0.000000e+00  +0.000000e+00  +0.000000e+00  +0.000000e+00 
+0.000000e+00  +0.000000e+00  +0.000000e+00  +0.000000e+00  +0.000000e+00  +0.000000e+00  +0.000000e+00  +4.299565e-308  +5.114296e-283  +3.965557e-265  +1.925334e-202  +1.298490e-150  +1.216368e-109  +7.147058e-76  +4.541234e-49  +4.008248e-33  +4.913299e-28  +4.704589e-25  +1.185543e-20  +3.629796e-25  +3.035497e-30  +4.995599e-42  +1.177523e-64  +2.358937e-91  +2.162656e-127  +2.753573e-174  +4.869044e-232  +1.195718e-300  +0.000000e+00  +0.000000e+00  +0.000000e+00  +0.000000e+00 
+0.000000e+00  +0.000000e+00  +0.000000e+00  +0.000000e+00  +0.000000e+00  +0.000000e+00  +0.000000e+00  +0.000000e+00  +0.000000e+00  +1.866713e-302  +9.065088e-240  +6.163147e-188  +1.629135e-141  +7.455218e-104  +4.738087e-77  +4.181997e-61  +5.126281e-56  +4.032643e-49  +1.016098e-44  +1.094250e-50  +2.140985e-58  +3.523061e-70  +8.052272e-93  +2.705316e-126  +1.369254e-163  +1.743384e-210  +3.082763e-268  +0.000000e+00  +0.000000e+00  +0.000000e+00  +0.000000e+00  +0.000000e+00 
+0.000000e+00  +0.000000e+00  +0.000000e+00  +0.000000e+00  +0.000000e+00  +0.000000e+00  +0.000000e+00  +0.000000e+00  +0.000000e+00  +0.000000e+00  +8.947003e-288  +7.164005e-229  +2.360602e-180  +1.080258e-142  +6.865469e-116  +6.059696e-100  +7.428224e-95  +4.800604e-84  +1.209597e-79  +4.443959e-86  +2.172513e-97  +3.450568e-109  +7.886583e-132  +2.503371e-165  +1.223967e-209  +1.532949e-257  +2.710657e-315  +0.000000e+00  +0.000000e+00  +0.000000e+00  +0.000000e+00  +0.000000e+00 
+0.000000e+00  +0.000000e+00  +0.000000e+00  +0.000000e+00  +0.000000e+00  +0.000000e+00  +0.000000e+00  +0.000000e+00  +0.000000e+00  +0.000000e+00  +0.000000e+00  +1.441654e-278  +4.750374e-230  +2.173865e-192  +1.381578e-165  +1.219427e-149  +1.932225e-144  +7.936699e-130  +1.999791e-125  +7.006280e-132  +3.300051e-146  +4.693524e-159  +1.072747e-181  +3.405129e-215  +1.501094e-259  +1.106207e-314  +0.000000e+00  +0.000000e+00  +0.000000e+00  +0.000000e+00  +0.000000e+00  +0.000000e+00 
+0.000000e+00  +0.000000e+00  +0.000000e+00  +0.000000e+00  +0.000000e+00  +0.000000e+00  +0.000000e+00  +0.000000e+00  +0.000000e+00  +0.000000e+00  +0.000000e+00  +0.000000e+00  +1.327611e-290  +6.075410e-253  +3.861164e-226  +3.407995e-210  +1.004837e-201  +1.822308e-186  +4.591627e-182  +1.606800e-188  +1.739326e-204  +8.866361e-220  +2.026486e-242  +6.432503e-276  +2.835443e-320  +0.000000e+00  +0.000000e+00  +0.000000e+00  +0.000000e+00  +0.000000e+00  +0.000000e+00  +0.000000e+00 
