+0.000000e+00  +0.000000e+00  +0.000000e+00  +0.000000e+00  +0.000000e+00  +0.000000e+00  +0.000000e+00  +0.000000e+00  +4.739472e-282  +3.320079e-231  +3.137816e-180  +1.069017e-138  +5.059787e-108  +3.325966e-88  +3.036278e-79  +3.849489e-81  +2.854002e-92  +2.575070e-80  +1.832673e-78  +1.894789e-86  +5.205188e-84  +1.599480e-85  +6.826183e-98  +4.047128e-121  +3.354755e-155  +4.427317e-200  +2.781443e-255  +1.074593e-320  +0.000000e+00  +0.000000e+00  +0.000000e+00  +0.000000e+00 
+0.000000e+00  +0.000000e+00  +0.000000e+00  +0.000000e+00  +0.000000e+00  +0.000000e+00  +0.000000e+00  +7.200986e-292  +1.063519e-232  +3.768834e-183  +3.832082e-143  +5.073419e-104  +2.391311e-73  +1.571887e-53  +1.434977e-44  +1.819309e-46  +5.576085e-55  +7.402531e-46  +5.268364e-44  +6.882265e-50  +4.232113e-48  +1.300368e-49  +5.554436e-62  +3.355888e-85  +3.923254e-119  +3.381989e-163  +1.083148e-217  +5.256081e-283  +0.000000e+00  +0.000000e+00  +0.000000e+00  +0.000000e+00 
+0.000000e+00  +0.000000e+00  +0.000000e+00  +0.000000e+00  +0.000000e+00  +0.000000e+00  +8.646149e-322  +8.405976e-252  +1.136596e-192  +2.230884e-144  +5.920875e-106  +8.925671e-77  +1.651574e-49  +1.031757e-29  +9.418603e-21  +1.194120e-22  +1.889852e-28  +2.957653e-22  +2.103316e-20  +3.832872e-24  +4.781485e-23  +1.471819e-24  +6.616258e-37  +8.310162e-60  +8.669233e-93  +2.116862e-136  +7.417013e-191  +3.614649e-256  +0.000000e+00  +0.000000e+00  +0.000000e+00  +0.000000e+00 
+0.000000e+00  +0.000000e+00  +0.000000e+00  +0.000000e+00  +0.000000e+00  +0.000000e+00  +1.400638e-292  +1.363366e-222  +1.843051e-163  +3.460556e-115  +9.224446e-78  +1.874528e-50  +4.085428e-32  +1.661897e-16  +8.598416e-08  +1.088546e-09  +9.224323e-13  +2.796225e-09  +1.166593e-07  +2.966747e-09  +7.570210e-09  +2.657273e-10  +4.334077e-22  +4.449392e-44  +7.997247e-77  +2.059665e-120  +1.387965e-168  +9.024612e-226  +8.149244e-294  +0.000000e+00  +0.000000e+00  +0.000000e+00 
+0.000000e+00  +0.000000e+00  +0.000000e+00  +0.000000e+00  +0.000000e+00  +0.000000e+00  +3.154924e-274  +3.070969e-204  +4.151453e-145  +7.794042e-97  +2.032291e-59  +7.439850e-33  +1.231585e-16  +5.191001e-09  +2.304494e-04  +5.684502e-05  +1.149132e-06  +2.986436e-04  +1.599599e-04  +3.535117e-05  +3.669099e-05  +5.796815e-06  +1.188760e-16  +5.199996e-37  +1.625288e-62  +5.477969e-98  +2.564674e-144  +1.667566e-201  +1.505816e-269  +0.000000e+00  +0.000000e+00  +0.000000e+00 
+0.000000e+00  +0.000000e+00  +0.000000e+00  +0.000000e+00  +0.000000e+00  +0.000000e+00  +9.869376e-267  +9.606747e-197  +1.298676e-137  +2.438167e-89  +6.357173e-52  +2.302044e-25  +1.163925e-09  +1.770805e-04  +3.490181e-05  +1.946879e-04  +1.459035e-04  +3.773204e-04  +1.639236e-04  +2.403836e-04  +9.195680e-05  +7.745689e-05  +1.072141e-10  +1.719132e-24  +4.170045e-49  +1.405762e-84  +6.581497e-131  +4.279327e-188  +3.864241e-256  +0.000000e+00  +0.000000e+00  +0.000000e+00 
+0.000000e+00  +0.000000e+00  +0.000000e+00  +0.000000e+00  +0.000000e+00  +1.744052e-321  +1.448194e-253  +2.136068e-192  +6.079650e-141  +1.059260e-92  +2.761978e-55  +1.002144e-28  +5.557114e-13  +3.817106e-06  +1.368960e-04  +2.132309e-04  +2.074955e-04  +3.448668e-04  +2.494517e-04  +2.041791e-04  +1.236847e-04  +6.635873e-05  +3.558328e-08  +6.123705e-22  +1.486169e-46  +5.010052e-82  +2.345606e-128  +1.525126e-185  +1.377192e-253  +0.000000e+00  +0.000000e+00  +0.000000e+00 
+0.000000e+00  +0.000000e+00  +0.000000e+00  +0.000000e+00  +0.000000e+00  +2.273304e-273  +1.923812e-215  +1.169624e-166  +2.349499e-116  +6.684047e-77  +2.640851e-48  +1.110395e-26  +1.371252e-10  +7.048864e-05  +8.899590e-05  +4.111073e-04  +3.038396e-04  +2.739627e-04  +3.600298e-04  +2.583170e-04  +1.254184e-04  +2.571570e-05  +1.437049e-14  +3.030662e-30  +7.355902e-55  +2.479765e-90  +1.160976e-136  +7.548735e-194  +6.816523e-262  +0.000000e+00  +0.000000e+00  +0.000000e+00 
+0.000000e+00  +0.000000e+00  +0.000000e+00  +0.000000e+00  +1.968569e-304  +5.105016e-236  +3.579544e-178  +4.104641e-131  +6.693671e-95  +4.984392e-62  +1.969312e-33  +1.080574e-15  +1.720245e-08  +1.055174e-04  +1.555022e-04  +2.466340e-04  +3.630154e-04  +2.539448e-04  +1.538487e-04  +1.368975e-05  +5.982639e-05  +9.619405e-06  +4.414634e-16  +2.856901e-37  +3.003727e-69  +1.715489e-109  +7.980492e-156  +5.188962e-213  +4.685643e-281  +0.000000e+00  +0.000000e+00  +0.000000e+00 
+0.000000e+00  +0.000000e+00  +0.000000e+00  +0.000000e+00  +2.681806e-276  +2.187313e-208  +3.134271e-151  +1.365949e-104  +1.747718e-68  +3.830327e-43  +1.461317e-28  +1.429546e-11  +1.100530e-04  +3.239329e-05  +1.638883e-04  +2.121744e-04  +2.241867e-04  +2.538176e-04  +3.668209e-04  +7.673224e-05  +6.076400e-05  +5.889683e-07  +1.898179e-18  +8.511365e-41  +5.435105e-74  +6.474273e-118  +3.819893e-172  +7.853005e-237  +4.728962e-311  +0.000000e+00  +0.000000e+00  +0.000000e+00 
+0.000000e+00  +0.000000e+00  +0.000000e+00  +1.180387e-296  +1.923894e-241  +5.942240e-191  +6.482370e-134  +1.009181e-87  +2.623262e-52  +1.919172e-27  +4.423761e-13  +1.847588e-09  +1.587521e-05  +1.901366e-04  +1.229881e-04  +1.844064e-04  +3.780016e-04  +1.421654e-04  +2.356223e-04  +2.059010e-04  +4.299497e-09  +4.060196e-16  +3.435921e-27  +1.273075e-47  +9.899135e-79  +1.073387e-120  +1.616470e-173  +3.380780e-237  +9.819835e-312  +0.000000e+00  +0.000000e+00  +0.000000e+00 
+0.000000e+00  +0.000000e+00  +1.558870e-316  +1.827849e-250  +2.976522e-195  +6.751731e-151  +4.919956e-116  +3.855054e-81  +8.101354e-46  +2.413449e-21  +1.152956e-07  +1.432947e-04  +6.488981e-06  +8.136505e-05  +4.775238e-05  +2.551934e-04  +2.719871e-04  +2.064633e-04  +2.011540e-04  +1.675445e-04  +8.912089e-05  +7.802532e-07  +3.152530e-16  +1.772379e-36  +1.383860e-67  +1.500602e-109  +2.259836e-162  +4.726354e-226  +1.372820e-300  +0.000000e+00  +0.000000e+00  +0.000000e+00 
+0.000000e+00  +0.000000e+00  +3.352461e-281  +3.930920e-215  +6.401219e-160  +1.447670e-115  +4.592565e-82  +1.500391e-57  +7.947701e-42  +4.798100e-21  +1.244585e-07  +1.610606e-04  +1.313299e-04  +1.095660e-04  +7.135612e-05  +1.813204e-04  +2.394642e-04  +3.419277e-04  +2.867599e-04  +1.119439e-04  +1.769038e-05  +4.106423e-06  +6.289424e-16  +3.442675e-36  +2.686908e-67  +4.745978e-107  +4.844255e-153  +6.909434e-210  +1.368663e-277  +0.000000e+00  +0.000000e+00  +0.000000e+00 
+0.000000e+00  +1.902085e-311  +1.001282e-256  +1.174048e-190  +1.911853e-135  +4.323753e-91  +1.358023e-57  +6.123136e-35  +9.015178e-21  +9.553337e-13  +2.078042e-07  +1.014116e-04  +1.550151e-04  +2.424952e-05  +2.957748e-04  +2.743163e-04  +2.245490e-04  +2.005888e-04  +4.295233e-05  +1.606947e-04  +7.634749e-05  +1.129631e-09  +1.390531e-15  +5.291879e-29  +2.812884e-53  +2.079284e-88  +2.135258e-134  +3.045486e-191  +6.032654e-259  +0.000000e+00  +0.000000e+00  +0.000000e+00 
+6.210522e-316  +4.647268e-256  +4.829536e-207  +6.970292e-169  +7.930201e-122  +1.793455e-77  +5.632938e-44  +2.457118e-21  +1.660905e-09  +1.054737e-05  +2.148700e-04  +8.513757e-05  +1.544530e-04  +2.034371e-04  +2.520246e-04  +1.205018e-04  +1.652819e-04  +9.759554e-05  +1.486718e-04  +7.045436e-05  +6.278142e-05  +5.643486e-05  +9.737200e-08  +3.349338e-21  +1.735583e-45  +1.275182e-80  +1.307643e-126  +1.864448e-183  +3.692905e-251  +0.000000e+00  +0.000000e+00  +0.000000e+00 
+2.107336e-271  +1.576897e-211  +1.638744e-162  +2.365139e-124  +4.740675e-97  +1.033139e-74  +3.244911e-41  +1.415456e-18  +8.712515e-07  +1.146668e-04  +7.279643e-05  +1.171435e-04  +6.529899e-05  +6.124638e-05  +4.145892e-05  +4.868753e-05  +1.303525e-04  +2.781673e-04  +1.017118e-04  +1.296900e-04  +2.304399e-04  +2.237307e-04  +1.947948e-09  +4.691082e-24  +1.664666e-48  +1.117045e-83  +1.295475e-125  +5.179855e-172  +2.876615e-229  +1.117844e-292  +0.000000e+00  +0.000000e+00 
+9.930644e-238  +7.430997e-178  +7.722443e-129  +1.114552e-90  +2.234003e-63  +6.220900e-47  +1.336871e-37  +1.829909e-19  +6.150819e-07  +4.375823e-05  +1.787273e-04  +1.942524e-04  +5.310962e-05  +1.098180e-04  +2.714504e-04  +5.402428e-06  +1.235072e-04  +1.100967e-04  +1.141534e-04  +1.423593e-04  +2.379660e-04  +1.853074e-04  +1.552683e-07  +7.825311e-21  +5.210657e-40  +1.078533e-64  +3.105422e-100  +1.250693e-146  +6.430750e-192  +6.447750e-246  +8.978271e-311  +0.000000e+00 
+6.499186e-215  +4.863273e-155  +5.054012e-106  +7.294271e-68  +1.462061e-40  +4.069934e-24  +2.842927e-17  +2.365640e-15  +6.335211e-07  +1.138992e-04  +8.713846e-05  +4.673791e-06  +2.848519e-04  +7.222374e-05  +8.201415e-05  +7.406981e-06  +5.340936e-05  +2.345767e-04  +6.776229e-05  +1.899200e-04  +1.613995e-04  +1.683849e-05  +3.197451e-07  +1.202380e-11  +1.732086e-25  +3.590868e-50  +1.372648e-80  +7.135533e-113  +5.151516e-156  +5.165151e-210  +7.195594e-275  +0.000000e+00 
+5.907157e-203  +4.420264e-143  +4.593628e-94  +6.629815e-56  +1.328878e-28  +3.699196e-12  +1.511102e-06  +6.569399e-06  +2.257361e-05  +6.761436e-06  +1.605960e-04  +1.700578e-04  +2.800108e-04  +3.122777e-04  +2.571803e-05  +9.737257e-05  +6.563499e-05  +1.905341e-04  +1.364541e-04  +7.492171e-05  +1.353693e-04  +1.640337e-04  +1.391119e-04  +5.372330e-08  +8.159936e-22  +4.079758e-34  +1.527099e-55  +7.938961e-88  +5.779728e-131  +1.264850e-184  +1.371662e-247  +3.740077e-321 
+7.456517e-202  +5.579634e-142  +5.798469e-93  +8.368718e-55  +1.677423e-27  +4.674748e-11  +6.783489e-05  +1.241319e-04  +1.383844e-04  +1.882289e-04  +1.630682e-04  +1.757832e-04  +6.595694e-05  +8.591652e-05  +6.432979e-05  +1.466336e-04  +1.290863e-04  +1.089815e-04  +1.290602e-04  +2.506407e-04  +1.250888e-04  +7.048129e-05  +4.108406e-05  +1.221700e-09  +2.338796e-09  +6.310420e-20  +2.725499e-41  +2.822328e-72  +2.766281e-113  +3.934073e-165  +7.772550e-228  +2.132669e-301 
+1.307168e-211  +9.781403e-152  +1.016503e-102  +1.467082e-64  +2.941580e-37  +4.407873e-20  +1.398123e-07  +1.208637e-04  +1.367780e-04  +1.211601e-04  +3.206330e-04  +3.413300e-04  +1.358994e-04  +9.629115e-05  +2.539853e-04  +1.141799e-04  +1.637066e-04  +1.682244e-04  +4.045082e-04  +1.464552e-04  +2.185701e-04  +2.080176e-04  +1.726417e-04  +1.895984e-04  +1.928501e-05  +5.468942e-14  +2.897382e-33  +2.137009e-63  +2.189034e-104  +3.114130e-156  +6.152602e-219  +1.688180e-292 
+3.182475e-232  +2.600056e-172  +8.905433e-119  +5.037162e-75  +3.957033e-42  +4.338191e-20  +3.023290e-08  +8.214983e-05  +1.846370e-04  +4.485087e-04  +3.192584e-04  +1.734676e-04  +3.225736e-04  +1.019597e-05  +1.810345e-05  +1.554040e-04  +2.463009e-04  +3.973144e-04  +3.044691e-04  +1.749141e-05  +1.148579e-04  +1.993362e-04  +1.949792e-04  +6.945529e-05  +1.568314e-07  +5.997374e-16  +3.185161e-35  +2.349306e-65  +2.406500e-106  +3.423497e-158  +6.763821e-221  +1.855890e-294 
+1.639559e-236  +4.808329e-171  +1.958390e-116  +1.107751e-72  +8.702131e-40  +9.502143e-18  +1.631224e-06  +2.125376e-04  +7.001300e-05  +3.561896e-04  +2.328088e-04  +3.334121e-04  +2.950021e-04  +2.139806e-05  +7.275276e-05  +1.171170e-04  +8.486995e-06  +3.441457e-04  +2.546271e-04  +4.129304e-04  +1.294286e-04  +1.796733e-05  +8.807244e-08  +1.036034e-11  +1.088862e-19  +9.156561e-29  +4.862982e-48  +3.586831e-78  +3.674152e-119  +5.226864e-171  +1.032674e-233  +2.833501e-307 
+5.007503e-245  +1.468548e-179  +5.981269e-125  +3.383398e-81  +2.672375e-48  +5.225926e-26  +8.955630e-13  +6.270341e-05  +9.640360e-05  +1.918449e-04  +2.013543e-04  +1.093672e-04  +1.468240e-04  +9.350052e-05  +1.828076e-04  +1.584796e-05  +1.745935e-04  +6.120330e-05  +3.214129e-05  +3.274729e-04  +2.667697e-04  +1.202315e-04  +1.889807e-05  +2.564661e-14  +1.413607e-31  +1.941765e-52  +1.031126e-71  +7.605365e-102  +7.790517e-143  +1.108282e-194  +2.189639e-257  +0.000000e+00 
+2.123994e-264  +6.229039e-199  +2.537652e-144  +1.484683e-100  +6.709121e-67  +5.204867e-39  +5.933150e-19  +4.057118e-07  +1.845946e-04  +1.485965e-04  +8.366744e-05  +1.410042e-04  +1.541609e-05  +5.093824e-05  +1.095718e-04  +9.685930e-05  +9.347616e-05  +2.782694e-04  +2.368604e-04  +2.279977e-04  +3.315588e-04  +1.266638e-05  +1.170649e-04  +1.478565e-10  +2.704582e-27  +6.870659e-55  +2.424012e-93  +2.239584e-136  +2.294106e-177  +3.263605e-229  +6.447920e-292  +0.000000e+00 
+1.251204e-294  +3.675043e-229  +1.820010e-174  +1.554218e-123  +9.202053e-79  +7.569233e-45  +8.892546e-22  +1.038123e-08  +4.571582e-05  +5.092833e-05  +4.633580e-05  +3.054804e-05  +2.019288e-05  +1.750837e-06  +1.630152e-11  +2.282568e-08  +7.048174e-06  +1.911718e-04  +5.709369e-05  +3.764048e-05  +9.149034e-05  +2.198535e-04  +9.615104e-05  +5.046499e-12  +3.856218e-30  +4.109140e-59  +6.673333e-99  +4.394810e-149  +2.186148e-209  +1.334699e-274  +0.000000e+00  +0.000000e+00 
+0.000000e+00  +5.618533e-259  +1.725134e-192  +7.359337e-137  +4.768883e-92  +8.130605e-57  +2.034646e-31  +7.394202e-17  +3.790886e-13  +9.031939e-12  +2.690805e-12  +1.799107e-13  +1.297922e-14  +7.094404e-18  +9.483029e-25  +1.390923e-18  +1.871425e-10  +4.079769e-06  +1.584837e-04  +1.110174e-04  +1.291484e-04  +3.613046e-06  +5.033854e-07  +4.067826e-17  +2.640820e-35  +2.801917e-64  +4.128826e-104  +8.449594e-155  +2.401503e-216  +9.479126e-289  +0.000000e+00  +0.000000e+00 
+0.000000e+00  +3.699157e-283  +1.488766e-216  +3.512300e-159  +4.700799e-112  +8.858476e-76  +2.318518e-50  +8.427525e-36  +4.774041e-32  +6.664585e-29  +2.520862e-29  +1.482253e-32  +1.161551e-34  +3.356263e-38  +2.531421e-47  +3.693529e-37  +1.500432e-23  +1.901498e-12  +1.560907e-11  +1.749902e-08  +3.571034e-09  +6.800558e-17  +3.446407e-17  +4.191334e-28  +7.330144e-50  +2.681833e-80  +3.927411e-120  +8.037390e-171  +2.284348e-232  +9.016697e-305  +0.000000e+00  +0.000000e+00 
+0.000000e+00  +8.009621e-316  +5.611603e-247  +5.482980e-189  +7.440332e-142  +1.402187e-105  +3.669928e-80  +1.333973e-65  +1.317732e-61  +9.101773e-57  +3.558854e-57  +1.696011e-62  +1.443692e-65  +4.160350e-69  +9.402789e-81  +3.718693e-62  +9.549859e-41  +1.307280e-29  +8.163960e-29  +4.052994e-22  +2.998872e-23  +7.251489e-34  +3.281162e-38  +3.990341e-49  +6.739542e-71  +1.581195e-103  +1.033801e-146  +1.062007e-197  +3.017724e-259  +0.000000e+00  +0.000000e+00  +0.000000e+00 
+0.000000e+00  +0.000000e+00  +1.233570e-287  +1.205318e-229  +1.635601e-182  +3.082414e-146  +8.067567e-121  +2.932460e-106  +1.257419e-101  +1.780224e-95  +6.981813e-96  +2.695471e-103  +2.492285e-107  +7.181165e-111  +1.487960e-121  +9.250713e-91  +9.118188e-69  +1.248188e-57  +1.266562e-55  +1.411161e-46  +9.683253e-48  +1.724672e-59  +4.338373e-70  +5.276054e-81  +8.911063e-103  +2.090200e-135  +6.809019e-179  +3.099958e-233  +5.730040e-297  +0.000000e+00  +0.000000e+00  +0.000000e+00 
+0.000000e+00  +0.000000e+00  +0.000000e+00  +3.679803e-281  +4.993445e-234  +9.410527e-198  +2.463006e-172  +8.952722e-158  +2.699365e-152  +4.849056e-145  +1.902243e-145  +6.051455e-155  +5.981446e-160  +1.721478e-163  +1.728343e-162  +1.226662e-129  +1.209088e-107  +1.655119e-96  +1.418756e-91  +6.830235e-82  +4.671930e-83  +4.591276e-95  +7.967196e-113  +9.688273e-124  +1.636314e-145  +3.838176e-178  +1.250320e-221  +5.656597e-276  +0.000000e+00  +0.000000e+00  +0.000000e+00  +0.000000e+00 
+0.000000e+00  +0.000000e+00  +0.000000e+00  +0.000000e+00  +2.117197e-296  +3.990018e-260  +1.044303e-234  +3.795911e-220  +8.892084e-214  +1.834775e-205  +7.197835e-206  +5.744543e-217  +2.012543e-223  +5.731203e-227  +3.182855e-212  +2.258979e-179  +2.226617e-157  +3.048013e-146  +9.324962e-138  +4.591375e-128  +3.140127e-129  +2.986663e-141  +5.794918e-164  +2.470708e-177  +4.172936e-199  +9.788135e-232  +3.188571e-275  +0.000000e+00  +0.000000e+00  +0.000000e+00  +0.000000e+00  +0.000000e+00 
