+0.000000e+00  +0.000000e+00  +0.000000e+00  +0.000000e+00  +1.284571e-322  +1.715243e-255  +3.173636e-199  +8.176890e-154  +2.991011e-119  +1.788380e-95  +2.993753e-82  +3.443089e-79  +1.460728e-75  +2.884844e-79  +1.454946e-80  +1.019814e-92  +3.214436e-110  +1.947469e-109  +1.707221e-119  +2.221780e-140  +5.678318e-170  +3.083770e-209  +7.608379e-257  +7.678612e-308  +0.000000e+00  +0.000000e+00  +0.000000e+00  +0.000000e+00  +0.000000e+00  +0.000000e+00  +0.000000e+00  +0.000000e+00 
+0.000000e+00  +0.000000e+00  +0.000000e+00  +0.000000e+00  +1.574838e-287  +2.097401e-220  +3.880085e-164  +9.983326e-119  +3.610946e-84  +1.994089e-60  +2.551837e-47  +1.295448e-44  +9.114438e-42  +1.210990e-44  +6.110579e-46  +6.526314e-58  +3.522826e-68  +2.223591e-67  +1.954649e-77  +1.775803e-97  +6.054042e-126  +8.407652e-164  +5.887514e-204  +5.960196e-255  +8.379700e-317  +0.000000e+00  +0.000000e+00  +0.000000e+00  +0.000000e+00  +0.000000e+00  +0.000000e+00  +0.000000e+00 
+0.000000e+00  +0.000000e+00  +0.000000e+00  +0.000000e+00  +2.752482e-263  +3.561884e-196  +6.588707e-140  +1.693975e-94  +6.089063e-60  +3.207323e-36  +3.303135e-23  +1.200912e-20  +7.898206e-19  +7.062877e-21  +3.564233e-22  +6.409011e-31  +5.586090e-37  +3.526346e-36  +3.899879e-46  +2.295892e-64  +2.561249e-92  +8.706772e-122  +6.346712e-162  +6.426764e-213  +9.295161e-275  +0.000000e+00  +0.000000e+00  +0.000000e+00  +0.000000e+00  +0.000000e+00  +0.000000e+00  +0.000000e+00 
+0.000000e+00  +0.000000e+00  +0.000000e+00  +9.581225e-301  +3.926419e-231  +2.234654e-172  +1.787435e-124  +4.009938e-81  +1.430676e-46  +7.333383e-23  +6.460602e-10  +1.748793e-07  +9.505517e-07  +5.727911e-08  +3.167632e-09  +4.737576e-14  +1.230934e-16  +7.846950e-16  +1.743038e-24  +5.477257e-42  +2.483470e-61  +1.303751e-90  +9.700883e-131  +3.147966e-181  +3.345611e-241  +7.053808e-312  +0.000000e+00  +0.000000e+00  +0.000000e+00  +0.000000e+00  +0.000000e+00  +0.000000e+00 
+0.000000e+00  +0.000000e+00  +0.000000e+00  +6.699544e-278  +2.745496e-208  +1.562552e-149  +1.235054e-101  +1.355748e-64  +2.517448e-38  +2.582440e-18  +5.445398e-07  +6.323634e-05  +2.767740e-04  +3.973648e-04  +2.586231e-04  +2.647336e-07  +7.658479e-07  +4.781413e-06  +7.276571e-13  +1.366461e-22  +5.241818e-41  +7.162929e-70  +3.538622e-108  +3.862250e-157  +5.886689e-217  +1.246126e-287  +0.000000e+00  +0.000000e+00  +0.000000e+00  +0.000000e+00  +0.000000e+00  +0.000000e+00 
+0.000000e+00  +0.000000e+00  +0.000000e+00  +6.505900e-266  +2.666140e-196  +1.517388e-137  +1.199357e-89  +1.316567e-52  +2.007794e-26  +4.295574e-11  +3.604965e-05  +1.607053e-04  +2.026676e-04  +1.810294e-04  +2.334351e-04  +1.676279e-04  +1.945952e-04  +2.229957e-04  +1.484764e-05  +8.630899e-13  +1.934811e-29  +1.092570e-56  +8.633672e-95  +9.475679e-144  +1.444320e-203  +1.005582e-270  +0.000000e+00  +0.000000e+00  +0.000000e+00  +0.000000e+00  +0.000000e+00  +0.000000e+00 
+0.000000e+00  +0.000000e+00  +0.000000e+00  +8.774200e-265  +3.595697e-195  +2.046429e-136  +1.617520e-88  +1.775745e-51  +2.714425e-25  +6.184044e-10  +5.475554e-05  +1.192207e-04  +8.721708e-05  +1.868799e-04  +2.288071e-04  +2.307407e-04  +1.715123e-04  +4.854964e-06  +5.473827e-05  +1.596802e-10  +6.541989e-27  +3.722619e-54  +3.590370e-92  +3.852759e-129  +3.178934e-176  +3.642751e-234  +6.259146e-294  +0.000000e+00  +0.000000e+00  +0.000000e+00  +0.000000e+00  +0.000000e+00 
+0.000000e+00  +0.000000e+00  +0.000000e+00  +1.643409e-274  +6.734746e-205  +3.832968e-146  +3.029690e-98  +3.328235e-61  +5.181848e-35  +2.469439e-17  +3.394986e-06  +1.756851e-04  +1.885559e-04  +3.606670e-04  +4.403756e-04  +1.605527e-04  +6.981940e-04  +2.303759e-04  +5.897648e-05  +5.042513e-12  +2.842232e-27  +7.628659e-42  +3.263487e-67  +1.938892e-103  +6.182446e-150  +7.224893e-193  +1.581917e-246  +4.810319e-311  +0.000000e+00  +0.000000e+00  +0.000000e+00  +0.000000e+00 
+0.000000e+00  +0.000000e+00  +0.000000e+00  +4.274857e-295  +1.751852e-225  +9.970435e-167  +8.029493e-119  +6.872915e-76  +4.483784e-42  +4.070190e-19  +5.283861e-07  +2.830626e-05  +3.922492e-05  +2.052967e-04  +2.049712e-04  +2.734355e-04  +3.206226e-04  +3.083140e-04  +1.976406e-04  +6.210913e-07  +1.731012e-12  +5.332160e-27  +2.281380e-52  +1.416927e-81  +1.608510e-113  +2.535934e-156  +5.552522e-210  +1.688420e-274  +0.000000e+00  +0.000000e+00  +0.000000e+00  +0.000000e+00 
+0.000000e+00  +0.000000e+00  +0.000000e+00  +0.000000e+00  +1.047190e-250  +2.798022e-184  +2.853037e-128  +2.185185e-82  +3.207941e-47  +6.652913e-23  +1.917618e-09  +2.210014e-06  +2.750781e-06  +3.899487e-04  +4.517268e-04  +5.249692e-04  +4.117080e-04  +2.348370e-04  +1.537313e-04  +1.059143e-04  +3.398844e-08  +1.972247e-22  +8.449980e-35  +6.907106e-56  +7.841089e-88  +1.236226e-130  +2.706848e-184  +8.231521e-249  +4.940656e-324  +0.000000e+00  +0.000000e+00  +0.000000e+00 
+0.000000e+00  +0.000000e+00  +0.000000e+00  +8.724115e-311  +4.212860e-237  +2.825339e-174  +2.631492e-122  +3.403858e-81  +6.114752e-51  +1.526743e-31  +7.236161e-21  +1.481929e-08  +1.043792e-04  +2.608710e-04  +1.862308e-04  +2.377773e-04  +2.228840e-04  +1.074781e-04  +9.647449e-05  +1.251227e-04  +3.872362e-10  +9.738092e-10  +5.741417e-20  +4.708272e-41  +5.377485e-73  +8.575153e-116  +1.917763e-169  +6.179653e-234  +5.474132e-292  +0.000000e+00  +0.000000e+00  +0.000000e+00 
+0.000000e+00  +0.000000e+00  +0.000000e+00  +1.801296e-296  +8.698427e-223  +5.833568e-160  +5.433326e-108  +7.028056e-67  +1.262533e-36  +3.149836e-17  +1.156825e-08  +3.282674e-06  +1.684285e-04  +4.190349e-05  +1.133631e-04  +7.153165e-04  +3.353854e-04  +3.854016e-05  +8.416111e-05  +1.505529e-07  +8.556849e-06  +2.188321e-05  +1.918614e-15  +2.555135e-36  +5.026201e-68  +1.524014e-110  +2.341495e-146  +8.531258e-192  +6.088786e-246  +7.054261e-310  +0.000000e+00  +0.000000e+00 
+0.000000e+00  +0.000000e+00  +0.000000e+00  +1.675975e-276  +1.138116e-209  +1.075028e-153  +1.558141e-104  +2.015287e-63  +3.620337e-33  +9.036066e-14  +3.185951e-05  +1.129124e-04  +1.006359e-04  +2.520318e-04  +1.128336e-04  +1.888873e-04  +3.241604e-04  +1.553909e-04  +1.994708e-04  +1.985123e-04  +2.511474e-04  +1.307234e-05  +1.376785e-15  +2.040539e-36  +5.223716e-55  +9.038453e-79  +4.096250e-113  +1.161726e-155  +9.742809e-209  +1.135529e-272  +0.000000e+00  +0.000000e+00 
+0.000000e+00  +0.000000e+00  +3.655481e-311  +8.379070e-256  +5.664335e-189  +5.342090e-133  +6.997082e-88  +1.272835e-53  +3.215799e-30  +5.101988e-17  +5.551348e-07  +1.129281e-04  +2.263998e-04  +1.281117e-04  +3.422543e-04  +7.722831e-05  +7.581803e-05  +7.184099e-05  +1.749018e-05  +1.349859e-04  +1.047768e-04  +5.360813e-07  +1.680534e-14  +5.398851e-20  +6.768496e-33  +1.113208e-55  +4.296105e-87  +2.595344e-129  +2.178060e-182  +2.538544e-246  +4.110626e-321  +0.000000e+00 
+0.000000e+00  +1.482197e-323  +1.160603e-259  +1.202993e-206  +1.731732e-164  +3.703940e-123  +4.867105e-78  +8.911752e-44  +2.281373e-20  +8.218683e-08  +8.874774e-06  +6.820081e-05  +2.918599e-04  +1.811198e-04  +4.630565e-05  +2.527806e-04  +5.555497e-05  +1.081241e-04  +1.149360e-04  +1.045502e-04  +1.425638e-04  +1.629431e-04  +1.217803e-06  +1.078741e-08  +1.024140e-19  +3.066914e-40  +1.333476e-71  +8.057817e-114  +6.762297e-167  +7.881505e-231  +1.275740e-305  +0.000000e+00 
+0.000000e+00  +6.856765e-283  +5.117535e-219  +5.304449e-166  +7.635856e-124  +1.526559e-92  +4.417655e-72  +2.253373e-44  +9.396047e-21  +7.103535e-08  +1.486205e-04  +1.954324e-04  +1.107390e-04  +2.459695e-04  +2.317416e-04  +7.895043e-05  +4.490840e-08  +1.397319e-04  +1.058817e-04  +8.243118e-05  +1.332904e-04  +6.413457e-05  +3.866913e-05  +2.127255e-05  +4.238262e-15  +1.345553e-35  +6.614965e-67  +7.796090e-109  +3.289148e-161  +2.921488e-224  +3.868406e-298  +0.000000e+00 
+0.000000e+00  +4.198888e-253  +3.133833e-189  +3.248294e-136  +4.675982e-94  +9.348205e-63  +2.597029e-42  +2.166608e-31  +1.118128e-19  +4.532460e-07  +2.157875e-04  +2.104985e-04  +4.028632e-05  +1.714617e-04  +2.136122e-04  +1.548063e-04  +5.004330e-07  +1.065524e-04  +4.120787e-05  +6.247169e-05  +3.077696e-04  +7.133669e-05  +6.298409e-05  +3.155961e-05  +5.841900e-14  +1.512692e-33  +5.439891e-64  +2.716863e-105  +1.884444e-157  +9.483604e-218  +3.884388e-272  +0.000000e+00 
+6.644828e-309  +3.570979e-234  +2.665194e-170  +2.762539e-117  +3.976727e-75  +7.950258e-44  +2.207385e-23  +1.095535e-13  +2.780785e-10  +3.452083e-07  +7.745461e-05  +1.808334e-04  +2.879206e-04  +8.910846e-05  +2.249066e-04  +3.926174e-05  +9.278939e-06  +1.447447e-04  +4.645280e-05  +3.231207e-04  +4.607465e-05  +9.363168e-05  +1.167584e-04  +1.143932e-08  +1.971386e-19  +2.370056e-40  +4.829304e-71  +9.713558e-100  +2.066730e-132  +6.106987e-176  +2.506181e-230  +1.508808e-295 
+7.848283e-301  +4.217725e-226  +3.147892e-162  +3.262867e-109  +4.696959e-67  +9.390142e-36  +2.607147e-15  +1.009363e-05  +8.902674e-05  +1.105927e-04  +1.916642e-04  +1.597867e-04  +7.961138e-05  +1.925641e-04  +3.142380e-04  +3.641508e-05  +1.086981e-05  +4.240056e-06  +1.200019e-04  +1.436021e-04  +4.934108e-05  +4.686045e-05  +6.385861e-05  +9.811436e-06  +6.421287e-15  +5.665782e-33  +5.681556e-47  +8.703660e-69  +1.851860e-101  +5.535662e-145  +1.564511e-197  +5.192096e-259 
+1.287371e-303  +6.918424e-229  +5.163554e-165  +5.352150e-112  +7.704522e-70  +1.540285e-38  +4.277749e-18  +5.599113e-08  +2.312984e-05  +1.959314e-04  +5.704362e-05  +1.973755e-04  +3.050516e-04  +1.801134e-04  +1.321389e-04  +1.413196e-04  +4.556230e-05  +1.929305e-05  +7.170392e-05  +4.199011e-05  +3.066715e-04  +3.173126e-04  +5.392143e-05  +7.218744e-05  +3.235860e-10  +6.839515e-16  +7.069633e-27  +1.085684e-48  +3.494920e-80  +5.698813e-120  +1.381602e-170  +4.651841e-232 
+2.932719e-317  +1.576065e-242  +1.176293e-178  +1.219257e-125  +1.755144e-83  +3.517717e-52  +2.225436e-30  +2.428493e-13  +5.727519e-05  +2.326871e-04  +2.970210e-04  +1.329991e-04  +1.787829e-04  +2.583932e-04  +1.338078e-04  +9.988023e-05  +9.484135e-05  +2.831374e-04  +8.502698e-05  +1.820132e-04  +1.302929e-04  +1.906508e-04  +1.126493e-04  +1.936843e-04  +1.271960e-04  +1.110558e-06  +4.792185e-17  +3.231705e-35  +4.061949e-64  +7.090884e-104  +1.719112e-154  +5.788233e-216 
+0.000000e+00  +4.986305e-267  +3.721521e-203  +3.857457e-150  +5.838789e-108  +1.269755e-68  +1.406656e-38  +2.164309e-19  +9.662942e-11  +1.078234e-05  +1.187229e-04  +2.078572e-04  +4.128785e-04  +2.995444e-04  +4.140872e-04  +1.791257e-04  +2.863617e-05  +1.584796e-05  +2.201773e-05  +2.303391e-04  +3.132689e-04  +2.432773e-04  +3.346819e-04  +1.282119e-04  +1.722458e-04  +9.474584e-05  +6.169865e-12  +5.584260e-30  +7.019296e-59  +1.225348e-98  +2.970731e-149  +1.000242e-210 
+0.000000e+00  +2.190895e-302  +1.643510e-238  +3.432425e-178  +1.971485e-126  +1.572621e-85  +2.224337e-55  +7.826263e-31  +1.203483e-13  +1.638567e-06  +8.556095e-05  +1.495653e-04  +3.887593e-04  +1.778616e-04  +2.029620e-04  +5.159274e-05  +8.437452e-05  +1.804888e-04  +5.899478e-05  +3.751597e-04  +1.804818e-04  +1.811671e-04  +1.981260e-04  +6.708821e-06  +1.770544e-04  +2.429637e-06  +2.040081e-17  +1.340198e-35  +1.684576e-64  +2.940739e-104  +7.129521e-155  +2.400503e-216 
+0.000000e+00  +0.000000e+00  +4.506237e-257  +1.657480e-188  +8.466826e-131  +6.006630e-84  +5.918056e-48  +8.097766e-23  +1.538899e-08  +5.180170e-05  +2.411879e-05  +2.262793e-04  +6.960261e-05  +2.850147e-05  +1.337246e-04  +1.752767e-04  +2.921415e-05  +1.273265e-04  +1.407617e-04  +2.102229e-04  +1.225247e-04  +1.664251e-04  +5.443127e-05  +8.376053e-05  +7.835862e-06  +4.638197e-11  +1.689386e-23  +5.604231e-46  +2.697286e-79  +9.818771e-121  +2.376268e-171  +8.000869e-233 
+0.000000e+00  +0.000000e+00  +8.422576e-260  +3.630748e-191  +2.658869e-133  +3.572147e-86  +8.427681e-50  +3.137722e-24  +1.710801e-09  +4.781138e-05  +3.616910e-04  +1.805037e-04  +1.345879e-04  +2.438138e-04  +2.054101e-04  +2.330106e-04  +3.561396e-06  +2.370163e-04  +7.036990e-05  +1.096484e-04  +1.530838e-04  +4.349628e-05  +2.386152e-05  +9.798545e-05  +4.084889e-07  +6.700321e-19  +1.195920e-38  +2.322187e-62  +1.083447e-95  +7.093043e-140  +6.451105e-195  +4.518048e-260 
+0.000000e+00  +0.000000e+00  +6.988572e-262  +7.595834e-193  +1.146570e-134  +2.403606e-87  +6.997843e-51  +2.829683e-25  +1.715554e-10  +1.067886e-04  +2.137489e-04  +2.139907e-04  +2.183352e-04  +1.577622e-04  +1.138704e-04  +1.369500e-09  +1.665712e-14  +8.346619e-09  +1.567974e-05  +2.404605e-05  +1.082807e-04  +4.087062e-05  +9.787930e-05  +1.453188e-04  +5.288295e-10  +3.152794e-26  +2.274287e-51  +9.505440e-85  +6.235724e-123  +4.040612e-167  +3.674101e-222  +4.639992e-288 
+0.000000e+00  +0.000000e+00  +9.154915e-274  +9.950418e-205  +1.501990e-146  +3.153448e-99  +2.294541e-62  +5.538706e-34  +3.087993e-16  +2.410949e-09  +4.589660e-09  +2.302374e-05  +6.503413e-08  +1.683206e-06  +2.583212e-10  +2.674194e-17  +4.269208e-31  +1.287179e-18  +1.087403e-12  +9.110729e-13  +1.644302e-09  +2.148789e-07  +9.048075e-08  +2.275437e-07  +4.210580e-15  +1.994037e-32  +1.571354e-59  +1.802591e-97  +2.873264e-146  +1.154133e-204  +2.906630e-260  +0.000000e+00 
+0.000000e+00  +0.000000e+00  +1.665600e-296  +1.861989e-227  +8.028438e-168  +1.615295e-117  +4.672173e-78  +1.876892e-49  +1.047123e-31  +8.374123e-25  +7.806598e-22  +3.545780e-15  +5.964505e-18  +3.759784e-18  +5.806908e-22  +9.100709e-36  +1.902330e-51  +2.924487e-39  +2.805106e-30  +3.254946e-29  +3.504954e-25  +2.368131e-20  +2.009223e-21  +3.495214e-20  +5.978684e-28  +1.421869e-46  +6.005488e-76  +1.535734e-114  +2.413079e-163  +5.339864e-223  +1.641161e-293  +0.000000e+00 
+0.000000e+00  +0.000000e+00  +0.000000e+00  +2.435263e-255  +3.652175e-194  +7.606696e-144  +2.200283e-104  +8.838914e-76  +4.931253e-58  +4.336484e-51  +1.013953e-42  +1.003590e-35  +2.152606e-38  +1.182191e-40  +1.826329e-44  +3.918415e-59  +7.630339e-81  +2.133061e-69  +1.006399e-58  +9.137163e-56  +2.503586e-51  +3.625807e-44  +6.720512e-46  +7.458701e-44  +1.275831e-51  +3.030825e-70  +9.999385e-100  +4.599194e-140  +5.730432e-191  +6.255547e-251  +1.916975e-321  +0.000000e+00 
+0.000000e+00  +0.000000e+00  +0.000000e+00  +1.592732e-292  +2.388632e-231  +4.975007e-181  +1.439051e-141  +5.780914e-113  +3.225187e-95  +3.916105e-88  +1.941378e-74  +4.551662e-67  +1.080966e-69  +5.163662e-74  +7.977208e-78  +1.711520e-92  +5.104099e-118  +1.018660e-108  +5.014526e-98  +3.779605e-93  +3.126289e-86  +7.709793e-79  +4.585588e-81  +2.210500e-78  +3.781119e-86  +8.982313e-105  +2.963425e-134  +1.357806e-174  +8.640567e-226  +7.736463e-288  +0.000000e+00  +0.000000e+00 
+0.000000e+00  +0.000000e+00  +0.000000e+00  +0.000000e+00  +2.169625e-279  +4.518863e-229  +1.307108e-189  +5.250879e-161  +2.929482e-143  +3.801748e-134  +5.824545e-117  +3.056747e-109  +7.543558e-112  +3.132332e-118  +4.839058e-122  +1.038226e-136  +3.093578e-162  +7.048726e-159  +3.469984e-148  +2.172895e-141  +9.219623e-132  +2.276768e-124  +9.647523e-127  +9.098208e-124  +1.556273e-131  +3.697034e-150  +1.219717e-179  +5.588599e-220  +3.556187e-271  +0.000000e+00  +0.000000e+00  +0.000000e+00 
+0.000000e+00  +0.000000e+00  +0.000000e+00  +0.000000e+00  +0.000000e+00  +5.700365e-288  +1.648865e-248  +6.623774e-220  +3.695439e-202  +1.274996e-187  +3.018287e-170  +2.922480e-162  +7.312675e-165  +2.638881e-173  +4.076700e-177  +8.746611e-192  +2.606207e-217  +6.774014e-220  +3.334749e-209  +1.734896e-200  +3.781169e-188  +9.337551e-181  +4.663084e-183  +5.200668e-180  +8.895881e-188  +2.113279e-206  +6.972082e-236  +3.194524e-276  +0.000000e+00  +0.000000e+00  +0.000000e+00  +0.000000e+00 
