+0.000000e+00  +0.000000e+00  +0.000000e+00  +0.000000e+00  +1.157010e-302  +2.369701e-246  +6.740439e-201  +2.662691e-166  +1.460802e-142  +1.113012e-129  +1.177731e-127  +1.784695e-136  +3.434312e-142  +3.573419e-156  +7.269463e-176  +2.938399e-193  +1.677167e-211  +1.962133e-216  +2.032196e-200  +2.923080e-195  +5.849286e-201  +5.506647e-200  +4.181096e-207  +6.414112e-225  +1.348694e-251  +6.633522e-283  +1.637100e-309  +0.000000e+00  +0.000000e+00  +0.000000e+00  +0.000000e+00  +0.000000e+00 
+0.000000e+00  +0.000000e+00  +0.000000e+00  +1.976263e-323  +1.639200e-256  +3.349421e-200  +9.527090e-155  +3.763508e-120  +2.064730e-96  +1.573156e-83  +1.664632e-81  +1.013564e-89  +1.237774e-93  +1.288074e-107  +1.381653e-122  +5.591407e-136  +3.191534e-154  +1.608228e-157  +1.665654e-141  +2.395851e-136  +4.834776e-142  +2.664039e-140  +2.038829e-147  +1.083306e-164  +5.804170e-191  +1.549152e-213  +3.826089e-240  +1.312424e-277  +0.000000e+00  +0.000000e+00  +0.000000e+00  +0.000000e+00 
+0.000000e+00  +0.000000e+00  +0.000000e+00  +4.802395e-283  +8.991346e-220  +7.289905e-165  +1.870943e-119  +7.387604e-85  +4.052970e-61  +3.088032e-48  +3.267597e-46  +1.856934e-52  +6.195565e-56  +4.946349e-69  +3.682955e-80  +1.477686e-89  +8.440697e-108  +1.830647e-109  +1.896015e-93  +2.727199e-88  +5.775627e-94  +1.790162e-91  +1.466509e-98  +5.367556e-115  +4.267027e-139  +5.027971e-155  +1.241861e-181  +4.259828e-219  +2.029314e-267  +0.000000e+00  +0.000000e+00  +0.000000e+00 
+0.000000e+00  +0.000000e+00  +3.965474e-281  +1.722808e-227  +1.086543e-184  +2.234938e-137  +3.068126e-94  +2.054663e-60  +1.104986e-36  +8.418407e-24  +8.908455e-22  +8.166319e-26  +4.306879e-29  +1.576060e-37  +1.332964e-46  +5.423520e-54  +3.282888e-71  +2.922771e-72  +2.997345e-56  +4.311335e-51  +1.167478e-56  +1.672707e-53  +2.174331e-60  +4.368409e-76  +1.311099e-91  +2.266457e-107  +5.597946e-134  +1.920206e-171  +9.147556e-220  +6.052017e-279  +0.000000e+00  +0.000000e+00 
+0.000000e+00  +7.312009e-300  +4.428483e-236  +1.004432e-182  +5.637401e-140  +4.913368e-108  +1.494269e-76  +1.772635e-44  +8.083130e-23  +3.199214e-10  +3.390246e-08  +6.341531e-10  +4.418958e-13  +8.023339e-17  +6.726328e-22  +2.790776e-29  +1.987912e-42  +2.126162e-42  +6.580664e-30  +9.465535e-25  +6.118532e-30  +2.194610e-26  +1.214795e-32  +2.421920e-47  +7.991388e-55  +1.418865e-70  +3.504471e-97  +1.202103e-134  +5.726626e-183  +3.788732e-242  +3.481184e-312  +0.000000e+00 
+0.000000e+00  +1.080761e-264  +4.159203e-201  +2.707953e-148  +5.436123e-106  +3.613667e-74  +5.128768e-53  +4.803151e-32  +2.400360e-16  +7.483890e-06  +6.851840e-05  +7.823656e-05  +2.336850e-05  +5.775636e-07  +4.761655e-08  +2.458650e-13  +1.851344e-24  +2.182376e-21  +2.100695e-14  +2.886951e-09  +4.963185e-13  +4.388507e-10  +1.719234e-15  +1.017563e-22  +6.936999e-29  +1.233596e-44  +3.046872e-71  +1.045137e-108  +4.978867e-157  +3.294016e-216  +3.026626e-286  +0.000000e+00 
+8.888997e-315  +2.392315e-240  +8.952233e-177  +4.700397e-124  +3.731179e-82  +6.757933e-51  +4.641794e-30  +7.844841e-19  +1.233968e-08  +5.759266e-05  +8.635920e-05  +1.932266e-04  +1.080502e-04  +1.065297e-04  +5.475173e-05  +3.159639e-06  +8.175582e-12  +4.707052e-11  +1.643961e-05  +1.434768e-04  +6.509929e-05  +2.674317e-04  +7.074922e-08  +1.332595e-08  +8.375327e-14  +1.489507e-29  +3.678959e-56  +1.261999e-93  +6.015219e-142  +4.013463e-201  +4.174821e-271  +0.000000e+00 
+2.742575e-301  +7.380089e-227  +2.758197e-163  +1.432273e-110  +1.037074e-68  +1.079498e-37  +2.006597e-17  +1.291704e-07  +2.550254e-05  +1.056780e-04  +6.092395e-05  +7.757509e-05  +6.602946e-05  +1.346462e-04  +8.785062e-05  +1.563902e-04  +1.936406e-05  +1.304840e-04  +1.868261e-04  +2.285537e-04  +2.305353e-04  +2.556575e-04  +5.421075e-05  +1.449855e-04  +1.742041e-09  +1.175672e-24  +3.649031e-50  +1.932433e-86  +1.442624e-133  +1.497122e-191  +2.157871e-260  +0.000000e+00 
+1.175195e-298  +3.162352e-224  +1.181815e-160  +6.133884e-108  +4.422187e-66  +4.434649e-35  +6.261741e-15  +1.405228e-05  +3.529862e-04  +9.556143e-06  +1.280642e-04  +2.579545e-04  +1.895951e-04  +1.230718e-04  +5.767862e-05  +2.205916e-04  +7.024941e-05  +1.193148e-04  +1.187184e-04  +1.441345e-04  +1.685450e-04  +4.292842e-04  +2.258109e-04  +2.995531e-05  +1.913251e-09  +5.332925e-24  +2.066180e-49  +1.111793e-85  +8.308412e-133  +8.622839e-191  +1.242855e-259  +0.000000e+00 
+6.993879e-307  +1.885649e-232  +7.696974e-169  +2.056542e-115  +6.356233e-72  +3.598484e-39  +3.202405e-17  +4.501353e-06  +2.390496e-04  +1.091863e-04  +3.513717e-04  +1.826999e-04  +2.208078e-04  +3.292179e-04  +5.320918e-05  +1.602218e-04  +4.784729e-05  +2.379810e-04  +2.396858e-04  +5.371769e-05  +2.789161e-04  +2.099098e-04  +9.065936e-06  +5.419060e-05  +4.435602e-10  +5.453395e-26  +9.311505e-53  +2.208068e-90  +7.272423e-139  +3.332774e-198  +2.211984e-268  +0.000000e+00 
+1.893556e-319  +4.498669e-243  +1.538580e-177  +7.447532e-123  +5.055755e-79  +5.111446e-46  +1.464517e-22  +8.628751e-09  +1.348827e-04  +2.815081e-04  +1.283687e-04  +1.953825e-04  +3.962513e-04  +2.515843e-05  +1.358741e-05  +9.284746e-05  +1.375780e-04  +2.348134e-04  +1.998767e-04  +2.793869e-04  +3.104949e-04  +1.232744e-04  +1.318372e-05  +7.399719e-08  +1.275163e-17  +2.044923e-34  +3.491248e-61  +8.278880e-99  +2.726468e-147  +1.247002e-206  +7.920851e-277  +0.000000e+00 
+0.000000e+00  +2.095861e-260  +7.697144e-195  +4.479724e-139  +9.213993e-93  +2.865333e-57  +1.238550e-32  +1.549502e-18  +1.514475e-07  +1.281080e-04  +9.329743e-05  +2.143959e-04  +2.874697e-05  +1.759293e-05  +1.729015e-04  +3.731116e-05  +6.962786e-05  +1.776758e-04  +2.177466e-04  +5.257725e-04  +3.066539e-04  +1.765851e-04  +3.104902e-05  +3.541072e-08  +1.352570e-17  +4.620980e-36  +2.193477e-65  +1.446006e-105  +1.323870e-156  +1.683722e-218  +1.838126e-289  +0.000000e+00 
+0.000000e+00  +2.695848e-285  +3.128896e-217  +5.046133e-160  +1.130225e-113  +3.519707e-78  +1.590556e-47  +3.477686e-23  +8.862570e-09  +1.745684e-04  +2.499507e-05  +1.184861e-04  +3.162895e-04  +9.993156e-05  +2.432395e-04  +3.707809e-05  +3.121016e-04  +1.686304e-04  +1.663749e-04  +3.645316e-04  +2.180776e-04  +2.420555e-04  +2.838599e-04  +9.331993e-05  +1.946150e-12  +6.654529e-31  +5.300380e-60  +1.380701e-95  +2.976792e-141  +8.937266e-198  +3.726499e-265  +0.000000e+00 
+0.000000e+00  +7.672308e-288  +1.117823e-215  +2.261818e-154  +6.355949e-104  +2.480511e-64  +1.344435e-35  +1.011990e-17  +1.461859e-10  +1.335568e-04  +9.779725e-05  +4.452693e-06  +2.603196e-04  +7.023844e-05  +5.645596e-05  +3.301135e-05  +9.479347e-07  +2.120389e-05  +1.410146e-04  +2.256963e-04  +2.142482e-04  +6.299581e-06  +1.344280e-04  +6.310473e-05  +9.051490e-10  +2.268154e-23  +2.531584e-47  +3.940682e-82  +8.519061e-128  +2.557703e-184  +1.066464e-251  +0.000000e+00 
+0.000000e+00  +7.092328e-282  +1.033322e-209  +2.090838e-148  +5.875478e-98  +2.292999e-58  +1.242804e-29  +9.355290e-12  +1.000146e-04  +6.624768e-05  +1.200337e-04  +2.970403e-04  +5.136203e-05  +1.352831e-04  +9.813060e-05  +7.036364e-07  +9.859257e-07  +7.417492e-05  +1.254374e-04  +1.025145e-04  +1.653132e-04  +1.420778e-04  +8.736555e-05  +9.576394e-05  +1.112334e-07  +8.976929e-21  +1.006172e-44  +1.566227e-79  +3.385908e-125  +1.016561e-181  +4.238671e-249  +0.000000e+00 
+0.000000e+00  +9.105207e-287  +1.326623e-214  +2.686594e-153  +7.770287e-103  +6.050216e-63  +6.271710e-33  +1.783115e-13  +8.257629e-05  +5.170050e-05  +6.453131e-05  +1.231837e-04  +4.815570e-05  +5.808607e-05  +4.250415e-05  +1.263942e-07  +1.603671e-05  +1.603122e-04  +9.295614e-05  +1.855259e-04  +1.930164e-04  +1.240988e-04  +4.216275e-07  +2.558713e-08  +6.216767e-16  +4.955062e-29  +5.553843e-53  +8.645219e-88  +1.868945e-133  +5.611187e-190  +2.339651e-257  +0.000000e+00 
+0.000000e+00  +6.152721e-298  +3.166392e-224  +2.360060e-161  +2.616772e-109  +4.445061e-68  +1.190195e-37  +8.802496e-18  +1.671611e-07  +2.130997e-06  +2.684253e-04  +1.133214e-04  +1.918426e-04  +1.924879e-04  +1.910441e-04  +1.025877e-09  +7.988102e-05  +1.712137e-04  +1.395950e-04  +3.846537e-06  +7.105528e-05  +3.640735e-04  +7.130941e-07  +2.215554e-18  +2.030781e-31  +3.799484e-48  +4.257482e-72  +6.627280e-107  +1.432701e-152  +4.301442e-209  +1.793537e-276  +0.000000e+00 
+0.000000e+00  +1.041520e-313  +6.833824e-240  +6.997512e-177  +1.117455e-124  +4.853078e-83  +4.909867e-51  +1.434335e-29  +5.923889e-19  +3.134461e-11  +4.553830e-05  +1.901173e-04  +1.688716e-04  +1.833598e-05  +7.520875e-05  +3.333008e-05  +1.676697e-04  +2.807763e-04  +1.702335e-04  +3.212062e-04  +1.870145e-04  +7.028585e-05  +1.536509e-06  +1.134645e-17  +1.373207e-39  +2.335905e-72  +4.532654e-102  +7.055577e-137  +1.525292e-182  +4.579428e-239  +1.909447e-306  +0.000000e+00 
+0.000000e+00  +0.000000e+00  +6.148286e-266  +1.443957e-202  +7.457175e-149  +1.128177e-105  +2.415601e-73  +2.416239e-47  +5.377301e-23  +7.436247e-09  +4.328137e-05  +1.702374e-04  +8.073776e-05  +3.834086e-04  +3.134858e-04  +3.437508e-05  +1.479938e-04  +1.936209e-04  +2.056009e-06  +2.455216e-04  +4.900070e-05  +1.211688e-06  +9.876960e-08  +2.855363e-19  +1.993296e-41  +2.858168e-74  +6.499823e-118  +2.119091e-172  +2.255216e-223  +6.770901e-280  +0.000000e+00  +0.000000e+00 
+0.000000e+00  +0.000000e+00  +5.854436e-301  +4.584545e-236  +2.666604e-178  +2.077367e-122  +2.256199e-77  +3.479409e-43  +8.429420e-20  +4.538687e-07  +7.405699e-05  +4.482712e-05  +6.413216e-05  +7.876103e-05  +1.443637e-04  +4.693563e-04  +1.121187e-04  +1.906119e-04  +1.321637e-04  +1.589031e-04  +2.941764e-05  +1.095211e-06  +6.460563e-18  +2.103603e-30  +5.617295e-53  +2.354411e-86  +1.989500e-130  +4.070803e-185  +1.622576e-250  +0.000000e+00  +0.000000e+00  +0.000000e+00 
+0.000000e+00  +0.000000e+00  +0.000000e+00  +4.481181e-247  +2.512372e-180  +1.956203e-124  +2.115360e-79  +3.176940e-45  +6.627860e-22  +1.923126e-09  +7.819743e-08  +5.755355e-06  +2.877431e-04  +2.570125e-06  +1.703180e-04  +3.866279e-04  +4.126095e-04  +2.672074e-04  +1.575179e-04  +6.831353e-05  +1.975596e-04  +4.560760e-06  +3.958613e-17  +4.774249e-39  +8.007926e-72  +3.565396e-108  +1.788275e-152  +1.293387e-207  +1.514902e-273  +0.000000e+00  +0.000000e+00  +0.000000e+00 
+0.000000e+00  +0.000000e+00  +0.000000e+00  +5.865410e-260  +3.288439e-193  +2.560467e-137  +2.768767e-92  +4.158070e-58  +8.672320e-35  +3.115267e-22  +1.942956e-08  +9.154474e-05  +1.962535e-04  +1.167178e-04  +3.317866e-04  +1.903811e-04  +2.769938e-04  +1.602781e-04  +2.281714e-04  +3.504814e-05  +4.801123e-08  +1.233609e-11  +1.068286e-22  +1.288903e-44  +2.159688e-77  +5.025735e-121  +1.624225e-175  +3.867479e-240  +3.013490e-306  +0.000000e+00  +0.000000e+00  +0.000000e+00 
+0.000000e+00  +0.000000e+00  +0.000000e+00  +1.066209e-283  +5.977694e-217  +4.654393e-161  +5.033040e-116  +7.558541e-82  +1.568591e-50  +8.437190e-25  +6.316296e-10  +5.645230e-05  +1.590588e-04  +3.136062e-04  +2.407925e-04  +3.593288e-04  +4.788301e-04  +3.025176e-04  +2.346660e-04  +3.580288e-05  +8.779384e-14  +8.126048e-28  +4.007370e-39  +4.834947e-61  +8.101442e-94  +1.885259e-137  +6.092808e-192  +2.734652e-257  +0.000000e+00  +0.000000e+00  +0.000000e+00  +0.000000e+00 
+0.000000e+00  +0.000000e+00  +0.000000e+00  +2.691684e-318  +1.509091e-251  +1.175019e-195  +3.977598e-145  +1.113210e-97  +4.326863e-61  +2.335729e-35  +4.891240e-20  +4.534265e-09  +4.448720e-05  +3.947244e-04  +5.927333e-05  +2.905064e-04  +3.819552e-04  +1.938973e-04  +6.020660e-05  +5.874121e-05  +2.593295e-08  +1.737933e-22  +1.622444e-47  +2.129505e-83  +4.220575e-121  +9.821555e-165  +3.174145e-219  +1.424660e-284  +0.000000e+00  +0.000000e+00  +0.000000e+00  +0.000000e+00 
+0.000000e+00  +0.000000e+00  +0.000000e+00  +0.000000e+00  +5.248693e-294  +7.608432e-225  +1.533258e-166  +4.291144e-119  +1.667914e-82  +1.490636e-56  +2.806613e-33  +5.071315e-16  +8.078288e-07  +2.918800e-04  +4.933878e-04  +3.238371e-04  +3.657722e-04  +3.843832e-04  +1.265311e-04  +6.836776e-05  +9.759237e-08  +2.674895e-21  +1.018500e-45  +5.386267e-81  +3.963047e-127  +2.915786e-182  +1.768599e-245  +1.541979e-319  +0.000000e+00  +0.000000e+00  +0.000000e+00  +0.000000e+00 
+0.000000e+00  +0.000000e+00  +0.000000e+00  +0.000000e+00  +0.000000e+00  +4.073137e-257  +8.208220e-199  +1.029082e-145  +8.627552e-96  +1.005001e-56  +1.631161e-28  +3.760143e-11  +1.386767e-04  +2.389686e-05  +1.538744e-04  +3.030653e-04  +3.071651e-04  +2.172118e-04  +1.483372e-04  +1.068848e-04  +1.995361e-08  +2.636884e-20  +2.561398e-40  +4.941818e-71  +1.529579e-112  +6.856233e-165  +4.314415e-228  +3.780624e-302  +0.000000e+00  +0.000000e+00  +0.000000e+00  +0.000000e+00 
+0.000000e+00  +0.000000e+00  +0.000000e+00  +0.000000e+00  +0.000000e+00  +4.522677e-284  +1.995943e-212  +1.332595e-151  +1.867914e-101  +8.300405e-62  +8.283278e-33  +1.278325e-14  +3.860637e-07  +2.472760e-04  +2.157992e-04  +9.468322e-05  +1.825418e-04  +5.781313e-05  +2.254350e-04  +1.271828e-04  +5.419004e-05  +4.577960e-14  +6.916063e-34  +1.580850e-64  +5.135997e-106  +2.330973e-158  +1.471355e-221  +1.290300e-295  +0.000000e+00  +0.000000e+00  +0.000000e+00  +0.000000e+00 
+0.000000e+00  +0.000000e+00  +0.000000e+00  +0.000000e+00  +0.000000e+00  +1.875318e-299  +5.524016e-227  +2.325430e-165  +1.365220e-114  +1.113781e-74  +1.262036e-45  +4.457435e-27  +3.716523e-12  +1.393788e-06  +8.233130e-08  +1.944883e-04  +3.923960e-04  +2.163418e-04  +5.904169e-05  +1.112652e-04  +8.280021e-09  +1.895501e-18  +3.163937e-38  +7.428079e-69  +2.429609e-110  +1.104520e-162  +6.974815e-226  +6.117165e-300  +0.000000e+00  +0.000000e+00  +0.000000e+00  +0.000000e+00 
+0.000000e+00  +0.000000e+00  +0.000000e+00  +0.000000e+00  +0.000000e+00  +3.952525e-323  +1.189041e-250  +5.029919e-189  +2.955039e-138  +2.411039e-98  +4.194738e-67  +4.593759e-41  +8.072721e-26  +2.876204e-17  +7.589159e-15  +3.724858e-10  +8.719610e-06  +6.794000e-06  +4.672806e-06  +3.013607e-05  +3.096444e-14  +3.010364e-31  +2.073336e-53  +4.885059e-84  +1.599265e-125  +7.272002e-178  +4.592368e-241  +4.027728e-315  +0.000000e+00  +0.000000e+00  +0.000000e+00  +0.000000e+00 
+0.000000e+00  +0.000000e+00  +0.000000e+00  +0.000000e+00  +0.000000e+00  +0.000000e+00  +3.574748e-285  +1.512202e-223  +8.886489e-173  +1.382762e-128  +1.097467e-91  +1.211340e-65  +3.181842e-48  +8.746563e-39  +1.098717e-31  +1.315047e-22  +3.552051e-16  +1.276810e-13  +2.446047e-13  +3.024178e-12  +6.273427e-22  +1.949896e-42  +3.016026e-73  +4.514278e-110  +1.462356e-151  +6.649662e-204  +4.199382e-267  +0.000000e+00  +0.000000e+00  +0.000000e+00  +0.000000e+00  +0.000000e+00 
+0.000000e+00  +0.000000e+00  +0.000000e+00  +0.000000e+00  +0.000000e+00  +0.000000e+00  +0.000000e+00  +6.528899e-269  +8.848368e-212  +5.056986e-164  +4.013872e-127  +1.113516e-100  +1.336054e-80  +3.696229e-71  +2.250070e-59  +7.440728e-44  +2.010424e-37  +3.351347e-32  +3.801107e-31  +4.847379e-30  +9.165190e-40  +2.559078e-60  +1.067391e-91  +6.668736e-134  +1.596976e-186  +8.444752e-241  +5.333017e-304  +0.000000e+00  +0.000000e+00  +0.000000e+00  +0.000000e+00  +0.000000e+00 
+0.000000e+00  +0.000000e+00  +0.000000e+00  +0.000000e+00  +0.000000e+00  +0.000000e+00  +0.000000e+00  +1.092137e-316  +4.494361e-258  +2.568602e-210  +2.066205e-173  +3.938491e-144  +7.836787e-124  +5.993111e-113  +3.006330e-93  +5.848672e-76  +1.587974e-69  +1.221660e-61  +9.541049e-60  +1.187319e-58  +2.111470e-68  +5.422473e-89  +2.042654e-120  +1.144627e-162  +9.606404e-216  +1.203334e-279  +0.000000e+00  +0.000000e+00  +0.000000e+00  +0.000000e+00  +0.000000e+00  +0.000000e+00 
