+0.000000e+00  +0.000000e+00  +0.000000e+00  +0.000000e+00  +0.000000e+00  +3.104412e-312  +8.690365e-247  +3.378583e-192  +1.824188e-148  +1.382088e-115  +1.100941e-91  +1.152651e-76  +1.697946e-72  +6.024654e-79  +1.620326e-67  +1.480505e-62  +1.947776e-65  +5.227780e-66  +3.232949e-68  +4.271053e-81  +7.836486e-105  +2.115227e-139  +9.508632e-179  +1.230072e-226  +2.210117e-285  +0.000000e+00  +0.000000e+00  +0.000000e+00  +0.000000e+00  +0.000000e+00  +0.000000e+00  +0.000000e+00 
+0.000000e+00  +0.000000e+00  +0.000000e+00  +0.000000e+00  +0.000000e+00  +5.840377e-277  +1.632337e-211  +6.346075e-157  +3.426413e-113  +2.569410e-80  +3.635589e-58  +1.018629e-43  +1.499954e-39  +1.145385e-44  +1.785020e-37  +1.629443e-32  +1.576176e-34  +4.360111e-35  +3.105507e-37  +4.102962e-50  +8.504859e-74  +1.154173e-102  +1.074736e-139  +1.390427e-187  +2.498233e-246  +6.233836e-316  +0.000000e+00  +0.000000e+00  +0.000000e+00  +0.000000e+00  +0.000000e+00  +0.000000e+00 
+0.000000e+00  +0.000000e+00  +0.000000e+00  +0.000000e+00  +3.838794e-309  +1.056736e-242  +7.472335e-186  +1.693998e-132  +8.938478e-89  +6.702255e-56  +6.991389e-34  +1.350177e-21  +1.840242e-17  +1.210189e-20  +7.907426e-18  +2.490632e-13  +1.797402e-14  +5.266330e-15  +4.143544e-17  +7.121378e-30  +2.705897e-48  +1.811126e-74  +1.687164e-111  +2.182750e-159  +3.921828e-218  +9.786132e-288  +0.000000e+00  +0.000000e+00  +0.000000e+00  +0.000000e+00  +0.000000e+00  +0.000000e+00 
+0.000000e+00  +0.000000e+00  +0.000000e+00  +0.000000e+00  +1.972832e-275  +9.711964e-210  +1.826418e-154  +9.533163e-110  +7.374702e-73  +3.255501e-42  +2.529903e-20  +3.869863e-09  +3.142814e-06  +1.865213e-07  +2.235146e-06  +5.428166e-05  +2.877003e-05  +9.135899e-06  +1.309831e-07  +1.232603e-15  +5.886697e-31  +3.948593e-57  +3.678333e-94  +4.758802e-142  +8.552707e-201  +1.458613e-254  +1.246968e-315  +0.000000e+00  +0.000000e+00  +0.000000e+00  +0.000000e+00  +0.000000e+00 
+0.000000e+00  +0.000000e+00  +0.000000e+00  +0.000000e+00  +8.974114e-252  +2.997776e-186  +1.448813e-131  +1.323063e-87  +4.499960e-54  +4.636609e-31  +4.228798e-14  +1.111090e-05  +8.257769e-05  +1.453915e-04  +1.330979e-04  +1.259354e-04  +4.289656e-05  +7.390098e-05  +1.129513e-04  +3.690379e-09  +1.782392e-24  +1.195567e-50  +1.113738e-87  +3.962444e-122  +1.763286e-161  +1.119480e-211  +1.047523e-272  +0.000000e+00  +0.000000e+00  +0.000000e+00  +0.000000e+00  +0.000000e+00 
+0.000000e+00  +0.000000e+00  +0.000000e+00  +2.508551e-315  +6.003916e-239  +1.995736e-173  +9.216989e-119  +5.934794e-75  +5.501578e-42  +9.351615e-20  +6.140276e-08  +9.735082e-05  +2.624794e-05  +1.858587e-04  +1.388305e-04  +2.368381e-04  +2.636203e-05  +2.964094e-07  +5.657472e-05  +1.955345e-12  +1.031234e-28  +1.038700e-42  +1.290385e-61  +4.295784e-90  +2.133581e-129  +1.679375e-179  +2.213978e-240  +4.891632e-312  +0.000000e+00  +0.000000e+00  +0.000000e+00  +0.000000e+00 
+0.000000e+00  +0.000000e+00  +0.000000e+00  +2.332153e-313  +5.581700e-237  +1.855300e-171  +8.564488e-117  +5.490897e-73  +4.890804e-40  +6.070745e-18  +1.083603e-06  +5.353811e-05  +1.520808e-04  +6.328242e-05  +7.417544e-05  +8.378362e-05  +1.682800e-04  +2.980967e-05  +3.020242e-06  +2.273087e-09  +5.342892e-13  +8.557762e-23  +2.264880e-40  +9.662212e-69  +6.951196e-108  +8.293275e-158  +3.064648e-218  +4.120560e-284  +0.000000e+00  +0.000000e+00  +0.000000e+00  +0.000000e+00 
+0.000000e+00  +0.000000e+00  +0.000000e+00  +3.013800e-322  +7.206738e-246  +2.395445e-180  +1.105787e-125  +7.089164e-82  +6.311870e-49  +7.805012e-27  +2.600145e-15  +2.255563e-06  +2.712315e-04  +6.005806e-05  +2.345745e-04  +1.694902e-04  +1.032451e-05  +1.195425e-04  +7.104004e-05  +1.321178e-04  +1.269129e-05  +2.910399e-12  +1.141182e-29  +7.344755e-58  +2.473697e-93  +3.473420e-137  +6.775387e-192  +1.835477e-257  +0.000000e+00  +0.000000e+00  +0.000000e+00  +0.000000e+00 
+0.000000e+00  +0.000000e+00  +0.000000e+00  +1.233794e-282  +2.814473e-220  +8.917612e-169  +3.924088e-128  +1.102485e-90  +5.369633e-56  +3.350178e-29  +1.069037e-11  +4.749265e-05  +3.474377e-04  +1.656065e-04  +3.817418e-04  +3.190500e-04  +1.890997e-04  +4.357896e-05  +4.322639e-06  +4.294869e-05  +3.859884e-05  +2.994535e-10  +2.081028e-22  +1.512686e-44  +1.529852e-77  +2.148762e-121  +4.191459e-176  +1.135481e-241  +4.272013e-318  +0.000000e+00  +0.000000e+00  +0.000000e+00 
+0.000000e+00  +0.000000e+00  +1.634666e-319  +8.798499e-249  +1.054353e-187  +3.153012e-136  +1.387186e-95  +8.477392e-66  +5.582025e-43  +1.981729e-21  +2.533528e-08  +1.131906e-04  +1.570498e-04  +3.278012e-05  +4.602734e-05  +3.435151e-04  +1.767162e-05  +1.954788e-04  +2.463922e-04  +2.652381e-05  +5.481891e-05  +3.404462e-06  +1.784656e-17  +1.299623e-39  +1.314373e-72  +1.846110e-116  +1.237715e-168  +4.657507e-224  +7.979555e-289  +0.000000e+00  +0.000000e+00  +0.000000e+00 
+0.000000e+00  +0.000000e+00  +1.151902e-292  +5.768139e-222  +4.097287e-162  +4.197644e-113  +7.364427e-74  +4.162999e-44  +3.532338e-25  +1.239564e-13  +5.674178e-06  +3.816868e-05  +2.050175e-04  +2.624737e-04  +2.018868e-04  +2.553923e-04  +1.171011e-04  +1.201265e-04  +1.257603e-04  +1.476126e-04  +1.097723e-04  +1.038368e-07  +4.157278e-21  +1.338920e-38  +1.055963e-62  +3.982068e-97  +2.658083e-140  +3.463194e-194  +6.272896e-259  +0.000000e+00  +0.000000e+00  +0.000000e+00 
+0.000000e+00  +0.000000e+00  +2.538752e-272  +2.749956e-203  +4.543893e-145  +4.750364e-97  +5.331939e-59  +1.038313e-31  +2.677675e-14  +2.849528e-06  +9.966608e-05  +4.198121e-04  +1.288614e-04  +4.649256e-04  +1.843469e-04  +2.437609e-04  +8.083897e-05  +2.846583e-04  +4.180170e-06  +7.352201e-05  +2.293496e-05  +1.169645e-08  +4.764637e-11  +3.703267e-24  +4.658633e-46  +3.096628e-78  +2.900638e-121  +3.781388e-175  +6.849138e-240  +3.981380e-306  +0.000000e+00  +0.000000e+00 
+0.000000e+00  +0.000000e+00  +1.904087e-251  +1.418206e-188  +5.873539e-134  +1.220138e-86  +3.564899e-50  +1.491240e-24  +1.287395e-09  +2.572172e-04  +2.366288e-04  +1.646121e-05  +4.817579e-05  +8.021389e-05  +2.552034e-04  +1.661450e-04  +3.541202e-05  +9.618240e-05  +2.374080e-05  +1.172167e-04  +3.057465e-05  +9.059390e-05  +5.973546e-06  +1.550895e-16  +7.050867e-38  +4.698209e-70  +4.398938e-113  +2.221322e-158  +8.945775e-203  +5.003367e-258  +4.940656e-324  +0.000000e+00 
+0.000000e+00  +3.064944e-304  +1.643300e-230  +1.223627e-167  +1.265374e-115  +1.817303e-74  +3.625576e-44  +4.342631e-24  +2.805804e-09  +1.029338e-04  +2.340814e-04  +8.421037e-05  +2.284079e-04  +1.845682e-04  +1.007959e-04  +5.714749e-05  +7.843192e-05  +1.132281e-04  +1.867319e-04  +1.505195e-04  +1.430344e-04  +2.602896e-04  +1.500964e-07  +3.374258e-19  +1.489506e-40  +6.402937e-65  +1.336933e-87  +3.876843e-121  +1.561294e-165  +8.732308e-221  +6.782837e-287  +0.000000e+00 
+0.000000e+00  +3.673589e-294  +1.969631e-220  +1.466618e-157  +1.516656e-105  +2.178187e-64  +4.344522e-34  +1.204574e-14  +7.008637e-06  +1.122984e-04  +2.029642e-04  +2.643936e-04  +2.408210e-04  +1.534621e-04  +8.064083e-05  +2.311477e-06  +3.355024e-12  +3.297466e-07  +2.812678e-05  +5.884356e-06  +1.639015e-04  +4.486948e-05  +1.558558e-11  +5.171326e-24  +1.032270e-26  +1.551972e-38  +3.240518e-61  +9.396862e-95  +3.784332e-139  +2.116575e-194  +1.644054e-260  +0.000000e+00 
+0.000000e+00  +6.115001e-295  +3.278617e-221  +2.441310e-158  +2.524615e-106  +3.626467e-65  +7.285961e-35  +2.604342e-15  +1.292589e-05  +1.869598e-04  +3.611940e-04  +1.596852e-04  +2.952657e-04  +1.968665e-04  +1.745445e-05  +1.192071e-04  +1.549081e-08  +1.075549e-04  +2.300880e-04  +1.382395e-04  +2.471993e-04  +1.737501e-04  +2.861173e-08  +4.167600e-09  +3.474837e-11  +5.224280e-23  +1.090830e-45  +3.163191e-79  +1.273890e-123  +7.124858e-179  +5.534247e-245  +5.978194e-322 
+0.000000e+00  +1.422810e-306  +9.507504e-233  +6.197984e-169  +2.292168e-115  +1.296815e-72  +1.315798e-40  +1.662555e-18  +1.091369e-06  +1.147405e-04  +3.714990e-04  +4.334820e-04  +3.313187e-04  +3.117625e-04  +2.512387e-04  +2.656567e-05  +2.732640e-06  +2.596158e-05  +9.943306e-05  +1.153817e-04  +1.261486e-04  +1.974951e-04  +4.986957e-05  +1.225382e-04  +1.640098e-06  +2.485659e-18  +5.266487e-41  +1.568070e-74  +6.618835e-119  +4.015476e-174  +3.568421e-240  +4.743890e-317 
+0.000000e+00  +1.595832e-321  +1.582944e-245  +2.649566e-179  +3.518915e-123  +6.900652e-78  +1.881160e-43  +7.122253e-20  +3.745525e-07  +3.565496e-05  +2.207713e-04  +5.517733e-04  +5.455976e-04  +4.855807e-04  +4.445496e-04  +1.852045e-04  +1.048549e-04  +1.034405e-04  +1.986931e-04  +1.354060e-04  +3.134032e-04  +4.063404e-04  +7.729718e-05  +6.015117e-05  +4.700945e-07  +1.303705e-18  +5.022559e-41  +2.687253e-74  +2.006276e-118  +8.597309e-170  +1.080435e-229  +1.886152e-300 
+0.000000e+00  +9.694119e-311  +8.206912e-235  +9.649152e-170  +1.575566e-115  +3.572909e-72  +1.125263e-39  +4.928334e-18  +3.272479e-07  +7.701293e-05  +3.879598e-05  +3.474153e-04  +2.498461e-04  +2.243083e-04  +2.378928e-04  +9.317664e-05  +2.289676e-04  +1.396298e-04  +1.680538e-04  +6.935638e-05  +8.628237e-05  +5.326844e-05  +5.921884e-05  +2.524202e-07  +4.663880e-12  +2.775145e-19  +9.089729e-36  +4.265468e-63  +2.779911e-101  +2.516130e-150  +3.162812e-210  +1.213963e-279 
+0.000000e+00  +8.313667e-311  +7.038240e-235  +8.275104e-170  +1.351204e-115  +3.064124e-72  +9.650254e-40  +4.226684e-18  +2.797816e-07  +2.792790e-05  +1.025515e-04  +9.805831e-05  +2.070934e-04  +3.032399e-04  +2.495353e-04  +2.689864e-04  +5.823773e-05  +1.502901e-04  +1.973910e-04  +1.549678e-04  +8.432882e-05  +2.238735e-04  +7.555946e-06  +2.127462e-05  +7.834680e-05  +1.094240e-10  +3.695329e-27  +1.734121e-54  +2.112847e-92  +5.002345e-134  +3.540030e-186  +3.479192e-249 
+0.000000e+00  +9.881313e-322  +8.382747e-246  +9.855888e-181  +1.609323e-126  +3.649459e-83  +1.149374e-50  +5.034293e-29  +3.876880e-18  +9.804018e-10  +1.274022e-07  +1.578485e-04  +8.671917e-05  +2.105223e-04  +2.687397e-04  +2.149777e-04  +2.439740e-04  +2.411593e-04  +2.482803e-04  +6.703600e-05  +8.721873e-05  +1.568188e-04  +5.332400e-05  +6.433242e-05  +1.124242e-06  +7.630487e-11  +6.295321e-23  +1.115779e-42  +4.093596e-73  +2.085933e-114  +1.476161e-166  +1.450792e-229 
+0.000000e+00  +0.000000e+00  +1.386585e-267  +1.630257e-202  +2.661971e-148  +6.036549e-105  +1.901174e-72  +8.329757e-51  +2.946250e-34  +4.620742e-19  +1.077815e-07  +7.832903e-05  +3.420410e-04  +3.453233e-04  +1.579597e-04  +9.345196e-05  +3.078689e-04  +9.863786e-05  +2.543800e-04  +3.921699e-04  +1.727850e-04  +5.229245e-04  +1.594135e-04  +1.622237e-04  +3.335928e-05  +1.330340e-05  +2.445668e-14  +6.461194e-34  +2.370663e-64  +1.207995e-105  +8.548671e-158  +8.401754e-221 
+0.000000e+00  +0.000000e+00  +3.185259e-300  +3.745020e-235  +6.115071e-181  +1.386714e-137  +1.846044e-96  +2.601760e-57  +5.489379e-29  +1.769514e-11  +9.958953e-05  +2.083871e-04  +2.651825e-05  +1.232879e-04  +1.908436e-04  +1.880043e-04  +3.400391e-04  +3.038738e-04  +3.743172e-04  +2.169757e-04  +3.226454e-04  +3.204875e-04  +1.351209e-04  +1.235881e-04  +4.478557e-05  +3.933421e-05  +1.304562e-14  +7.869209e-35  +8.231540e-66  +1.759434e-107  +8.311468e-160  +7.154011e-223 
+0.000000e+00  +0.000000e+00  +0.000000e+00  +5.182895e-276  +1.127586e-204  +3.414912e-144  +1.436393e-94  +8.391910e-56  +6.811325e-28  +7.731395e-11  +2.138225e-04  +1.033032e-04  +1.135692e-04  +2.490490e-04  +4.940691e-05  +1.098027e-04  +8.896108e-05  +1.130696e-04  +2.506952e-05  +3.043470e-04  +4.278491e-04  +2.397232e-04  +8.344875e-05  +3.714813e-05  +1.035243e-04  +1.008461e-05  +9.905235e-15  +1.360138e-34  +2.593817e-65  +6.869637e-107  +2.526773e-159  +1.290734e-222 
+0.000000e+00  +0.000000e+00  +0.000000e+00  +6.911846e-281  +1.507173e-209  +4.564258e-149  +1.919620e-99  +1.121242e-60  +9.098590e-33  +1.066249e-15  +8.999469e-09  +1.787176e-08  +1.487737e-07  +9.547008e-07  +2.929423e-10  +3.113136e-08  +3.627331e-07  +1.031832e-04  +2.395586e-04  +9.483137e-05  +2.572021e-04  +1.775853e-04  +2.139694e-04  +1.918159e-04  +9.475940e-08  +4.139302e-14  +1.491436e-23  +2.047916e-43  +3.905428e-74  +1.034340e-115  +3.804483e-168  +1.943417e-231 
+0.000000e+00  +0.000000e+00  +0.000000e+00  +1.283114e-296  +2.797915e-225  +8.473084e-165  +3.563581e-115  +2.081552e-76  +1.696337e-48  +2.910759e-31  +1.822851e-23  +1.398109e-21  +4.942711e-19  +1.144472e-17  +6.481092e-24  +7.177134e-22  +2.210439e-15  +8.325649e-08  +4.203514e-05  +8.448691e-05  +9.798081e-05  +1.377750e-04  +2.076467e-04  +1.625736e-07  +2.557133e-17  +5.815006e-30  +3.139762e-43  +4.282324e-63  +8.166501e-94  +2.162870e-135  +7.955418e-188  +4.063810e-251 
+0.000000e+00  +0.000000e+00  +0.000000e+00  +3.458460e-323  +7.213462e-252  +2.184494e-191  +9.187510e-142  +5.369232e-103  +4.619048e-75  +3.894701e-57  +6.059874e-49  +5.358203e-45  +7.770779e-41  +1.905752e-39  +2.733261e-48  +2.435522e-46  +1.417218e-29  +3.056778e-18  +2.936523e-13  +8.450944e-08  +4.164719e-05  +2.120601e-04  +4.138404e-09  +6.606681e-14  +8.825681e-29  +1.073001e-51  +3.175025e-73  +1.243644e-93  +2.371599e-124  +6.281102e-166  +2.310300e-218  +1.180154e-281 
+0.000000e+00  +0.000000e+00  +0.000000e+00  +0.000000e+00  +2.582801e-289  +7.821647e-229  +3.289803e-179  +1.934961e-140  +2.805262e-112  +1.613363e-93  +2.837315e-85  +2.898714e-79  +1.794579e-73  +4.407230e-72  +1.512521e-81  +8.343106e-73  +5.018956e-53  +9.318049e-38  +3.614106e-27  +1.619887e-20  +6.098872e-13  +5.725462e-07  +6.580111e-11  +1.170590e-25  +7.701796e-45  +1.077471e-70  +1.037438e-106  +5.050575e-135  +9.564993e-166  +2.533256e-207  +9.317761e-260  +4.940656e-323 
+0.000000e+00  +0.000000e+00  +0.000000e+00  +0.000000e+00  +0.000000e+00  +3.889433e-277  +1.637119e-227  +1.043504e-188  +8.890719e-160  +1.039764e-140  +1.847111e-132  +2.178114e-124  +5.763490e-117  +1.415477e-115  +4.827959e-125  +1.677227e-108  +1.931879e-83  +6.933388e-68  +8.839420e-52  +1.489342e-39  +2.038020e-26  +1.618406e-19  +2.070357e-23  +3.694081e-38  +9.154940e-64  +1.735837e-97  +3.347680e-134  +9.533573e-182  +5.357689e-218  +1.418928e-259  +5.219066e-312  +0.000000e+00 
+0.000000e+00  +0.000000e+00  +0.000000e+00  +0.000000e+00  +0.000000e+00  +0.000000e+00  +1.141663e-286  +1.455891e-247  +7.391101e-218  +9.393476e-199  +1.685235e-190  +2.274358e-180  +2.570753e-171  +6.313613e-170  +2.153462e-179  +7.726693e-151  +1.137156e-124  +1.013593e-103  +4.414448e-87  +1.440089e-67  +7.681426e-50  +7.063114e-43  +9.074004e-47  +1.619234e-61  +4.012915e-87  +1.381174e-123  +7.353830e-171  +2.017196e-219  +7.528292e-278  +1.086944e-322  +0.000000e+00  +0.000000e+00 
+0.000000e+00  +0.000000e+00  +0.000000e+00  +0.000000e+00  +0.000000e+00  +0.000000e+00  +0.000000e+00  +1.062850e-316  +9.218515e-287  +1.179416e-267  +4.323128e-259  +3.384071e-247  +1.592478e-236  +3.911029e-235  +6.067185e-240  +6.315218e-203  +1.153776e-176  +4.781466e-150  +2.776536e-128  +7.036954e-102  +4.647630e-84  +4.299001e-77  +5.523819e-81  +9.857161e-96  +2.442881e-121  +8.407961e-158  +4.018991e-205  +2.668035e-263  +0.000000e+00  +0.000000e+00  +0.000000e+00  +0.000000e+00 
+0.000000e+00  +0.000000e+00  +0.000000e+00  +0.000000e+00  +0.000000e+00  +0.000000e+00  +0.000000e+00  +0.000000e+00  +0.000000e+00  +0.000000e+00  +0.000000e+00  +0.000000e+00  +1.370012e-312  +3.364666e-311  +6.764455e-303  +7.169771e-266  +1.468646e-234  +3.202571e-207  +1.244702e-175  +5.898677e-147  +3.928371e-129  +3.634505e-122  +4.670030e-126  +8.333591e-141  +2.065298e-166  +7.108387e-203  +3.397797e-250  +2.255598e-308  +0.000000e+00  +0.000000e+00  +0.000000e+00  +0.000000e+00 
