+0.000000e+00  +0.000000e+00  +0.000000e+00  +0.000000e+00  +0.000000e+00  +1.285591e-274  +7.503543e-235  +6.082302e-206  +6.847113e-188  +1.070496e-180  +2.324344e-184  +7.008962e-199  +2.939006e-224  +2.214228e-256  +1.812320e-296  +0.000000e+00  +0.000000e+00  +0.000000e+00  +0.000000e+00  +0.000000e+00  +0.000000e+00  +0.000000e+00  +0.000000e+00  +0.000000e+00  +0.000000e+00  +0.000000e+00  +0.000000e+00  +0.000000e+00  +0.000000e+00  +0.000000e+00  +0.000000e+00  +0.000000e+00 
+0.000000e+00  +0.000000e+00  +0.000000e+00  +0.000000e+00  +7.382898e-269  +3.102791e-218  +1.810990e-178  +1.467972e-149  +1.652560e-131  +2.583656e-124  +5.609834e-128  +1.691623e-142  +3.598645e-167  +1.703486e-196  +1.394391e-236  +1.585143e-287  +0.000000e+00  +0.000000e+00  +0.000000e+00  +0.000000e+00  +0.000000e+00  +0.000000e+00  +0.000000e+00  +0.000000e+00  +0.000000e+00  +0.000000e+00  +0.000000e+00  +0.000000e+00  +0.000000e+00  +0.000000e+00  +0.000000e+00  +0.000000e+00 
+0.000000e+00  +0.000000e+00  +0.000000e+00  +8.177617e-285  +2.474654e-223  +1.040016e-172  +6.070210e-133  +4.920455e-104  +5.539171e-86  +8.660087e-79  +1.880346e-82  +5.677381e-97  +3.088529e-118  +1.820230e-147  +1.489952e-187  +1.693776e-238  +2.703866e-300  +9.881313e-324  +0.000000e+00  +0.000000e+00  +0.000000e+00  +0.000000e+00  +0.000000e+00  +0.000000e+00  +0.000000e+00  +0.000000e+00  +0.000000e+00  +0.000000e+00  +0.000000e+00  +0.000000e+00  +0.000000e+00  +0.000000e+00 
+0.000000e+00  +0.000000e+00  +2.608911e-292  +3.806733e-250  +1.151967e-188  +4.841342e-138  +2.825721e-98  +2.290503e-69  +2.578519e-51  +4.031326e-44  +8.753132e-48  +1.343823e-61  +4.582938e-80  +2.701170e-109  +2.211046e-149  +2.513516e-200  +6.584421e-229  +2.118520e-250  +9.466418e-283  +0.000000e+00  +0.000000e+00  +0.000000e+00  +0.000000e+00  +1.208336e-308  +9.585033e-290  +1.057125e-281  +1.619188e-284  +3.444340e-298  +1.037538e-322  +0.000000e+00  +0.000000e+00  +0.000000e+00 
+1.466518e-311  +4.052920e-263  +1.555560e-225  +8.291747e-199  +7.447382e-165  +3.129892e-114  +1.826808e-74  +1.480793e-45  +1.666994e-27  +2.606222e-20  +5.666115e-24  +2.225722e-34  +9.445122e-53  +5.566927e-82  +4.556815e-122  +8.731623e-156  +2.022889e-166  +6.508593e-188  +2.908307e-220  +1.540791e-252  +8.306564e-263  +4.753095e-265  +1.974380e-250  +8.438521e-236  +1.198368e-217  +1.321670e-209  +2.024388e-212  +4.306282e-226  +1.272182e-250  +5.939560e-283  +3.868297e-315  +0.000000e+00 
+1.216444e-255  +3.356089e-207  +1.288108e-169  +6.866081e-143  +1.596119e-124  +2.810168e-101  +1.640191e-61  +1.329523e-32  +1.496702e-14  +2.339985e-07  +2.592600e-10  +6.369995e-18  +2.703392e-36  +1.593372e-65  +2.363732e-104  +3.725524e-104  +8.631067e-115  +2.777023e-136  +3.403870e-167  +9.408198e-185  +5.072676e-195  +1.048720e-196  +1.412396e-185  +4.903029e-171  +2.080772e-156  +2.294866e-148  +3.515023e-151  +7.477164e-165  +2.208985e-189  +2.186429e-215  +1.425283e-247  +2.621849e-290 
+2.770005e-208  +3.877637e-162  +1.481343e-124  +7.896093e-98  +5.861863e-82  +9.981633e-67  +2.891226e-59  +1.657813e-30  +1.866272e-12  +2.924383e-05  +8.301084e-05  +2.535206e-12  +1.080831e-30  +6.506798e-60  +1.323362e-63  +2.207587e-63  +5.114402e-74  +1.645656e-95  +2.663425e-118  +7.979213e-128  +4.302201e-138  +3.213516e-139  +4.879483e-130  +4.817485e-117  +5.017610e-106  +5.533880e-98  +8.476187e-101  +1.803056e-114  +2.436832e-137  +1.118761e-158  +7.763599e-191  +1.039829e-230 
+5.097503e-169  +3.351165e-125  +2.396387e-90  +1.261112e-63  +9.335729e-48  +1.443178e-37  +1.208466e-30  +1.231784e-27  +1.830673e-13  +3.191455e-05  +8.231211e-05  +4.874102e-11  +8.749568e-27  +1.487154e-41  +1.089048e-33  +1.816712e-33  +4.208849e-44  +1.247643e-61  +3.028072e-80  +9.398350e-82  +5.067366e-92  +1.367560e-92  +2.017768e-83  +6.574687e-74  +1.680707e-66  +1.853276e-58  +2.838644e-61  +6.038393e-75  +1.693814e-91  +7.982273e-113  +5.156252e-143  +1.126239e-181 
+1.309385e-140  +8.592236e-97  +7.835629e-64  +2.896366e-40  +2.070751e-24  +5.076737e-19  +2.431274e-12  +1.020173e-10  +3.797716e-09  +1.346164e-05  +2.414975e-04  +8.249372e-09  +3.052413e-14  +2.982344e-21  +1.244669e-14  +2.076316e-14  +5.053631e-25  +1.954912e-34  +4.034967e-47  +1.537380e-46  +8.289349e-57  +8.167514e-57  +1.192450e-47  +1.248435e-41  +1.393312e-37  +8.619626e-30  +1.320260e-32  +7.829685e-46  +1.672064e-56  +5.620584e-77  +7.683031e-105  +1.695169e-143 
+4.671060e-123  +3.065167e-79  +2.793385e-46  +3.536318e-24  +7.000323e-12  +6.568624e-07  +8.905243e-05  +1.688768e-04  +1.169302e-04  +2.101037e-05  +1.049846e-04  +1.603965e-04  +3.192696e-05  +4.050347e-09  +2.284573e-06  +3.645525e-06  +2.682594e-10  +4.266754e-18  +1.137266e-22  +3.492978e-22  +1.894352e-32  +5.322339e-31  +9.787501e-23  +3.686172e-20  +1.613801e-16  +5.568527e-12  +8.561805e-15  +6.787034e-22  +3.174896e-32  +1.011000e-49  +1.606017e-77  +3.543509e-116 
+2.314202e-116  +1.518588e-72  +1.383938e-39  +1.751586e-17  +3.079091e-06  +3.665355e-05  +1.711131e-05  +2.536072e-04  +1.651785e-04  +5.885789e-04  +1.522730e-04  +3.918721e-05  +7.233109e-05  +4.258242e-05  +2.055524e-04  +9.801534e-05  +1.063477e-04  +7.825238e-11  +1.330760e-08  +1.137809e-08  +1.655276e-18  +3.548536e-14  +1.123675e-08  +1.056020e-07  +6.888275e-06  +5.918779e-05  +2.309837e-06  +1.340405e-08  +2.569766e-16  +2.934697e-33  +4.662390e-61  +1.028708e-99 
+1.599775e-120  +1.162822e-76  +3.537315e-43  +7.989153e-20  +3.328846e-07  +1.440800e-04  +9.219456e-05  +7.413977e-05  +4.936215e-04  +6.957455e-05  +4.528025e-05  +2.245177e-04  +1.324395e-04  +2.353239e-04  +1.567959e-04  +1.818385e-05  +1.272703e-04  +3.780638e-05  +2.394737e-04  +5.217031e-05  +1.348810e-09  +5.283731e-06  +1.395418e-04  +8.074940e-05  +4.224671e-04  +1.242937e-04  +2.361385e-04  +1.297263e-04  +1.034315e-10  +1.183204e-27  +1.879771e-55  +4.147519e-94 
+3.973792e-126  +7.247184e-81  +4.284763e-46  +1.165002e-21  +6.005560e-08  +6.213831e-05  +1.349419e-04  +1.530835e-04  +1.264486e-04  +2.072012e-04  +2.031416e-04  +1.084598e-04  +4.262742e-05  +1.144304e-05  +2.016598e-04  +2.136385e-04  +1.104829e-04  +2.005337e-04  +1.817088e-04  +8.678152e-06  +1.221723e-04  +7.017496e-05  +1.112802e-04  +1.850537e-04  +8.453812e-05  +4.224938e-05  +1.182942e-04  +4.379010e-06  +6.004385e-16  +6.625125e-33  +1.052542e-60  +2.322324e-99 
+2.322127e-135  +4.619419e-89  +1.276247e-53  +5.144637e-29  +1.038185e-12  +7.140183e-05  +1.519156e-04  +2.853717e-05  +1.746309e-04  +2.077828e-04  +1.177011e-04  +1.564662e-04  +1.779600e-04  +3.463217e-04  +1.861869e-04  +1.443824e-05  +1.193501e-04  +1.431322e-04  +8.438186e-05  +4.543879e-05  +1.826842e-04  +6.280387e-04  +4.408239e-04  +2.788409e-04  +1.052007e-04  +2.412904e-04  +9.425801e-05  +6.324197e-07  +6.085343e-13  +1.064928e-28  +8.327869e-54  +2.600830e-89 
+1.405312e-153  +2.856882e-107  +8.863851e-69  +1.113222e-38  +2.321734e-19  +1.388126e-07  +1.316167e-04  +1.636600e-04  +3.692016e-04  +1.795019e-04  +1.183661e-06  +1.855504e-04  +8.698826e-05  +6.423122e-05  +5.190939e-05  +7.181468e-05  +9.814440e-05  +3.702974e-05  +3.103449e-04  +3.852175e-04  +4.837114e-04  +5.021210e-04  +2.751828e-04  +4.725997e-04  +2.637175e-04  +1.910546e-04  +1.659343e-04  +2.110592e-04  +5.363708e-08  +1.610289e-21  +1.215476e-41  +2.624059e-72 
+1.776675e-178  +1.367028e-126  +3.400578e-82  +2.074762e-47  +1.758691e-23  +2.221515e-10  +7.967771e-05  +2.246196e-05  +2.434668e-04  +2.593076e-04  +1.570076e-04  +2.157123e-04  +3.646224e-04  +1.378502e-05  +1.387617e-04  +8.221645e-05  +1.978526e-04  +2.364700e-04  +2.373152e-04  +1.610729e-04  +3.289997e-04  +3.222924e-04  +3.389560e-04  +3.577371e-04  +1.781212e-04  +2.322612e-04  +1.383544e-04  +1.906177e-04  +2.244254e-05  +2.506153e-14  +3.895860e-34  +8.410799e-65 
+5.440742e-198  +1.721727e-141  +7.566736e-96  +4.619342e-61  +2.987183e-36  +9.842259e-19  +6.782846e-09  +3.741892e-05  +6.183182e-05  +9.727955e-06  +6.264813e-06  +1.000163e-05  +2.585958e-04  +2.758346e-04  +1.605434e-04  +1.119066e-04  +1.612519e-04  +4.131590e-04  +3.909705e-05  +5.297731e-04  +5.137315e-04  +5.812247e-04  +3.319333e-04  +2.006101e-04  +2.440358e-04  +1.720524e-04  +7.241632e-05  +8.332208e-05  +2.970620e-08  +1.133928e-17  +2.536404e-37  +5.258733e-67 
+1.681971e-222  +5.322614e-166  +2.382943e-120  +8.612044e-83  +2.392083e-54  +3.005902e-31  +2.745436e-14  +3.200203e-05  +5.879305e-05  +1.677763e-04  +1.756867e-04  +2.719415e-04  +6.593767e-05  +1.765794e-05  +1.775801e-04  +5.689270e-05  +3.665096e-05  +2.876590e-04  +1.093419e-04  +1.307564e-04  +1.371136e-04  +3.605030e-04  +9.735942e-05  +1.926757e-04  +2.183341e-04  +2.833927e-04  +1.915035e-04  +1.264336e-04  +6.480948e-05  +2.036684e-12  +4.681664e-30  +6.351718e-57 
+1.998100e-214  +5.383523e-156  +2.014454e-108  +2.973668e-71  +3.134901e-40  +7.102247e-20  +2.909294e-09  +2.613547e-04  +8.057012e-05  +2.338124e-04  +1.145324e-05  +6.681930e-05  +3.664383e-04  +1.057756e-04  +1.235928e-04  +7.916764e-05  +2.619577e-04  +1.377168e-04  +7.027353e-05  +3.587881e-05  +4.319022e-05  +1.779899e-04  +5.462232e-05  +7.548055e-05  +6.415382e-05  +8.678640e-05  +1.859495e-04  +2.786969e-04  +1.743814e-04  +1.057233e-09  +1.238633e-25  +2.064050e-52 
+5.487228e-198  +1.478436e-139  +5.532097e-92  +2.874849e-55  +2.074814e-29  +2.913203e-14  +2.496172e-05  +1.817886e-04  +4.094311e-04  +1.439338e-04  +1.235128e-04  +1.769409e-04  +9.897507e-05  +4.025049e-05  +1.141704e-04  +1.484362e-04  +9.303577e-05  +2.049161e-04  +1.330582e-04  +3.444419e-08  +3.068787e-07  +6.485815e-07  +7.334791e-12  +6.781241e-05  +1.200108e-04  +1.132840e-04  +9.126850e-05  +3.380547e-05  +1.143090e-07  +5.899473e-14  +4.740269e-31  +1.347048e-58 
+2.092795e-192  +5.638664e-134  +2.109908e-86  +1.096450e-49  +7.913202e-24  +7.931781e-09  +1.233256e-04  +1.246859e-04  +4.271599e-05  +2.326597e-04  +2.816526e-04  +7.846519e-05  +3.952552e-04  +1.519271e-04  +1.240656e-04  +7.947506e-05  +1.168752e-04  +2.464152e-05  +1.202707e-05  +2.990334e-09  +8.009473e-20  +2.425208e-18  +1.339271e-19  +6.550037e-11  +2.143188e-11  +4.840776e-11  +1.714536e-09  +1.121774e-11  +3.990442e-21  +1.687415e-27  +1.205632e-44  +1.196834e-72 
+1.108507e-197  +2.986688e-139  +1.118096e-91  +6.114073e-55  +3.175505e-28  +4.040936e-11  +1.115793e-04  +1.241322e-04  +2.710307e-04  +3.492993e-04  +1.225924e-04  +9.761375e-05  +1.314526e-04  +2.275430e-04  +1.600008e-04  +1.655615e-04  +1.710139e-04  +7.813035e-07  +1.396102e-15  +3.456718e-19  +1.357523e-33  +1.259547e-40  +2.875019e-36  +1.412891e-27  +6.533996e-29  +4.425334e-28  +1.053235e-24  +6.615209e-27  +6.362014e-40  +6.756188e-52  +4.827063e-69  +4.789633e-97 
+1.589186e-201  +1.454667e-141  +1.878605e-92  +3.455960e-54  +9.179367e-27  +3.596741e-10  +2.899454e-04  +2.357667e-04  +1.788853e-04  +1.454536e-04  +2.858945e-04  +4.012621e-04  +1.605724e-05  +1.008762e-04  +1.960638e-06  +2.904502e-05  +2.022233e-10  +3.340905e-14  +1.594056e-26  +5.576157e-40  +2.189890e-54  +9.084861e-74  +8.630260e-64  +4.241299e-55  +4.947899e-57  +7.917250e-56  +8.995185e-51  +5.649720e-53  +4.928476e-66  +3.764440e-87  +2.684118e-104  +2.663305e-132 
+2.809993e-208  +2.545468e-148  +3.231007e-99  +5.829328e-61  +3.716223e-33  +6.158004e-14  +3.645678e-05  +1.126122e-04  +3.695459e-04  +2.646213e-05  +1.146077e-05  +3.197450e-05  +2.099737e-04  +4.961950e-08  +4.838225e-16  +2.328651e-13  +1.784916e-21  +4.358409e-31  +5.308439e-45  +6.336758e-68  +4.906090e-86  +2.675845e-111  +3.597951e-102  +1.768195e-93  +1.311944e-95  +2.335003e-94  +1.066951e-87  +6.701341e-90  +5.845435e-103  +7.082385e-127  +2.072804e-150  +2.056731e-178 
+7.355595e-226  +4.915582e-164  +8.036664e-112  +1.848715e-70  +5.906261e-40  +2.620557e-20  +1.883460e-11  +1.391584e-07  +8.128657e-06  +1.232423e-06  +5.200574e-11  +1.214712e-05  +2.723233e-05  +9.247392e-06  +9.465426e-12  +4.212722e-25  +1.998586e-40  +1.765627e-58  +1.978234e-73  +2.689197e-97  +1.531326e-128  +8.325532e-154  +2.083169e-151  +1.023763e-142  +7.062111e-145  +1.377188e-143  +1.757589e-135  +1.103912e-137  +9.629186e-151  +1.166494e-174  +2.242700e-207  +2.205829e-235 
+2.509184e-244  +2.992690e-181  +4.957113e-129  +1.140339e-87  +3.643149e-57  +1.616696e-37  +9.527639e-26  +1.316149e-20  +6.965794e-17  +1.057272e-18  +1.302102e-20  +6.127025e-08  +3.405276e-05  +7.464179e-05  +1.636910e-07  +2.608837e-20  +2.770530e-43  +5.268228e-77  +8.902011e-112  +2.964590e-137  +2.839064e-171  +3.597504e-207  +1.675065e-211  +8.232026e-203  +5.625877e-205  +9.487088e-203  +4.020945e-194  +2.525488e-196  +2.202928e-209  +2.668661e-233  +4.489774e-268  +3.285522e-303 
+2.149487e-272  +2.563681e-209  +4.246500e-157  +9.768688e-116  +3.120896e-85  +2.673064e-65  +4.682319e-50  +1.291149e-42  +9.419890e-39  +1.264364e-41  +3.380714e-30  +8.429118e-17  +6.719741e-12  +1.363196e-05  +9.199525e-07  +9.019842e-19  +1.228306e-41  +2.323210e-75  +6.103025e-120  +2.226780e-175  +2.514274e-222  +5.830363e-267  +1.870583e-282  +9.192887e-274  +6.275308e-276  +2.829877e-272  +1.277547e-263  +8.024055e-266  +6.999209e-279  +8.478949e-303  +0.000000e+00  +0.000000e+00 
+2.557261e-311  +3.050031e-248  +5.052094e-196  +1.162188e-154  +3.716317e-124  +8.804053e-101  +3.199176e-85  +2.868404e-75  +1.889771e-71  +4.471228e-74  +7.082495e-50  +1.693227e-36  +4.291011e-23  +2.075806e-13  +1.459538e-14  +1.425223e-26  +1.932806e-49  +3.640257e-83  +9.521693e-128  +3.458872e-183  +1.744991e-249  +0.000000e+00  +0.000000e+00  +0.000000e+00  +0.000000e+00  +0.000000e+00  +0.000000e+00  +0.000000e+00  +0.000000e+00  +0.000000e+00  +0.000000e+00  +0.000000e+00 
+0.000000e+00  +5.039443e-298  +8.347369e-246  +1.920238e-204  +3.805145e-173  +8.352320e-147  +3.057022e-131  +8.883910e-119  +5.503145e-115  +1.252458e-104  +2.072575e-80  +3.091558e-62  +1.084275e-41  +5.489312e-32  +3.859532e-33  +3.768680e-45  +5.110718e-68  +9.625261e-102  +2.517567e-146  +9.145081e-202  +4.613515e-268  +0.000000e+00  +0.000000e+00  +0.000000e+00  +0.000000e+00  +0.000000e+00  +0.000000e+00  +0.000000e+00  +0.000000e+00  +0.000000e+00  +0.000000e+00  +0.000000e+00 
+0.000000e+00  +0.000000e+00  +1.915428e-306  +4.428589e-265  +4.206065e-230  +1.100654e-203  +1.326075e-187  +3.824361e-173  +2.287349e-169  +5.116301e-146  +8.877921e-122  +1.093631e-91  +3.986679e-71  +2.018320e-61  +1.419079e-62  +1.385675e-74  +1.879117e-97  +3.539030e-131  +9.256627e-176  +3.362476e-231  +1.696303e-297  +0.000000e+00  +0.000000e+00  +0.000000e+00  +0.000000e+00  +0.000000e+00  +0.000000e+00  +0.000000e+00  +0.000000e+00  +0.000000e+00  +0.000000e+00  +0.000000e+00 
+0.000000e+00  +0.000000e+00  +0.000000e+00  +0.000000e+00  +7.697384e-298  +2.014339e-271  +5.548925e-253  +2.287387e-238  +2.581209e-233  +2.903434e-198  +2.127556e-163  +5.584491e-132  +2.035749e-111  +1.030631e-101  +7.246356e-103  +7.075779e-115  +9.595483e-138  +1.807163e-171  +4.726784e-216  +1.717008e-271  +0.000000e+00  +0.000000e+00  +0.000000e+00  +0.000000e+00  +0.000000e+00  +0.000000e+00  +0.000000e+00  +0.000000e+00  +0.000000e+00  +0.000000e+00  +0.000000e+00  +0.000000e+00 
+0.000000e+00  +0.000000e+00  +0.000000e+00  +0.000000e+00  +0.000000e+00  +0.000000e+00  +0.000000e+00  +1.900467e-314  +1.929058e-296  +7.983247e-257  +1.508800e-214  +3.960359e-183  +1.443695e-162  +7.308934e-153  +5.138906e-154  +5.017938e-166  +6.804838e-189  +1.281588e-222  +3.352099e-267  +1.235164e-322  +0.000000e+00  +0.000000e+00  +0.000000e+00  +0.000000e+00  +0.000000e+00  +0.000000e+00  +0.000000e+00  +0.000000e+00  +0.000000e+00  +0.000000e+00  +0.000000e+00  +0.000000e+00 
