+0.000000e+00  +0.000000e+00  +0.000000e+00  +0.000000e+00  +0.000000e+00  +0.000000e+00  +0.000000e+00  +0.000000e+00  +0.000000e+00  +0.000000e+00  +0.000000e+00  +0.000000e+00  +0.000000e+00  +0.000000e+00  +0.000000e+00  +0.000000e+00  +0.000000e+00  +6.271546e-298  +1.631436e-257  +5.893910e-228  +2.957160e-209  +2.060555e-201  +1.034183e-197  +3.636774e-193  +5.644140e-196  +2.345308e-209  +1.353541e-233  +1.084878e-268  +1.207615e-314  +0.000000e+00  +0.000000e+00  +0.000000e+00 
+0.000000e+00  +0.000000e+00  +0.000000e+00  +0.000000e+00  +0.000000e+00  +0.000000e+00  +0.000000e+00  +0.000000e+00  +0.000000e+00  +0.000000e+00  +0.000000e+00  +0.000000e+00  +0.000000e+00  +0.000000e+00  +0.000000e+00  +0.000000e+00  +2.656080e-289  +4.975064e-238  +1.294178e-197  +4.675495e-168  +2.345843e-149  +1.634590e-141  +4.140603e-139  +1.357958e-134  +1.966863e-137  +8.172811e-151  +4.716753e-175  +3.780530e-210  +4.208237e-256  +6.505576e-313  +0.000000e+00  +0.000000e+00 
+0.000000e+00  +0.000000e+00  +0.000000e+00  +0.000000e+00  +0.000000e+00  +0.000000e+00  +0.000000e+00  +0.000000e+00  +0.000000e+00  +0.000000e+00  +0.000000e+00  +0.000000e+00  +0.000000e+00  +0.000000e+00  +1.759977e-317  +6.776018e-294  +2.926195e-240  +5.481012e-189  +1.425792e-148  +5.150978e-119  +2.584408e-100  +1.800835e-92  +2.312740e-91  +7.075782e-87  +9.518952e-90  +3.955315e-103  +2.282720e-127  +1.829626e-162  +2.036619e-208  +3.148439e-265  +0.000000e+00  +0.000000e+00 
+0.000000e+00  +0.000000e+00  +0.000000e+00  +0.000000e+00  +0.000000e+00  +6.326715e-300  +4.161088e-286  +3.800787e-283  +4.821455e-291  +8.494165e-310  +5.691794e-306  +2.152055e-298  +4.635375e-292  +1.809324e-261  +9.808133e-242  +1.020445e-232  +7.178807e-194  +8.386130e-151  +2.181505e-110  +7.881151e-81  +3.954222e-62  +2.755504e-54  +1.915566e-54  +5.144871e-50  +6.397980e-53  +2.658450e-66  +1.534264e-90  +1.229730e-125  +1.368855e-171  +2.116132e-228  +2.424464e-294  +0.000000e+00 
+0.000000e+00  +0.000000e+00  +0.000000e+00  +7.884986e-288  +2.688770e-252  +1.273340e-227  +8.374774e-214  +7.649618e-211  +9.703856e-219  +1.709570e-237  +1.477356e-231  +5.585852e-224  +6.520712e-227  +1.400338e-196  +7.591100e-177  +5.717290e-168  +3.619941e-145  +9.970342e-115  +4.636277e-83  +1.674664e-53  +8.402318e-35  +5.858362e-27  +4.939429e-28  +5.222102e-24  +5.972216e-27  +2.481499e-40  +1.432141e-64  +1.147877e-99  +1.277741e-145  +4.867382e-193  +1.996681e-238  +2.442135e-292 
+0.000000e+00  +0.000000e+00  +8.976153e-273  +2.203967e-226  +7.515500e-191  +3.559169e-166  +2.340870e-152  +2.138178e-149  +2.712367e-157  +4.778494e-176  +5.325487e-168  +2.013555e-160  +1.057335e-163  +1.505177e-142  +8.159517e-123  +6.150482e-114  +1.621895e-103  +1.004880e-78  +4.042932e-57  +5.020269e-37  +2.479567e-18  +1.737068e-10  +3.095827e-11  +7.449501e-09  +7.742249e-12  +3.216900e-25  +1.856561e-49  +5.776514e-84  +1.941861e-113  +1.393553e-148  +1.227279e-191  +1.501085e-245 
+0.000000e+00  +1.970859e-279  +3.484435e-222  +8.555535e-176  +2.917427e-140  +1.381627e-115  +9.086976e-102  +8.300151e-99  +1.052908e-106  +1.854954e-125  +2.666069e-115  +1.008035e-107  +5.295370e-111  +2.246882e-99  +1.218071e-79  +9.204466e-71  +1.909811e-67  +1.172377e-50  +1.028169e-33  +1.821195e-20  +3.194464e-12  +7.425731e-05  +1.178159e-04  +1.673476e-04  +1.396625e-07  +8.390354e-21  +4.602287e-37  +1.498341e-55  +1.875957e-80  +1.189578e-112  +1.047652e-155  +1.411292e-209 
+8.346351e-308  +1.062516e-239  +1.878505e-182  +4.612403e-136  +1.572824e-100  +7.448533e-76  +4.898910e-62  +4.474722e-59  +5.676369e-67  +1.000041e-85  +1.853622e-73  +7.008506e-66  +3.719169e-69  +4.699488e-67  +2.525516e-47  +1.922739e-38  +3.620897e-40  +4.957058e-27  +8.387501e-17  +3.928452e-09  +4.975696e-05  +2.035364e-04  +6.173888e-05  +1.966482e-04  +4.569424e-06  +1.265751e-11  +2.243425e-19  +4.871194e-34  +2.223917e-55  +1.410277e-87  +8.372993e-128  +1.267590e-162 
+6.249059e-279  +7.955245e-211  +1.406470e-153  +3.453387e-107  +1.177601e-71  +5.576847e-47  +3.667900e-33  +3.350303e-30  +4.249999e-38  +1.952090e-56  +1.789819e-42  +6.767286e-35  +4.524019e-38  +2.263224e-37  +7.281320e-26  +5.661949e-17  +1.963174e-18  +1.144998e-12  +2.500431e-08  +1.193668e-04  +7.134964e-05  +1.855809e-04  +2.625909e-04  +4.237271e-05  +2.839773e-05  +9.864013e-05  +2.441943e-09  +8.019003e-20  +3.661595e-41  +1.077346e-66  +1.132707e-90  +1.717723e-125 
+1.262940e-249  +8.271981e-193  +1.462468e-135  +3.590883e-89  +1.224487e-53  +5.798891e-29  +3.813945e-15  +3.483730e-12  +4.708637e-20  +1.973997e-33  +2.400131e-22  +9.075522e-15  +3.833955e-17  +3.868389e-16  +7.173161e-13  +2.416598e-06  +1.906089e-07  +1.499916e-06  +8.790995e-05  +1.436623e-04  +1.917152e-05  +8.439141e-05  +1.717287e-04  +1.144963e-04  +2.385858e-04  +1.817466e-04  +6.983636e-06  +1.345337e-15  +1.978863e-26  +1.952238e-40  +2.131719e-64  +3.232700e-99 
+1.827164e-203  +2.508292e-157  +4.805796e-122  +6.523645e-82  +1.775583e-46  +8.444071e-22  +5.632076e-08  +5.436428e-05  +6.590565e-09  +4.497976e-21  +4.531871e-13  +1.696125e-05  +1.640814e-06  +1.049422e-05  +1.143836e-07  +2.492819e-04  +3.879438e-05  +5.699121e-05  +1.809443e-05  +3.040172e-04  +2.282874e-04  +5.273543e-04  +4.294965e-04  +3.098981e-04  +2.014180e-04  +6.967611e-05  +1.330893e-05  +1.453144e-06  +6.490440e-12  +5.102682e-25  +5.571668e-49  +8.449231e-84 
+3.671217e-168  +5.039768e-122  +9.608356e-87  +2.544052e-62  +8.927551e-38  +1.143712e-17  +1.545424e-07  +3.157704e-05  +2.416612e-07  +1.834232e-09  +1.025575e-06  +2.295636e-04  +9.705595e-05  +1.259223e-04  +1.278720e-04  +1.982484e-04  +1.516288e-04  +1.055386e-04  +3.539683e-04  +2.928668e-04  +4.546845e-04  +1.521157e-04  +5.142388e-05  +3.535920e-04  +1.442513e-04  +1.707597e-04  +1.995361e-04  +7.977203e-05  +2.934158e-07  +1.996310e-20  +2.072315e-44  +3.090922e-79 
+1.024427e-143  +1.406310e-97  +2.681141e-62  +7.098982e-38  +2.617425e-24  +2.668585e-14  +1.822470e-05  +1.668430e-04  +7.896128e-05  +1.924587e-04  +7.752548e-05  +1.998738e-04  +2.540420e-04  +1.420529e-04  +1.273384e-04  +2.874458e-04  +5.662998e-05  +1.459589e-04  +1.999064e-04  +1.853193e-04  +1.893463e-04  +2.633555e-04  +5.863296e-04  +3.192208e-04  +1.896073e-04  +1.974826e-04  +1.323431e-04  +3.045757e-05  +7.206161e-11  +1.586264e-24  +5.560094e-49  +2.778512e-84 
+3.065777e-121  +5.703555e-84  +1.041407e-48  +2.752803e-24  +1.011871e-10  +6.038074e-07  +4.339589e-05  +1.730434e-05  +2.157677e-04  +1.860039e-05  +1.591931e-04  +7.185643e-05  +1.554950e-04  +1.982503e-04  +2.012838e-04  +6.763516e-05  +2.014783e-04  +2.161354e-04  +3.711112e-04  +2.663505e-04  +4.759821e-04  +2.326050e-04  +2.139432e-04  +7.055233e-05  +1.454827e-04  +1.907197e-04  +1.806176e-05  +5.607105e-06  +1.044746e-16  +1.158160e-37  +8.290882e-63  +3.985376e-98 
+6.407765e-97  +9.322767e-62  +1.894621e-37  +8.702012e-19  +4.703706e-07  +1.624508e-04  +1.025740e-05  +1.464865e-04  +6.760605e-05  +2.650008e-04  +2.754938e-04  +3.616889e-05  +3.284748e-04  +1.539512e-04  +1.660046e-04  +2.152680e-05  +1.829976e-04  +3.931229e-04  +2.717942e-04  +5.156889e-04  +4.238376e-04  +2.163749e-04  +1.890981e-04  +1.077564e-04  +4.421905e-05  +4.906347e-06  +2.429520e-10  +6.211982e-13  +1.152564e-23  +2.970029e-45  +1.062919e-77  +5.367957e-121 
+1.413999e-81  +3.868364e-48  +5.481400e-24  +1.534532e-10  +1.841533e-05  +1.018572e-04  +1.374918e-04  +4.467069e-04  +2.686756e-04  +2.800929e-04  +1.748289e-04  +2.410162e-04  +2.171222e-04  +9.917925e-05  +2.775384e-04  +1.334580e-04  +1.792674e-04  +1.872946e-04  +6.739531e-06  +1.298018e-04  +1.405748e-04  +5.805287e-05  +7.116464e-05  +7.637153e-10  +4.368557e-07  +7.116641e-13  +4.328340e-22  +1.017368e-30  +1.887732e-41  +4.864527e-63  +1.740920e-95  +8.652769e-139 
+7.716532e-73  +6.427954e-40  +7.438554e-18  +1.256646e-06  +6.663191e-05  +1.748802e-04  +1.974111e-04  +1.913624e-04  +1.950544e-04  +3.024337e-04  +1.936368e-04  +8.038285e-05  +2.140082e-04  +2.247903e-05  +1.572553e-04  +4.837025e-07  +9.708067e-05  +1.608189e-04  +1.688634e-04  +1.809508e-04  +9.844520e-05  +2.715913e-05  +1.072353e-04  +3.718097e-10  +1.091698e-19  +1.156658e-26  +1.012859e-41  +4.009965e-59  +4.293972e-70  +1.106521e-91  +3.960023e-124  +1.968221e-167 
+5.926296e-75  +4.936659e-42  +5.711115e-20  +9.219184e-09  +1.079836e-04  +2.067750e-04  +4.484333e-05  +1.518396e-04  +2.709460e-04  +2.322836e-04  +1.326294e-06  +1.328436e-04  +1.622436e-04  +6.892486e-05  +4.683242e-05  +1.247769e-04  +1.224008e-05  +5.182294e-05  +1.353310e-05  +7.879672e-05  +7.714599e-05  +1.883942e-08  +2.341303e-10  +4.997605e-17  +2.440657e-33  +4.014355e-50  +5.952138e-68  +3.888913e-92  +1.356488e-109  +3.495556e-131  +1.250992e-163  +6.217714e-207 
+6.320951e-88  +5.265427e-55  +2.533528e-32  +3.241607e-15  +1.156455e-06  +1.484366e-04  +9.498856e-05  +2.705315e-04  +1.000980e-04  +1.729673e-04  +1.920535e-05  +1.653817e-04  +7.068771e-05  +1.203783e-04  +8.564993e-05  +2.579442e-04  +9.790244e-05  +2.173215e-04  +1.584394e-04  +2.134846e-04  +1.608912e-04  +3.751234e-06  +3.230799e-17  +9.412158e-35  +4.556007e-51  +3.090088e-78  +2.847118e-102  +7.702858e-131  +5.961336e-160  +1.533596e-181  +5.488445e-214  +2.727882e-257 
+9.382180e-112  +1.662253e-75  +2.120893e-47  +9.123795e-27  +1.237006e-15  +5.094512e-08  +2.695395e-05  +3.487421e-05  +1.751204e-04  +1.214333e-04  +6.138202e-05  +1.062154e-04  +2.069895e-04  +2.676500e-04  +8.222811e-05  +7.837515e-05  +6.311910e-05  +9.023419e-05  +9.100840e-05  +1.157592e-04  +1.070317e-05  +2.607105e-09  +2.759701e-20  +4.233090e-42  +9.045028e-75  +8.010990e-107  +7.564948e-145  +3.894688e-176  +1.589644e-214  +9.344236e-243  +3.344121e-275  +1.662106e-318 
+2.766807e-140  +4.790103e-101  +1.396527e-68  +1.138165e-46  +4.276954e-31  +1.712652e-19  +1.129482e-08  +2.071875e-05  +1.065594e-04  +2.127448e-04  +6.424232e-05  +1.399272e-04  +2.053821e-05  +1.879783e-04  +3.405225e-04  +2.271860e-04  +1.799324e-04  +9.540904e-05  +7.863418e-05  +3.074530e-04  +1.469342e-08  +1.955835e-22  +3.325180e-34  +5.114468e-56  +1.093029e-88  +3.244256e-132  +2.730212e-184  +3.976822e-232  +1.027754e-271  +7.907303e-315  +0.000000e+00  +0.000000e+00 
+1.032394e-175  +4.124220e-132  +2.418613e-99  +8.541300e-76  +1.810887e-53  +8.046031e-33  +8.593372e-21  +9.238760e-14  +2.519608e-09  +7.452953e-05  +1.334840e-04  +2.241191e-04  +1.558963e-04  +1.897958e-04  +1.777342e-04  +1.490622e-04  +2.962200e-05  +1.305874e-04  +1.215793e-04  +8.755188e-07  +4.062543e-15  +3.138009e-30  +1.235975e-55  +8.583369e-81  +1.834434e-113  +5.444859e-157  +2.244447e-211  +1.284902e-276  +0.000000e+00  +0.000000e+00  +0.000000e+00  +0.000000e+00 
+2.349191e-217  +9.919837e-174  +6.244186e-141  +3.910887e-109  +1.105519e-78  +8.162488e-56  +2.149422e-41  +9.005376e-27  +1.621845e-10  +5.806689e-05  +6.838580e-05  +9.979280e-05  +7.097589e-05  +2.524549e-04  +3.356068e-05  +3.186188e-04  +3.685190e-04  +1.960022e-04  +5.831644e-05  +2.163552e-06  +4.260552e-17  +1.167769e-38  +4.459771e-71  +7.071743e-110  +4.275742e-149  +1.269101e-192  +5.231412e-247  +2.994881e-312  +0.000000e+00  +0.000000e+00  +0.000000e+00  +0.000000e+00 
+7.847287e-270  +3.314243e-226  +1.637323e-186  +2.929723e-146  +1.557540e-112  +1.245696e-89  +4.586780e-57  +2.600791e-29  +2.115299e-12  +3.702475e-05  +1.501831e-04  +3.252179e-04  +8.280608e-05  +3.410632e-04  +1.145139e-04  +1.034766e-04  +7.034662e-05  +3.083497e-05  +1.137917e-12  +3.937663e-15  +7.774781e-26  +2.131958e-47  +8.119087e-80  +4.294114e-123  +3.154119e-177  +4.111427e-239  +1.693427e-293  +0.000000e+00  +0.000000e+00  +0.000000e+00  +0.000000e+00  +0.000000e+00 
+0.000000e+00  +1.323055e-285  +1.497488e-235  +5.732412e-191  +1.268963e-156  +3.027272e-107  +6.976658e-67  +7.793818e-36  +1.760970e-15  +7.590007e-06  +2.006715e-04  +2.953130e-05  +8.373976e-05  +2.629484e-04  +2.455053e-04  +1.095718e-04  +1.808101e-04  +8.532227e-05  +3.369927e-11  +1.656973e-19  +1.723308e-37  +3.029742e-66  +2.058776e-99  +1.088869e-142  +7.997972e-197  +8.158724e-262  +0.000000e+00  +0.000000e+00  +0.000000e+00  +0.000000e+00  +0.000000e+00  +0.000000e+00 
+0.000000e+00  +0.000000e+00  +4.069225e-291  +1.129986e-227  +7.095894e-164  +6.188412e-111  +7.495304e-69  +1.260774e-37  +2.945308e-17  +1.333938e-07  +1.746251e-04  +3.252091e-05  +8.956280e-05  +6.566381e-05  +4.064137e-05  +1.744424e-08  +8.538694e-05  +1.432310e-04  +6.306191e-05  +4.710466e-12  +4.899047e-30  +7.076159e-59  +1.419455e-98  +3.954425e-149  +1.529971e-210  +8.220930e-283  +0.000000e+00  +0.000000e+00  +0.000000e+00  +0.000000e+00  +0.000000e+00  +0.000000e+00 
+0.000000e+00  +0.000000e+00  +6.190164e-315  +2.798971e-240  +1.757650e-176  +1.532867e-123  +1.856584e-81  +3.123250e-50  +1.482324e-28  +1.835915e-12  +3.652599e-05  +1.710682e-04  +3.386803e-04  +2.974353e-04  +1.239561e-04  +2.749394e-10  +7.975341e-11  +6.681310e-07  +8.694361e-06  +3.424099e-15  +1.938107e-33  +2.793743e-62  +5.604131e-102  +1.561242e-152  +6.040459e-214  +3.245695e-286  +0.000000e+00  +0.000000e+00  +0.000000e+00  +0.000000e+00  +0.000000e+00  +0.000000e+00 
+0.000000e+00  +0.000000e+00  +0.000000e+00  +9.628568e-264  +6.046386e-200  +5.273124e-147  +6.483984e-105  +2.236172e-68  +1.584711e-39  +1.972146e-21  +3.027679e-10  +1.131786e-06  +2.747897e-06  +2.556465e-05  +4.217201e-10  +1.433804e-16  +1.667540e-26  +5.499989e-15  +7.146067e-14  +1.289468e-23  +3.232466e-44  +1.277815e-75  +3.127149e-116  +8.560781e-167  +3.312034e-228  +1.779641e-300  +0.000000e+00  +0.000000e+00  +0.000000e+00  +0.000000e+00  +0.000000e+00  +0.000000e+00 
+0.000000e+00  +0.000000e+00  +0.000000e+00  +4.600055e-298  +2.888703e-234  +1.447380e-178  +5.362533e-128  +2.775573e-88  +2.251721e-59  +1.274487e-36  +3.560744e-22  +1.405649e-18  +1.168034e-15  +8.740126e-15  +6.847732e-20  +3.739173e-33  +6.730155e-46  +6.296098e-34  +8.180441e-33  +1.476114e-42  +3.699142e-63  +1.287420e-94  +6.222910e-137  +4.242261e-190  +2.911480e-253  +0.000000e+00  +0.000000e+00  +0.000000e+00  +0.000000e+00  +0.000000e+00  +0.000000e+00  +0.000000e+00 
+0.000000e+00  +0.000000e+00  +0.000000e+00  +0.000000e+00  +9.377559e-271  +2.516182e-209  +9.376937e-159  +5.241413e-119  +1.109994e-84  +2.239839e-59  +6.278436e-45  +2.457944e-41  +7.035812e-36  +4.410033e-35  +3.443528e-40  +3.826310e-56  +1.081616e-75  +1.000965e-63  +1.300542e-62  +2.346754e-72  +5.880965e-93  +2.046764e-124  +9.892926e-167  +6.640790e-220  +6.190911e-284  +0.000000e+00  +0.000000e+00  +0.000000e+00  +0.000000e+00  +0.000000e+00  +0.000000e+00  +0.000000e+00 
+0.000000e+00  +0.000000e+00  +0.000000e+00  +0.000000e+00  +2.277148e-312  +6.110242e-251  +2.530766e-200  +1.869957e-154  +2.717573e-118  +5.485022e-93  +1.537494e-78  +6.053042e-75  +5.886003e-67  +3.094525e-66  +2.404911e-71  +2.672146e-87  +4.205767e-114  +2.210063e-104  +2.871507e-103  +5.181470e-113  +1.298477e-133  +4.519113e-165  +2.184290e-207  +1.466241e-260  +0.000000e+00  +0.000000e+00  +0.000000e+00  +0.000000e+00  +0.000000e+00  +0.000000e+00  +0.000000e+00  +0.000000e+00 
+0.000000e+00  +0.000000e+00  +0.000000e+00  +0.000000e+00  +0.000000e+00  +2.901999e-303  +6.077176e-246  +6.359486e-199  +9.242323e-163  +1.865427e-137  +5.228935e-123  +8.345516e-119  +6.838563e-109  +3.018431e-108  +2.332557e-113  +2.591753e-129  +3.999381e-156  +6.776853e-156  +8.805080e-155  +1.588827e-164  +3.981600e-185  +1.385724e-216  +6.697825e-259  +4.496026e-312  +0.000000e+00  +0.000000e+00  +0.000000e+00  +0.000000e+00  +0.000000e+00  +0.000000e+00  +0.000000e+00  +0.000000e+00 
