+0.000000e+00  +0.000000e+00  +0.000000e+00  +0.000000e+00  +0.000000e+00  +0.000000e+00  +1.611373e-278  +1.467100e-228  +1.019377e-183  +6.187861e-148  +5.216569e-123  +6.107554e-109  +9.930877e-106  +2.242569e-113  +7.033024e-132  +3.063206e-161  +1.852885e-201  +1.556533e-252  +1.815962e-314  +0.000000e+00  +0.000000e+00  +0.000000e+00  +0.000000e+00  +0.000000e+00  +0.000000e+00  +0.000000e+00  +0.000000e+00  +0.000000e+00  +0.000000e+00  +0.000000e+00  +0.000000e+00  +0.000000e+00 
+0.000000e+00  +0.000000e+00  +0.000000e+00  +0.000000e+00  +0.000000e+00  +1.578633e-286  +3.560343e-230  +2.580392e-180  +3.412820e-141  +1.480375e-106  +1.248004e-81  +1.461162e-67  +2.375848e-64  +5.365089e-72  +1.682570e-90  +7.328369e-120  +4.432813e-160  +3.723875e-211  +6.043847e-259  +1.540088e-312  +0.000000e+00  +0.000000e+00  +0.000000e+00  +0.000000e+00  +0.000000e+00  +0.000000e+00  +0.000000e+00  +0.000000e+00  +0.000000e+00  +0.000000e+00  +0.000000e+00  +0.000000e+00 
+0.000000e+00  +0.000000e+00  +0.000000e+00  +1.350664e-317  +3.588950e-273  +1.772409e-235  +9.654845e-187  +1.051320e-142  +8.148491e-104  +1.836107e-75  +4.146533e-51  +4.854756e-37  +7.893829e-34  +1.782567e-41  +5.590391e-60  +2.434873e-89  +1.473407e-129  +5.108409e-165  +6.451378e-208  +3.033638e-247  +5.684956e-293  +0.000000e+00  +0.000000e+00  +0.000000e+00  +0.000000e+00  +0.000000e+00  +0.000000e+00  +0.000000e+00  +0.000000e+00  +0.000000e+00  +0.000000e+00  +0.000000e+00 
+0.000000e+00  +0.000000e+00  +1.202040e-312  +2.298384e-257  +6.103404e-213  +3.400432e-179  +4.600593e-147  +1.139038e-108  +7.427977e-77  +5.232142e-49  +3.018886e-31  +2.240136e-17  +3.642459e-14  +8.225323e-22  +2.579581e-40  +1.143633e-69  +8.381084e-93  +7.568467e-125  +1.975716e-157  +2.665938e-192  +4.995896e-238  +2.424729e-255  +2.249795e-268  +2.929263e-286  +1.725197e-306  +0.000000e+00  +0.000000e+00  +0.000000e+00  +0.000000e+00  +0.000000e+00  +0.000000e+00  +0.000000e+00 
+0.000000e+00  +4.940656e-324  +2.140175e-262  +5.432601e-208  +1.442399e-163  +5.319674e-130  +1.141908e-104  +7.523296e-80  +2.592374e-52  +1.286049e-32  +7.244751e-16  +1.613262e-08  +2.334217e-05  +5.271114e-13  +5.737028e-31  +2.834451e-42  +1.714181e-63  +2.481770e-89  +2.411286e-113  +3.253675e-148  +3.357405e-184  +2.244026e-187  +2.082145e-200  +6.755641e-215  +3.978757e-235  +3.254365e-266  +3.696775e-308  +0.000000e+00  +0.000000e+00  +0.000000e+00  +0.000000e+00  +0.000000e+00 
+0.000000e+00  +6.334772e-280  +2.202858e-218  +1.081675e-167  +4.741230e-125  +1.745920e-91  +9.147362e-69  +2.177468e-51  +2.377572e-34  +1.140362e-17  +3.374517e-09  +2.378810e-04  +1.069281e-04  +1.014005e-11  +3.046349e-13  +7.563865e-24  +6.061727e-43  +4.206525e-56  +4.087059e-80  +5.514884e-115  +1.659626e-127  +2.884235e-130  +2.727172e-143  +2.163780e-154  +1.274366e-174  +1.042348e-205  +1.184049e-247  +1.867946e-300  +0.000000e+00  +0.000000e+00  +0.000000e+00  +0.000000e+00 
+4.170013e-319  +1.044125e-246  +3.630846e-185  +1.753481e-134  +1.178226e-94  +8.067725e-64  +4.076051e-41  +5.733233e-28  +1.366684e-19  +1.576694e-10  +9.960607e-05  +1.637233e-04  +9.335989e-05  +2.051213e-05  +7.132743e-06  +3.232339e-16  +1.415383e-20  +9.902015e-34  +9.620798e-58  +4.310370e-80  +1.463630e-81  +5.148387e-84  +2.317398e-95  +9.624933e-105  +5.668636e-125  +4.636576e-156  +5.266888e-198  +8.309001e-251  +1.820461e-314  +0.000000e+00  +0.000000e+00  +0.000000e+00 
+9.545414e-297  +2.390078e-224  +8.311270e-163  +4.013845e-112  +2.692104e-72  +2.508120e-43  +2.904667e-24  +1.837290e-12  +2.787535e-07  +5.338575e-05  +1.261048e-04  +1.662964e-04  +1.487183e-04  +2.987333e-04  +7.713109e-05  +9.236698e-07  +4.627216e-09  +3.237471e-22  +3.147076e-46  +3.378580e-45  +2.453543e-46  +1.276291e-48  +1.402106e-56  +5.945936e-66  +3.501878e-86  +2.864309e-117  +3.253693e-159  +5.133001e-212  +1.124615e-275  +0.000000e+00  +0.000000e+00  +0.000000e+00 
+3.034536e-285  +7.598180e-213  +2.642195e-151  +1.276022e-100  +8.558336e-61  +7.971839e-32  +1.031277e-13  +3.466368e-06  +4.799110e-05  +1.200970e-04  +1.583084e-04  +4.136502e-04  +3.068693e-04  +1.564253e-04  +1.586076e-04  +2.899751e-04  +6.403649e-07  +2.543632e-19  +3.180476e-30  +3.677830e-21  +7.168279e-22  +4.394099e-24  +1.202923e-28  +5.101297e-38  +3.004426e-58  +2.457425e-89  +2.791496e-131  +4.403842e-184  +9.648603e-248  +2.914987e-322  +0.000000e+00  +0.000000e+00 
+1.222198e-283  +8.682818e-212  +2.643565e-150  +1.357596e-99  +1.022621e-59  +1.121477e-30  +1.786624e-12  +4.114551e-05  +7.809155e-05  +5.503477e-05  +1.756268e-04  +7.078657e-05  +1.394629e-04  +6.283660e-05  +1.293625e-04  +3.726875e-05  +1.462295e-06  +6.606184e-17  +5.652549e-15  +5.560727e-08  +3.234522e-08  +2.260246e-10  +1.433298e-11  +6.078257e-21  +3.579809e-41  +2.928052e-72  +3.326508e-114  +6.043654e-167  +2.174795e-228  +8.160726e-300  +0.000000e+00  +0.000000e+00 
+2.726937e-275  +4.109964e-204  +8.602784e-144  +2.500802e-94  +1.009660e-55  +5.664557e-28  +4.451090e-11  +5.520122e-05  +7.236722e-05  +5.625010e-05  +2.325408e-04  +7.135483e-05  +1.661761e-04  +2.015487e-04  +9.055909e-05  +2.371082e-04  +3.417366e-05  +3.344787e-07  +6.163196e-06  +7.400418e-05  +1.089118e-04  +1.028993e-04  +2.372078e-05  +1.009947e-14  +3.606531e-34  +3.056985e-62  +4.304485e-101  +8.418908e-151  +2.286801e-211  +8.626583e-283  +0.000000e+00  +0.000000e+00 
+1.109114e-277  +1.671627e-206  +3.498970e-146  +1.017136e-96  +4.106350e-58  +2.302369e-30  +1.813511e-13  +2.889510e-06  +1.467254e-06  +1.320778e-06  +2.585770e-04  +1.503950e-04  +1.030675e-04  +7.687746e-05  +1.267419e-05  +9.570693e-05  +1.860926e-04  +1.564388e-04  +8.865743e-05  +1.300093e-04  +8.469263e-05  +5.347565e-05  +1.263549e-04  +6.065494e-11  +4.425136e-28  +4.487193e-56  +6.319329e-95  +1.236100e-144  +6.277213e-199  +4.009610e-260  +0.000000e+00  +0.000000e+00 
+6.264922e-291  +9.442318e-220  +1.976421e-159  +5.745376e-110  +2.319525e-71  +2.039316e-43  +6.379605e-21  +8.102845e-09  +3.478881e-05  +1.302814e-04  +1.651622e-04  +2.225029e-04  +9.391402e-05  +1.001767e-04  +2.359567e-04  +2.246660e-05  +2.075353e-04  +2.162048e-04  +3.256496e-04  +2.032736e-04  +1.824909e-04  +1.515687e-04  +9.111926e-05  +3.066035e-12  +1.931558e-30  +1.326588e-52  +3.163426e-81  +1.047653e-120  +4.818533e-171  +3.077871e-232  +2.730385e-304  +0.000000e+00 
+4.914709e-315  +1.019083e-242  +2.232191e-176  +7.322609e-121  +3.336218e-76  +2.111596e-42  +1.860618e-19  +2.333858e-07  +1.531989e-05  +2.817869e-04  +1.124238e-04  +1.520636e-04  +1.794914e-04  +2.461763e-04  +2.299763e-04  +5.086358e-05  +1.027068e-04  +1.583071e-04  +2.784229e-04  +4.555915e-04  +2.929777e-04  +1.469295e-04  +3.233176e-06  +1.448156e-10  +8.236492e-18  +1.414238e-35  +3.372438e-64  +1.116872e-103  +5.136900e-154  +3.281229e-215  +2.910785e-287  +0.000000e+00 
+4.940656e-324  +3.482768e-246  +2.841054e-179  +3.225709e-123  +5.112329e-78  +1.138456e-43  +3.613699e-20  +1.682636e-07  +1.550959e-04  +3.483393e-05  +6.768620e-05  +2.205485e-04  +2.055363e-04  +1.261853e-04  +1.640227e-04  +1.960687e-04  +1.754438e-04  +2.888227e-04  +5.387263e-04  +3.756123e-04  +7.052103e-04  +3.366547e-04  +2.281345e-04  +1.128572e-04  +1.225762e-11  +2.094244e-29  +4.993109e-58  +1.653590e-97  +7.605456e-148  +4.858036e-209  +4.309573e-281  +0.000000e+00 
+0.000000e+00  +4.916306e-248  +4.003876e-181  +4.528562e-125  +7.113413e-80  +1.551792e-45  +4.701400e-22  +1.978148e-09  +1.573779e-07  +1.693942e-06  +4.696205e-04  +3.827669e-04  +2.035051e-04  +1.040585e-04  +3.537321e-05  +2.527577e-04  +1.947962e-04  +2.739868e-04  +4.329392e-04  +4.213752e-04  +4.788175e-04  +2.575485e-04  +2.715204e-04  +2.395452e-06  +1.109292e-15  +4.796794e-34  +1.030873e-62  +3.400586e-102  +1.563830e-152  +9.989022e-214  +8.861278e-286  +0.000000e+00 
+0.000000e+00  +9.649935e-261  +7.858979e-194  +8.888856e-138  +1.396251e-92  +3.045924e-58  +9.228108e-35  +3.882792e-22  +2.709949e-20  +2.084446e-09  +1.969621e-05  +1.244035e-04  +3.028299e-04  +1.891783e-04  +4.870759e-05  +8.570611e-05  +2.435752e-04  +3.104003e-04  +4.783305e-04  +3.376653e-04  +4.389826e-04  +4.233221e-04  +1.244437e-04  +3.063885e-06  +3.857794e-17  +2.811448e-38  +3.904098e-70  +7.715985e-113  +2.166220e-166  +2.933830e-229  +2.530496e-301  +0.000000e+00 
+0.000000e+00  +2.630558e-284  +2.142346e-217  +2.423089e-161  +3.806159e-116  +8.303144e-82  +2.853644e-58  +1.894942e-30  +1.571923e-12  +2.515960e-05  +2.515515e-04  +3.019928e-04  +5.949274e-05  +1.755475e-04  +1.283945e-05  +1.115445e-04  +3.963766e-04  +5.748634e-04  +2.603861e-04  +4.957573e-04  +5.684332e-04  +3.085249e-04  +1.386980e-04  +3.836585e-06  +9.040679e-17  +2.960699e-38  +1.346572e-70  +8.505572e-114  +7.461320e-168  +9.090038e-233  +1.537991e-308  +0.000000e+00 
+0.000000e+00  +9.958832e-319  +8.110563e-252  +9.173408e-196  +8.806940e-148  +1.386047e-97  +3.037093e-58  +9.260125e-30  +3.956831e-12  +2.913436e-05  +1.758822e-05  +2.810186e-05  +4.642166e-05  +2.464767e-04  +1.689311e-04  +1.367667e-04  +1.964754e-04  +1.354906e-04  +3.540833e-04  +2.660259e-04  +2.745514e-04  +7.244710e-05  +2.720647e-05  +1.098562e-11  +1.031538e-24  +3.352356e-46  +1.524707e-78  +9.630757e-122  +8.448363e-176  +1.029254e-240  +1.741449e-316  +0.000000e+00 
+0.000000e+00  +0.000000e+00  +5.054328e-290  +4.127706e-218  +4.681577e-157  +7.374181e-107  +1.613147e-67  +4.900983e-39  +2.070134e-21  +1.272947e-14  +1.032963e-06  +3.987743e-04  +2.042506e-04  +2.529102e-04  +1.693072e-04  +1.907217e-04  +2.221016e-04  +2.429420e-04  +1.226906e-04  +2.937069e-04  +1.387378e-04  +4.550187e-07  +3.925689e-07  +5.423526e-18  +1.620826e-39  +5.846550e-65  +2.397632e-97  +1.514451e-140  +1.328518e-194  +1.618518e-259  +0.000000e+00  +0.000000e+00 
+0.000000e+00  +0.000000e+00  +3.740163e-310  +3.054470e-238  +3.464330e-177  +5.456830e-127  +1.193712e-87  +8.400505e-58  +4.728988e-30  +4.704400e-12  +8.342797e-05  +1.676668e-04  +5.380019e-05  +1.969117e-04  +1.716901e-04  +3.823072e-04  +3.823640e-04  +1.163843e-04  +2.810464e-04  +2.339451e-04  +1.165031e-08  +3.791470e-13  +1.345340e-17  +1.858968e-28  +3.567382e-50  +9.507479e-83  +4.850931e-126  +3.307567e-170  +2.901351e-224  +3.534682e-289  +0.000000e+00  +0.000000e+00 
+0.000000e+00  +0.000000e+00  +0.000000e+00  +1.454989e-263  +4.999088e-194  +2.385398e-135  +1.580771e-87  +1.454839e-50  +1.859512e-24  +3.301877e-09  +9.996098e-05  +8.520576e-05  +1.178534e-04  +2.339642e-04  +2.450726e-05  +4.049805e-04  +6.629785e-05  +5.312907e-05  +2.197450e-04  +4.223870e-05  +8.387963e-14  +3.261194e-28  +6.405246e-39  +8.850260e-50  +1.698376e-71  +4.526364e-104  +1.675341e-147  +8.611816e-202  +8.867132e-265  +0.000000e+00  +0.000000e+00  +0.000000e+00 
+0.000000e+00  +0.000000e+00  +0.000000e+00  +3.970805e-267  +1.364303e-197  +6.509997e-139  +4.314086e-91  +3.970405e-54  +5.075148e-28  +9.417062e-13  +2.312100e-06  +1.935705e-05  +1.827848e-04  +1.090982e-04  +4.683783e-05  +1.010491e-04  +2.332221e-04  +1.549144e-04  +7.857679e-05  +2.424650e-08  +1.982059e-19  +6.685046e-36  +5.168487e-60  +5.851646e-82  +1.122938e-103  +2.992758e-136  +1.107708e-179  +5.693991e-234  +4.064867e-299  +0.000000e+00  +0.000000e+00  +0.000000e+00 
+0.000000e+00  +0.000000e+00  +0.000000e+00  +1.505000e-281  +5.170929e-212  +2.467401e-153  +1.774458e-105  +4.185653e-65  +1.884903e-34  +1.535068e-14  +2.897945e-05  +4.662972e-05  +1.946728e-04  +8.371527e-05  +1.085223e-04  +1.857487e-04  +3.711529e-04  +2.301451e-04  +2.026366e-04  +2.084401e-05  +6.768556e-10  +3.770954e-23  +2.917747e-47  +3.135321e-82  +4.679014e-128  +2.748104e-179  +1.017151e-222  +5.228497e-277  +0.000000e+00  +0.000000e+00  +0.000000e+00  +0.000000e+00 
+0.000000e+00  +0.000000e+00  +0.000000e+00  +2.813610e-305  +6.473401e-231  +3.415517e-167  +3.080615e-114  +4.083346e-72  +7.615211e-41  +1.978021e-20  +1.028177e-10  +1.853580e-06  +5.888241e-08  +3.382609e-05  +4.254978e-05  +2.345771e-04  +9.342731e-05  +4.763318e-05  +6.084142e-05  +1.466640e-04  +7.098244e-08  +3.257971e-21  +2.364794e-45  +2.485640e-80  +3.682008e-126  +7.612381e-183  +2.189334e-250  +0.000000e+00  +0.000000e+00  +0.000000e+00  +0.000000e+00  +0.000000e+00 
+0.000000e+00  +0.000000e+00  +0.000000e+00  +4.051338e-322  +2.039130e-247  +1.424843e-183  +1.382752e-130  +1.863646e-88  +3.488360e-57  +9.203886e-37  +5.832008e-23  +4.100045e-11  +5.506082e-05  +1.372523e-06  +3.802053e-06  +1.607414e-05  +3.334893e-05  +1.373472e-04  +5.119472e-05  +1.011307e-04  +6.321808e-10  +1.084776e-23  +2.781980e-48  +9.908730e-84  +4.901416e-130  +3.367192e-187  +3.212672e-255  +0.000000e+00  +0.000000e+00  +0.000000e+00  +0.000000e+00  +0.000000e+00 
+0.000000e+00  +0.000000e+00  +0.000000e+00  +0.000000e+00  +1.298488e-274  +9.073653e-211  +8.805709e-158  +1.186819e-115  +1.241258e-81  +3.191063e-46  +1.141366e-21  +5.669644e-08  +7.125085e-05  +2.130809e-04  +1.085840e-04  +7.832788e-05  +4.957794e-05  +1.261730e-04  +8.733215e-05  +2.573109e-09  +5.890335e-18  +4.325690e-35  +1.394797e-60  +4.955891e-96  +2.451447e-142  +1.684076e-199  +1.606715e-267  +0.000000e+00  +0.000000e+00  +0.000000e+00  +0.000000e+00  +0.000000e+00 
+0.000000e+00  +0.000000e+00  +0.000000e+00  +0.000000e+00  +1.148411e-312  +8.024932e-249  +1.232232e-192  +1.644348e-135  +3.049353e-89  +7.853430e-54  +2.809291e-29  +1.277703e-14  +9.800302e-07  +2.271534e-05  +1.524744e-05  +5.622689e-05  +2.006879e-07  +7.176947e-11  +4.259772e-10  +6.266957e-18  +4.218859e-34  +6.911109e-53  +6.179854e-81  +4.207485e-119  +1.702937e-165  +1.169780e-222  +1.116044e-290  +0.000000e+00  +0.000000e+00  +0.000000e+00  +0.000000e+00  +0.000000e+00 
+0.000000e+00  +0.000000e+00  +0.000000e+00  +0.000000e+00  +0.000000e+00  +4.377660e-279  +4.209010e-211  +5.620252e-154  +1.042244e-107  +2.691449e-72  +1.922928e-45  +7.253208e-27  +4.458698e-18  +3.564269e-13  +9.214612e-15  +3.640630e-12  +1.076951e-19  +6.604846e-28  +3.587406e-26  +4.992515e-34  +9.779488e-53  +2.270634e-80  +1.565381e-109  +1.941006e-148  +3.506656e-198  +1.136449e-256  +0.000000e+00  +0.000000e+00  +0.000000e+00  +0.000000e+00  +0.000000e+00  +0.000000e+00 
+0.000000e+00  +0.000000e+00  +0.000000e+00  +0.000000e+00  +0.000000e+00  +2.077983e-308  +1.997928e-240  +2.667817e-183  +5.272451e-137  +6.214739e-98  +1.651029e-68  +8.954485e-50  +7.284996e-40  +7.807976e-32  +2.772440e-33  +3.301180e-30  +7.028524e-38  +6.522013e-53  +4.195829e-53  +5.839232e-61  +1.128579e-79  +3.038976e-109  +2.784096e-148  +6.838782e-188  +1.177651e-237  +2.817897e-298  +0.000000e+00  +0.000000e+00  +0.000000e+00  +0.000000e+00  +0.000000e+00  +0.000000e+00 
+0.000000e+00  +0.000000e+00  +0.000000e+00  +0.000000e+00  +0.000000e+00  +0.000000e+00  +1.317125e-280  +4.587191e-223  +3.892124e-172  +7.438269e-132  +2.012982e-102  +6.432429e-83  +4.278478e-70  +2.375456e-61  +2.895456e-62  +4.157191e-59  +8.851043e-67  +2.638449e-85  +6.815426e-91  +9.484861e-99  +1.833188e-117  +4.920631e-147  +1.835690e-187  +8.503013e-238  +5.762535e-288  +0.000000e+00  +0.000000e+00  +0.000000e+00  +0.000000e+00  +0.000000e+00  +0.000000e+00  +0.000000e+00 
+0.000000e+00  +0.000000e+00  +0.000000e+00  +0.000000e+00  +0.000000e+00  +0.000000e+00  +0.000000e+00  +4.702291e-268  +6.470527e-217  +1.237551e-176  +4.354549e-147  +1.584003e-126  +1.802837e-110  +1.003676e-101  +4.820156e-102  +7.270575e-99  +1.547972e-106  +4.577154e-125  +1.537468e-139  +2.139657e-147  +4.135424e-166  +1.110028e-195  +4.137955e-236  +2.142657e-287  +0.000000e+00  +0.000000e+00  +0.000000e+00  +0.000000e+00  +0.000000e+00  +0.000000e+00  +0.000000e+00  +0.000000e+00 
