+0.000000e+00  +0.000000e+00  +0.000000e+00  +0.000000e+00  +7.490872e-310  +3.133647e-272  +3.858105e-233  +9.735358e-201  +3.411676e-179  +2.247465e-168  +2.505265e-135  +2.434008e-103  +3.377075e-82  +6.507247e-72  +1.741381e-72  +2.756489e-81  +1.423459e-95  +1.023275e-120  +1.021593e-156  +1.416457e-203  +5.780079e-260  +5.879381e-322  +0.000000e+00  +0.000000e+00  +0.000000e+00  +0.000000e+00  +0.000000e+00  +0.000000e+00  +0.000000e+00  +0.000000e+00  +0.000000e+00  +0.000000e+00 
+0.000000e+00  +0.000000e+00  +0.000000e+00  +1.170638e-294  +3.525925e-246  +1.474896e-208  +3.838392e-179  +9.663989e-147  +3.386665e-125  +1.648262e-114  +2.456400e-98  +7.660270e-71  +1.047996e-49  +2.019372e-39  +5.405843e-40  +6.973364e-47  +3.609436e-61  +2.594698e-86  +2.591828e-122  +7.701398e-166  +5.894104e-217  +2.688793e-274  +0.000000e+00  +0.000000e+00  +0.000000e+00  +0.000000e+00  +0.000000e+00  +0.000000e+00  +0.000000e+00  +0.000000e+00  +0.000000e+00  +0.000000e+00 
+0.000000e+00  +0.000000e+00  +4.596774e-301  +7.652463e-242  +2.304898e-193  +9.641397e-156  +5.601010e-129  +1.332291e-103  +4.668902e-82  +2.272322e-71  +1.315062e-62  +4.644714e-46  +4.548639e-28  +8.703157e-18  +2.398069e-18  +2.455627e-23  +1.271076e-37  +9.660075e-63  +2.075251e-93  +1.144449e-133  +2.359436e-177  +4.841240e-221  +1.379568e-275  +0.000000e+00  +0.000000e+00  +0.000000e+00  +0.000000e+00  +0.000000e+00  +0.000000e+00  +0.000000e+00  +0.000000e+00  +0.000000e+00 
+1.311522e-312  +4.828546e-267  +2.468852e-232  +7.044571e-200  +2.092513e-151  +8.752992e-114  +5.084905e-87  +6.737955e-71  +8.939144e-50  +4.350880e-39  +2.544838e-37  +8.972813e-25  +1.900061e-14  +5.238961e-07  +5.134022e-07  +1.201270e-10  +4.396584e-24  +1.079087e-42  +5.683471e-72  +3.993490e-102  +5.900045e-135  +1.210609e-178  +3.449772e-233  +1.365259e-298  +0.000000e+00  +0.000000e+00  +0.000000e+00  +0.000000e+00  +0.000000e+00  +0.000000e+00  +0.000000e+00  +0.000000e+00 
+4.211207e-254  +1.550413e-208  +7.927314e-174  +5.629149e-150  +6.647931e-120  +1.103600e-82  +6.411171e-56  +5.172517e-40  +2.401933e-28  +1.158340e-17  +8.281383e-18  +1.522835e-10  +2.529864e-06  +2.431083e-04  +1.706117e-04  +5.269873e-06  +1.112641e-13  +1.250211e-29  +1.307457e-48  +1.386852e-70  +2.048994e-103  +4.204256e-147  +1.198052e-201  +4.741330e-267  +0.000000e+00  +0.000000e+00  +0.000000e+00  +0.000000e+00  +0.000000e+00  +0.000000e+00  +0.000000e+00  +0.000000e+00 
+1.877913e-206  +6.913792e-161  +3.535046e-126  +2.510220e-102  +3.267031e-89  +3.208130e-60  +1.122767e-35  +9.057203e-20  +2.607086e-14  +4.399743e-07  +1.129159e-06  +5.031986e-06  +5.372622e-05  +4.631184e-05  +7.063060e-06  +7.487180e-05  +2.143313e-08  +1.214154e-16  +6.287633e-28  +6.688876e-50  +9.882431e-83  +2.027740e-126  +5.778284e-181  +2.286777e-246  +3.878761e-319  +0.000000e+00  +0.000000e+00  +0.000000e+00  +0.000000e+00  +0.000000e+00  +0.000000e+00  +0.000000e+00 
+1.163007e-169  +4.281769e-124  +2.189283e-89  +1.554600e-65  +1.533110e-52  +6.583886e-40  +4.891967e-22  +2.235737e-10  +2.468049e-05  +1.774101e-04  +2.624241e-04  +1.061358e-04  +8.165846e-05  +4.094273e-05  +1.704745e-05  +7.901124e-05  +8.217151e-05  +5.511801e-07  +4.211547e-18  +4.480375e-40  +6.619496e-73  +2.843131e-116  +1.169883e-161  +1.280047e-217  +1.945123e-284  +0.000000e+00  +0.000000e+00  +0.000000e+00  +0.000000e+00  +0.000000e+00  +0.000000e+00  +0.000000e+00 
+1.001738e-143  +3.682719e-98  +1.882985e-63  +1.337099e-39  +1.318615e-26  +1.287161e-23  +1.087038e-11  +1.638390e-05  +1.819490e-04  +6.322475e-06  +9.171236e-05  +1.776099e-04  +1.944102e-04  +1.751819e-04  +5.855520e-05  +8.348887e-06  +1.140998e-04  +6.939597e-08  +3.956908e-19  +4.464325e-35  +1.823580e-58  +1.034504e-92  +8.150375e-138  +8.917864e-194  +1.436548e-260  +3.474000e-266  +2.058720e-281  +1.694347e-307  +0.000000e+00  +0.000000e+00  +0.000000e+00  +0.000000e+00 
+6.106084e-124  +1.902391e-81  +2.327761e-48  +1.597198e-24  +1.575074e-11  +2.292696e-09  +5.767747e-06  +2.663022e-04  +1.403068e-04  +3.016136e-04  +1.105139e-04  +2.959782e-05  +2.653286e-04  +2.143034e-04  +1.197431e-04  +7.404242e-06  +2.069202e-04  +2.933882e-07  +1.468641e-09  +4.319469e-22  +1.764404e-45  +1.000934e-79  +7.885887e-125  +8.628471e-181  +1.617799e-192  +6.903255e-197  +4.090922e-212  +3.366871e-238  +3.848307e-275  +5.928788e-323  +0.000000e+00  +0.000000e+00 
+3.583913e-112  +1.090794e-69  +4.610692e-38  +2.709268e-17  +4.820288e-07  +9.925053e-05  +6.699611e-05  +2.108163e-04  +1.694237e-04  +1.957026e-04  +4.153255e-04  +1.929169e-04  +2.857552e-04  +1.451857e-04  +3.079912e-04  +1.713475e-04  +1.678181e-04  +6.879521e-05  +3.170391e-07  +6.172677e-20  +2.386632e-43  +1.345917e-77  +1.059725e-122  +1.453099e-140  +4.464641e-134  +1.905092e-138  +1.128972e-153  +9.291558e-180  +1.062018e-216  +1.685827e-264  +3.952525e-323  +0.000000e+00 
+2.921452e-111  +8.891681e-69  +3.758435e-37  +2.206655e-16  +2.049857e-06  +1.532982e-04  +7.698838e-05  +3.579722e-05  +2.451166e-04  +3.323146e-05  +1.777754e-05  +7.102594e-05  +2.106762e-04  +2.074212e-04  +2.528591e-04  +6.432768e-05  +5.597958e-05  +1.667665e-05  +2.156341e-10  +4.035998e-24  +3.141149e-42  +5.702998e-69  +2.306104e-101  +5.569230e-93  +1.711144e-86  +7.301564e-91  +4.326964e-106  +3.561136e-132  +4.070350e-169  +6.461196e-217  +1.424400e-275  +0.000000e+00 
+1.742133e-111  +5.349307e-70  +2.281267e-39  +1.351175e-19  +3.379372e-09  +4.305014e-05  +1.744001e-04  +1.388433e-04  +1.690755e-04  +6.585188e-05  +4.127891e-05  +2.424041e-04  +2.180156e-04  +2.084039e-04  +1.077415e-04  +7.250916e-05  +3.078365e-04  +1.309420e-04  +6.972717e-07  +9.960282e-13  +1.302112e-28  +2.519781e-55  +2.339223e-62  +2.964374e-56  +9.108031e-50  +3.886457e-54  +2.303144e-69  +1.895512e-95  +2.166555e-132  +3.439148e-180  +7.581760e-239  +2.321278e-308 
+1.846927e-96  +1.982964e-59  +3.702053e-33  +4.415329e-14  +3.638353e-05  +2.091690e-04  +1.485337e-04  +2.065701e-04  +1.467992e-04  +7.098241e-05  +8.505570e-05  +9.247607e-06  +1.510273e-06  +1.038699e-04  +3.177622e-04  +1.099401e-04  +2.066108e-04  +1.211639e-04  +7.363679e-05  +7.792115e-10  +7.908642e-25  +2.194267e-28  +3.295376e-34  +2.191336e-30  +6.732872e-24  +2.872961e-28  +1.702539e-43  +1.401207e-69  +1.601569e-106  +2.542300e-154  +5.604616e-213  +1.715943e-282 
+4.849144e-88  +5.206264e-51  +7.762934e-25  +1.607616e-09  +6.982349e-05  +8.257926e-05  +6.062096e-05  +1.668213e-04  +1.971585e-04  +1.662676e-04  +1.937600e-04  +3.156734e-04  +1.243564e-04  +2.088317e-04  +1.044888e-04  +1.737816e-04  +1.085719e-04  +5.742118e-05  +1.540444e-04  +1.981610e-06  +4.231883e-10  +4.295985e-11  +6.447275e-17  +2.304351e-15  +6.912173e-09  +2.949467e-13  +1.747877e-28  +1.438521e-54  +1.644218e-91  +2.610000e-139  +5.753866e-198  +1.761639e-267 
+1.809803e-90  +2.181636e-53  +6.940060e-27  +1.440271e-10  +8.892066e-05  +4.405752e-05  +2.795250e-07  +1.459487e-04  +2.563422e-05  +1.708451e-04  +2.292694e-04  +1.056588e-04  +1.483589e-04  +5.025563e-09  +1.867167e-04  +2.435369e-04  +3.620212e-04  +1.868701e-04  +3.027534e-04  +1.953234e-04  +4.754415e-05  +1.171534e-04  +1.773911e-10  +7.871522e-08  +1.076265e-04  +4.205299e-09  +2.492084e-24  +2.051011e-50  +2.344289e-87  +3.721280e-135  +8.203733e-194  +2.511705e-263 
+1.951316e-91  +1.063795e-53  +8.245331e-27  +1.103630e-10  +5.880250e-05  +2.507314e-05  +1.896019e-07  +1.279776e-04  +3.044424e-05  +3.883782e-04  +1.076291e-04  +1.395893e-04  +9.487516e-05  +1.021762e-04  +7.078149e-05  +2.152592e-04  +2.174095e-04  +1.729004e-04  +1.853665e-04  +1.503547e-04  +1.541998e-04  +4.222325e-05  +2.298805e-07  +5.213950e-05  +3.343802e-06  +1.137740e-15  +4.965680e-31  +4.290825e-57  +7.002901e-94  +4.112921e-141  +7.052456e-199  +3.051909e-267 
+1.374727e-101  +8.068105e-64  +4.057710e-36  +2.479124e-16  +2.878186e-07  +7.123411e-05  +9.057078e-05  +2.509392e-06  +2.047504e-06  +6.688053e-05  +6.324178e-06  +2.215822e-04  +5.042425e-05  +2.931537e-04  +1.263622e-05  +1.321493e-04  +4.606750e-04  +2.853059e-04  +1.051774e-04  +7.839067e-05  +1.202364e-04  +7.240111e-05  +2.619360e-04  +1.093735e-04  +3.223466e-05  +4.146171e-09  +2.311143e-23  +3.311624e-48  +3.871233e-83  +1.136999e-128  +4.828088e-185  +4.706207e-247 
+9.118033e-121  +3.872978e-79  +2.327318e-48  +1.942260e-28  +5.699717e-19  +3.879279e-12  +6.438639e-07  +9.104800e-05  +1.862684e-04  +1.378191e-04  +1.399306e-04  +2.835990e-05  +1.923664e-04  +2.034449e-04  +4.318975e-05  +1.992674e-04  +2.259468e-04  +2.409741e-04  +1.285031e-04  +2.426956e-04  +5.280333e-04  +1.735464e-04  +1.218812e-04  +3.821678e-04  +5.288966e-05  +3.041006e-07  +3.473743e-20  +5.517557e-44  +1.217192e-78  +6.168804e-115  +3.685919e-156  +3.058642e-208 
+9.741557e-144  +4.215064e-102  +2.532899e-71  +2.114154e-51  +2.366586e-37  +5.473180e-23  +2.286854e-10  +4.954877e-05  +1.146501e-07  +1.318003e-04  +3.075239e-05  +6.654358e-05  +3.406772e-04  +2.127801e-04  +6.059227e-06  +1.517610e-04  +3.324291e-04  +3.763696e-04  +1.615603e-04  +2.709094e-04  +3.362537e-04  +3.019508e-04  +3.702266e-04  +2.507972e-04  +2.501476e-06  +1.388460e-13  +4.183586e-25  +4.178289e-37  +1.294173e-56  +5.568000e-87  +3.326933e-128  +2.760749e-180 
+1.472409e-177  +6.370951e-136  +3.828406e-105  +3.443670e-84  +9.057386e-61  +1.313643e-35  +4.005101e-19  +1.713285e-13  +2.865589e-14  +3.355947e-09  +9.915435e-10  +6.596512e-09  +1.741649e-05  +1.308933e-04  +1.168850e-04  +2.596759e-04  +4.554482e-04  +1.726967e-04  +2.961424e-04  +4.846919e-04  +2.721488e-04  +4.876621e-04  +3.051729e-04  +2.122867e-04  +3.707711e-05  +3.112712e-07  +2.736106e-11  +5.236722e-20  +1.622290e-39  +6.979678e-70  +4.170424e-111  +3.460693e-163 
+3.090769e-222  +1.337342e-180  +8.044253e-150  +4.618135e-120  +2.817201e-82  +6.247571e-55  +1.924374e-38  +8.232011e-33  +9.092207e-30  +2.349240e-24  +2.468933e-24  +1.468414e-21  +4.180274e-15  +1.864692e-09  +2.239970e-06  +2.260461e-04  +3.481488e-04  +3.712758e-04  +3.762886e-04  +2.425960e-04  +3.368769e-04  +4.605455e-04  +2.690277e-04  +9.288295e-05  +1.669907e-04  +5.135341e-05  +4.091999e-05  +9.138922e-14  +2.838162e-33  +1.227150e-63  +7.405365e-105  +6.267140e-157 
+9.010371e-278  +3.898688e-236  +1.041176e-199  +1.177018e-150  +1.879685e-112  +4.168939e-85  +1.284115e-68  +5.493136e-63  +4.010722e-56  +5.474131e-50  +1.200170e-49  +1.576506e-27  +9.964942e-16  +2.674383e-08  +3.567066e-05  +2.247580e-04  +4.141637e-04  +1.762386e-04  +2.014302e-04  +3.203446e-04  +2.974933e-04  +7.158950e-04  +3.560480e-04  +1.956941e-04  +8.494827e-05  +2.189460e-04  +2.405413e-05  +1.080355e-13  +6.739632e-33  +5.839103e-63  +7.025789e-104  +1.174039e-155 
+0.000000e+00  +1.161719e-300  +9.485721e-241  +1.090774e-191  +1.741957e-153  +3.863473e-126  +1.190026e-109  +5.090678e-104  +2.457202e-93  +5.878890e-75  +1.926608e-41  +8.768588e-19  +5.542506e-07  +3.506407e-05  +6.389233e-06  +3.996153e-05  +1.884969e-04  +2.126254e-04  +1.796373e-04  +1.452694e-04  +3.018808e-04  +4.891750e-04  +1.992953e-04  +2.770510e-04  +8.777993e-05  +4.259477e-07  +1.165289e-11  +7.266412e-22  +4.533056e-41  +3.927383e-71  +4.725560e-112  +7.896622e-164 
+0.000000e+00  +0.000000e+00  +1.220845e-292  +1.403864e-243  +2.241959e-205  +4.972424e-178  +1.531604e-161  +6.852372e-156  +2.161093e-121  +7.775163e-77  +7.626197e-43  +1.685624e-19  +5.965385e-07  +3.016221e-05  +6.463602e-11  +6.893076e-08  +1.185660e-04  +2.655124e-06  +4.062126e-05  +1.994368e-04  +3.000018e-04  +2.242090e-04  +1.096614e-04  +1.276045e-04  +9.947739e-06  +1.737471e-12  +1.662119e-24  +8.104303e-40  +4.234370e-60  +3.668601e-90  +4.414186e-131  +7.376301e-183 
+0.000000e+00  +0.000000e+00  +0.000000e+00  +2.509305e-306  +4.007337e-268  +8.887843e-241  +2.737630e-224  +4.851738e-184  +4.774257e-128  +6.524587e-83  +1.238335e-48  +3.264086e-25  +1.194876e-12  +6.074659e-11  +4.289074e-20  +1.121496e-13  +2.000942e-09  +3.010192e-10  +5.694490e-05  +1.129172e-04  +1.404096e-04  +6.989707e-05  +8.105539e-08  +1.844266e-10  +1.138386e-14  +1.772208e-23  +9.797988e-42  +1.471480e-63  +1.475911e-89  +4.759220e-120  +5.726454e-161  +9.569161e-213 
+0.000000e+00  +0.000000e+00  +0.000000e+00  +0.000000e+00  +0.000000e+00  +2.206290e-314  +1.918559e-267  +1.359398e-200  +1.337692e-144  +1.828114e-99  +3.469674e-65  +9.145594e-42  +3.347905e-29  +1.702050e-27  +1.201737e-36  +2.539072e-30  +4.937999e-24  +1.833959e-15  +3.781640e-08  +7.143927e-11  +2.770422e-10  +2.021897e-12  +1.993445e-18  +4.162716e-27  +1.742751e-31  +8.766527e-44  +6.107536e-63  +1.429418e-92  +2.547095e-124  +1.080461e-160  +1.031713e-201  +1.724039e-253 
+0.000000e+00  +0.000000e+00  +0.000000e+00  +0.000000e+00  +0.000000e+00  +0.000000e+00  +7.465579e-295  +5.289747e-228  +5.205283e-172  +7.113637e-127  +1.350134e-92  +3.558773e-69  +1.302751e-56  +6.623090e-55  +4.676250e-64  +8.138670e-58  +1.269836e-47  +1.858722e-29  +3.832610e-22  +1.105106e-25  +2.145431e-26  +9.526826e-29  +3.304010e-37  +4.314907e-53  +5.369641e-59  +3.776584e-74  +4.190995e-94  +4.059775e-124  +7.042897e-165  +8.512965e-207  +2.685011e-253  +4.313782e-305 
+0.000000e+00  +0.000000e+00  +0.000000e+00  +0.000000e+00  +0.000000e+00  +0.000000e+00  +0.000000e+00  +2.858652e-266  +2.813006e-210  +3.844306e-165  +7.296310e-131  +1.923209e-107  +7.040245e-95  +3.579208e-93  +2.527109e-102  +1.145274e-95  +1.762118e-72  +2.616237e-54  +5.394577e-47  +1.544825e-50  +2.342348e-53  +1.038788e-55  +7.678645e-67  +2.593293e-83  +2.297929e-97  +1.359105e-112  +4.005165e-136  +3.868948e-166  +5.204937e-207  +1.030070e-258  +5.488256e-311  +0.000000e+00 
+0.000000e+00  +0.000000e+00  +0.000000e+00  +0.000000e+00  +0.000000e+00  +0.000000e+00  +0.000000e+00  +2.145485e-315  +2.111227e-259  +2.885242e-214  +5.476051e-180  +1.443414e-156  +5.283868e-144  +2.686279e-142  +1.896655e-151  +3.222049e-137  +3.444575e-108  +5.114202e-90  +1.054528e-82  +3.019786e-86  +3.552065e-91  +1.575271e-93  +1.213943e-106  +8.300491e-124  +1.365773e-146  +8.077257e-162  +7.162986e-188  +5.120625e-219  +6.888820e-260  +1.287079e-311  +0.000000e+00  +0.000000e+00 
+0.000000e+00  +0.000000e+00  +0.000000e+00  +0.000000e+00  +0.000000e+00  +0.000000e+00  +0.000000e+00  +0.000000e+00  +2.200568e-319  +3.007353e-274  +5.707813e-240  +1.504503e-216  +5.507496e-204  +2.799970e-202  +1.976926e-211  +8.747219e-184  +9.351350e-155  +1.388406e-136  +2.862838e-129  +8.198132e-133  +7.480811e-140  +3.317593e-142  +2.044399e-155  +3.689924e-175  +1.745262e-202  +6.667010e-222  +5.476144e-248  +9.474634e-283  +1.482197e-323  +0.000000e+00  +0.000000e+00  +0.000000e+00 
+0.000000e+00  +0.000000e+00  +0.000000e+00  +0.000000e+00  +0.000000e+00  +0.000000e+00  +0.000000e+00  +0.000000e+00  +0.000000e+00  +0.000000e+00  +8.262469e-311  +2.177876e-287  +7.972496e-275  +4.053157e-273  +4.570479e-281  +3.297970e-241  +3.525745e-212  +5.234717e-194  +1.079378e-186  +3.090947e-190  +2.188048e-199  +9.703509e-202  +5.976428e-215  +2.328985e-237  +1.077367e-264  +7.642515e-293  +6.277302e-319  +0.000000e+00  +0.000000e+00  +0.000000e+00  +0.000000e+00  +0.000000e+00 
+0.000000e+00  +0.000000e+00  +0.000000e+00  +0.000000e+00  +0.000000e+00  +0.000000e+00  +0.000000e+00  +0.000000e+00  +0.000000e+00  +0.000000e+00  +0.000000e+00  +0.000000e+00  +0.000000e+00  +0.000000e+00  +0.000000e+00  +1.726876e-309  +1.846144e-280  +2.740992e-262  +5.651815e-255  +1.618475e-258  +8.894315e-270  +3.941600e-272  +2.427643e-285  +2.271813e-309  +0.000000e+00  +0.000000e+00  +0.000000e+00  +0.000000e+00  +0.000000e+00  +0.000000e+00  +0.000000e+00  +0.000000e+00 
