+0.000000e+00  +0.000000e+00  +0.000000e+00  +0.000000e+00  +0.000000e+00  +0.000000e+00  +7.901120e-277  +7.170635e-227  +1.339664e-181  +5.832953e-141  +3.527111e-111  +2.962020e-92  +7.700023e-82  +8.579247e-70  +8.896863e-67  +1.340008e-74  +2.996939e-93  +3.877296e-122  +1.912465e-153  +1.775362e-195  +2.288941e-248  +8.452698e-310  +0.000000e+00  +0.000000e+00  +0.000000e+00  +0.000000e+00  +0.000000e+00  +0.000000e+00  +0.000000e+00  +0.000000e+00  +0.000000e+00  +0.000000e+00 
+0.000000e+00  +0.000000e+00  +0.000000e+00  +0.000000e+00  +0.000000e+00  +8.257578e-288  +6.224370e-229  +5.648897e-179  +7.119858e-140  +6.664627e-105  +4.030013e-75  +3.384349e-56  +8.949133e-48  +1.622108e-38  +1.753889e-35  +2.815442e-43  +6.917888e-62  +3.363919e-84  +2.248541e-115  +2.095152e-157  +5.537183e-206  +5.453554e-263  +0.000000e+00  +0.000000e+00  +0.000000e+00  +0.000000e+00  +0.000000e+00  +0.000000e+00  +0.000000e+00  +0.000000e+00  +0.000000e+00  +0.000000e+00 
+0.000000e+00  +0.000000e+00  +0.000000e+00  +4.872564e-314  +2.016080e-265  +1.080924e-225  +6.379390e-188  +6.180918e-142  +7.789591e-103  +1.363524e-74  +6.394871e-50  +5.370323e-31  +6.375117e-23  +5.646043e-18  +5.102311e-15  +8.904056e-23  +1.141464e-36  +5.492758e-57  +5.048067e-88  +7.029543e-124  +4.985408e-170  +4.910351e-227  +6.716797e-295  +0.000000e+00  +0.000000e+00  +0.000000e+00  +0.000000e+00  +0.000000e+00  +0.000000e+00  +0.000000e+00  +0.000000e+00  +0.000000e+00 
+0.000000e+00  +0.000000e+00  +4.896895e-313  +6.995618e-256  +1.506696e-209  +6.402206e-171  +4.786967e-142  +9.617512e-110  +1.196987e-76  +2.071770e-48  +5.036586e-31  +1.183487e-16  +1.385368e-08  +1.806476e-06  +2.256014e-05  +8.298883e-11  +2.588016e-20  +4.805832e-39  +1.721321e-63  +8.790180e-99  +6.234069e-145  +6.140212e-202  +8.399107e-270  +0.000000e+00  +0.000000e+00  +0.000000e+00  +0.000000e+00  +0.000000e+00  +0.000000e+00  +0.000000e+00  +0.000000e+00  +0.000000e+00 
+0.000000e+00  +0.000000e+00  +9.868715e-266  +1.409821e-208  +2.797180e-162  +1.296696e-126  +3.935557e-98  +4.090816e-80  +2.796841e-53  +9.787371e-33  +1.062799e-15  +3.590962e-09  +4.877352e-05  +3.062031e-04  +3.658406e-04  +2.914432e-05  +3.071772e-11  +8.130193e-25  +2.989414e-49  +1.526564e-84  +1.082644e-130  +1.066973e-187  +2.227132e-255  +0.000000e+00  +0.000000e+00  +0.000000e+00  +0.000000e+00  +0.000000e+00  +0.000000e+00  +0.000000e+00  +0.000000e+00  +0.000000e+00 
+0.000000e+00  +2.685177e-297  +2.762094e-229  +3.945861e-172  +7.828582e-126  +2.157661e-90  +5.318309e-65  +4.668292e-47  +5.586691e-38  +1.568734e-18  +4.253121e-09  +1.510023e-04  +1.131164e-04  +2.070644e-04  +4.722546e-05  +3.061085e-04  +1.274633e-07  +2.957114e-21  +3.914005e-44  +9.181839e-77  +3.084385e-118  +3.741780e-166  +7.841762e-225  +2.282668e-294  +5.550773e-318  +6.028386e-311  +9.092569e-315  +0.000000e+00  +0.000000e+00  +0.000000e+00  +0.000000e+00  +0.000000e+00 
+0.000000e+00  +1.043731e-271  +1.073629e-203  +1.533760e-146  +3.042978e-100  +8.384519e-65  +3.215574e-40  +7.572392e-25  +1.425062e-17  +3.670897e-14  +1.795885e-05  +2.409693e-04  +3.199028e-05  +1.620058e-04  +1.025251e-04  +1.649143e-04  +5.498033e-06  +3.225941e-16  +1.722816e-34  +7.248924e-61  +7.873756e-98  +1.188324e-145  +2.490728e-204  +9.267268e-260  +7.247052e-242  +7.870621e-235  +1.187120e-238  +2.486693e-253  +7.299764e-279  +2.894385e-314  +0.000000e+00  +0.000000e+00 
+0.000000e+00  +6.720117e-257  +5.819377e-189  +8.287471e-132  +1.643262e-85  +4.526799e-50  +1.732098e-25  +9.367773e-12  +2.362543e-06  +2.559611e-05  +6.393089e-05  +2.216774e-04  +1.221290e-04  +1.713292e-04  +2.381028e-04  +1.366013e-04  +1.242946e-04  +7.264345e-10  +4.084513e-25  +3.196076e-51  +3.473221e-88  +5.241862e-136  +1.098694e-194  +1.680342e-194  +1.314036e-176  +1.427102e-169  +2.152487e-173  +4.510294e-188  +1.728544e-213  +1.655184e-247  +9.068687e-292  +0.000000e+00 
+1.332237e-314  +1.955249e-239  +4.022841e-175  +1.602839e-121  +8.490135e-78  +2.372017e-44  +6.803905e-21  +1.505789e-07  +1.552781e-04  +2.035030e-04  +1.184766e-04  +3.587289e-04  +4.299303e-04  +2.850613e-04  +1.570560e-04  +3.663465e-04  +1.485561e-05  +4.441321e-11  +2.502236e-26  +1.957968e-52  +2.127751e-89  +3.211250e-137  +7.514698e-169  +4.231375e-140  +3.308957e-122  +3.593674e-115  +5.420375e-119  +1.148278e-133  +4.001153e-158  +1.452975e-191  +7.985602e-236  +6.095858e-291 
+1.133198e-304  +1.662754e-229  +3.388350e-165  +9.589295e-112  +3.769018e-69  +2.058420e-37  +1.597083e-16  +3.817076e-06  +9.252003e-05  +1.344730e-04  +1.268962e-04  +3.499085e-04  +1.179135e-04  +2.399845e-04  +9.995881e-05  +2.251779e-05  +2.818719e-06  +1.663320e-17  +1.102751e-37  +1.300271e-53  +2.706409e-80  +8.474101e-111  +4.973120e-121  +1.479801e-96  +1.157212e-78  +1.256784e-71  +1.896365e-75  +5.545997e-90  +4.500757e-113  +1.776732e-146  +9.765853e-191  +7.454825e-246 
+1.338660e-305  +1.964231e-230  +4.002697e-166  +1.132794e-112  +4.452328e-70  +2.430308e-38  +1.842355e-17  +1.939912e-07  +6.847104e-05  +2.203581e-04  +9.694127e-05  +5.430671e-04  +3.351389e-04  +9.063880e-05  +3.638183e-04  +5.880201e-05  +7.815151e-09  +1.677451e-13  +1.809945e-18  +2.712609e-34  +5.716456e-61  +1.909660e-68  +1.116301e-78  +7.187254e-64  +5.620470e-46  +6.104169e-39  +9.337122e-43  +2.868303e-56  +7.625037e-79  +3.017598e-112  +1.658634e-156  +1.266129e-211 
+2.196203e-317  +3.222515e-242  +6.566821e-178  +1.858461e-124  +7.304485e-82  +3.987160e-50  +3.175953e-29  +2.039202e-13  +2.960313e-05  +3.033560e-04  +1.373724e-04  +4.328372e-04  +5.622491e-04  +2.616654e-04  +2.744068e-04  +3.506562e-04  +8.620167e-06  +4.867887e-05  +5.244538e-10  +7.890933e-26  +1.466447e-34  +6.001850e-37  +3.480295e-47  +4.847979e-42  +3.791147e-24  +4.119433e-17  +9.285556e-21  +6.323673e-33  +1.798413e-55  +7.117703e-89  +3.912273e-133  +2.986458e-188 
+0.000000e+00  +7.342353e-265  +1.496220e-200  +4.234418e-147  +1.664297e-104  +2.559348e-71  +3.524457e-41  +4.886118e-21  +1.686307e-10  +3.841683e-05  +1.823707e-04  +1.449381e-04  +1.356042e-04  +5.567347e-04  +5.000842e-04  +2.022091e-04  +1.168980e-04  +9.346027e-05  +2.580600e-08  +3.193329e-11  +2.752921e-16  +2.642363e-16  +1.507070e-26  +9.272614e-31  +3.551628e-13  +3.925219e-06  +1.065608e-08  +2.067365e-20  +5.891216e-43  +2.331612e-76  +1.281580e-120  +9.783017e-176 
+0.000000e+00  +2.323344e-298  +4.734497e-234  +1.341620e-180  +2.592618e-131  +1.869303e-89  +1.875928e-58  +1.966386e-36  +1.664471e-18  +1.185191e-06  +7.009307e-05  +1.617166e-04  +4.021525e-04  +5.209531e-04  +2.967035e-04  +3.071416e-04  +1.269116e-04  +6.105124e-05  +2.654452e-04  +1.647251e-04  +2.529024e-06  +1.643848e-06  +9.065433e-17  +3.554162e-21  +2.999349e-08  +3.806559e-05  +4.724893e-07  +9.405977e-19  +2.680153e-41  +1.060744e-74  +5.830421e-119  +4.450688e-174 
+0.000000e+00  +0.000000e+00  +9.892799e-276  +3.695153e-212  +1.922568e-159  +1.391997e-117  +3.985412e-76  +8.434955e-43  +2.479372e-20  +1.241023e-08  +1.881825e-04  +2.863733e-04  +3.075951e-04  +2.420865e-04  +2.469580e-04  +1.029114e-04  +1.526137e-04  +6.586600e-05  +3.081284e-05  +1.232390e-04  +1.254687e-04  +7.092601e-06  +1.085870e-09  +2.047555e-10  +1.412672e-05  +3.659568e-06  +1.820813e-10  +1.671328e-24  +2.316896e-49  +7.085420e-84  +3.684719e-128  +2.812030e-183 
+0.000000e+00  +0.000000e+00  +1.018002e-314  +3.821763e-251  +6.275781e-188  +6.886544e-133  +1.049481e-88  +2.301745e-55  +2.294957e-30  +9.028123e-15  +4.712802e-08  +1.781889e-05  +3.640865e-05  +2.179230e-04  +3.085299e-04  +1.245133e-04  +1.934949e-04  +1.519707e-04  +1.790332e-04  +2.541308e-04  +1.635987e-04  +2.726946e-04  +1.699816e-04  +2.834458e-07  +5.408486e-05  +1.696041e-04  +4.454186e-09  +1.853197e-24  +1.140156e-50  +1.001104e-87  +1.234386e-135  +2.123102e-194 
+0.000000e+00  +0.000000e+00  +0.000000e+00  +1.873343e-254  +3.196263e-188  +7.599225e-133  +4.282519e-88  +1.735886e-52  +2.308969e-27  +9.202447e-13  +2.015395e-06  +9.860317e-05  +2.608794e-04  +5.274569e-05  +2.043609e-04  +4.246169e-04  +1.406255e-04  +1.901746e-05  +1.754294e-04  +9.703534e-05  +4.489235e-05  +2.731749e-04  +1.956422e-04  +3.198042e-04  +8.056486e-05  +2.939675e-06  +4.834510e-15  +9.102069e-31  +5.857142e-57  +5.236659e-94  +6.503155e-142  +1.121648e-200 
+0.000000e+00  +0.000000e+00  +6.127402e-320  +7.527627e-243  +1.284329e-176  +3.043214e-121  +1.001444e-76  +4.576896e-43  +2.922183e-20  +5.816619e-08  +2.838080e-04  +8.221901e-05  +3.842943e-05  +2.449248e-04  +1.075180e-04  +2.072008e-04  +1.540917e-04  +8.881770e-05  +1.351024e-04  +1.319690e-04  +2.647707e-04  +2.581740e-04  +2.631114e-04  +4.040778e-04  +2.149412e-07  +1.340261e-10  +4.756797e-24  +7.110459e-38  +9.818272e-62  +1.882840e-96  +5.014553e-142  +1.863591e-198 
+0.000000e+00  +0.000000e+00  +3.419428e-319  +4.200847e-242  +7.167293e-176  +1.698288e-120  +5.588631e-76  +2.554098e-42  +1.621092e-19  +1.428959e-07  +1.080284e-04  +2.327028e-04  +1.729927e-04  +6.408493e-06  +2.639816e-04  +1.132178e-05  +1.211825e-04  +2.601068e-04  +1.525166e-04  +1.233891e-04  +3.081859e-04  +2.375773e-04  +3.059904e-04  +2.981300e-04  +1.082240e-05  +1.562682e-06  +9.881898e-11  +9.791003e-24  +1.348441e-47  +5.470427e-82  +2.015261e-122  +1.951915e-173 
+0.000000e+00  +0.000000e+00  +0.000000e+00  +3.255770e-252  +5.554845e-186  +1.316219e-130  +4.331340e-86  +1.979495e-52  +1.256390e-29  +1.175432e-17  +1.977115e-10  +5.348042e-06  +1.262608e-04  +2.090250e-07  +8.441827e-05  +8.900560e-05  +7.686788e-05  +1.631095e-04  +1.905574e-04  +3.221636e-04  +1.853230e-04  +1.210699e-04  +2.068957e-04  +7.617422e-05  +1.434230e-04  +2.910531e-04  +6.602444e-07  +5.035045e-18  +1.768875e-36  +8.882585e-66  +6.194875e-106  +6.000173e-157 
+0.000000e+00  +0.000000e+00  +0.000000e+00  +3.504358e-273  +5.978974e-207  +1.416716e-151  +4.662051e-107  +2.130635e-73  +1.307557e-46  +5.317465e-22  +3.161614e-08  +5.629853e-05  +1.399967e-05  +1.351753e-04  +4.114020e-04  +3.138871e-05  +1.046099e-04  +2.405791e-05  +8.577546e-05  +3.355074e-04  +9.442236e-05  +1.800901e-04  +1.284020e-04  +9.797678e-05  +1.165873e-04  +1.393734e-04  +9.483531e-05  +2.090037e-12  +7.551380e-31  +3.792103e-60  +2.644681e-100  +2.561560e-151 
+0.000000e+00  +0.000000e+00  +0.000000e+00  +2.752088e-275  +2.488802e-216  +3.129060e-168  +2.498006e-127  +2.551621e-84  +1.138554e-48  +1.596849e-23  +6.153459e-09  +6.685877e-05  +7.546978e-05  +1.237609e-04  +8.190803e-05  +3.016930e-04  +3.067299e-04  +1.105528e-04  +1.769380e-05  +1.475456e-04  +1.394292e-04  +5.251310e-05  +1.290115e-04  +1.065031e-04  +3.562463e-04  +3.315296e-04  +3.694404e-05  +5.898134e-14  +1.312400e-33  +4.253660e-64  +3.291529e-105  +1.621136e-156 
+0.000000e+00  +0.000000e+00  +6.583589e-309  +4.286993e-239  +3.876866e-180  +4.869078e-132  +8.495385e-95  +2.726685e-65  +5.552770e-43  +2.036376e-22  +1.893290e-08  +5.992450e-05  +1.936463e-04  +2.955500e-04  +4.018273e-04  +6.369735e-05  +3.410222e-04  +1.421085e-04  +8.582837e-05  +3.623425e-06  +1.014622e-04  +2.772964e-04  +3.560992e-04  +7.586154e-05  +9.996033e-06  +3.788130e-05  +3.270505e-11  +3.381457e-20  +7.500021e-40  +2.310250e-70  +9.883109e-112  +5.871730e-164 
+0.000000e+00  +0.000000e+00  +1.424266e-283  +9.274300e-214  +8.387049e-155  +1.053356e-106  +1.837296e-69  +4.451016e-43  +5.750847e-25  +1.462606e-13  +1.228222e-05  +1.281986e-04  +8.654233e-05  +4.008299e-04  +1.709153e-04  +1.305211e-04  +7.687460e-05  +2.509467e-05  +5.759523e-06  +2.639162e-05  +3.772776e-09  +9.412952e-07  +1.540407e-06  +9.467298e-07  +2.524609e-12  +2.776911e-13  +3.554541e-22  +2.720566e-37  +5.972839e-57  +1.839829e-87  +7.870675e-129  +4.676107e-181 
+0.000000e+00  +0.000000e+00  +4.279153e-269  +2.786426e-199  +2.519855e-140  +3.164765e-92  +5.520080e-55  +1.337172e-28  +4.498608e-13  +2.363746e-06  +1.717355e-04  +2.396290e-05  +2.406086e-04  +3.114817e-04  +3.706067e-04  +2.740428e-04  +3.134539e-04  +9.375599e-05  +9.830320e-05  +2.173373e-08  +6.478665e-19  +2.867454e-16  +3.360193e-16  +5.363004e-19  +1.099580e-24  +5.036698e-32  +4.494359e-41  +8.022087e-61  +6.607266e-85  +2.034856e-115  +8.704990e-157  +5.171789e-209 
+0.000000e+00  +0.000000e+00  +3.193402e-263  +5.546348e-194  +1.394675e-135  +5.573529e-88  +4.251335e-51  +6.818641e-25  +1.986506e-09  +9.083853e-05  +5.658714e-06  +9.832389e-11  +2.470029e-06  +1.321172e-04  +9.283929e-05  +6.666843e-05  +1.546235e-04  +8.115710e-05  +1.000351e-05  +1.162300e-12  +1.150045e-27  +1.243424e-36  +1.456295e-36  +4.219320e-42  +8.650840e-48  +1.375467e-61  +1.193128e-70  +1.453345e-90  +3.885617e-121  +3.125573e-154  +1.337096e-195  +7.943923e-248 
+0.000000e+00  +0.000000e+00  +3.251541e-262  +5.560030e-193  +1.320392e-134  +4.354786e-87  +1.994659e-50  +1.268844e-24  +1.120949e-09  +1.375314e-05  +2.352284e-12  +9.698079e-21  +1.683694e-07  +8.157725e-05  +2.690257e-05  +3.786079e-05  +3.139008e-05  +2.240240e-07  +1.186926e-14  +1.464557e-23  +3.411818e-42  +1.187758e-67  +8.770259e-68  +4.624360e-76  +9.452097e-82  +2.691963e-98  +4.547597e-111  +5.475909e-131  +9.194881e-162  +4.515924e-203  +2.852297e-245  +1.694600e-297 
+0.000000e+00  +0.000000e+00  +4.623788e-272  +7.906529e-203  +1.877637e-144  +6.192636e-97  +2.836464e-60  +1.804334e-34  +1.594023e-19  +1.955736e-15  +3.332452e-22  +1.437072e-27  +2.561175e-14  +1.094419e-06  +1.190087e-04  +4.611935e-07  +2.292339e-09  +1.662875e-18  +4.631063e-29  +2.410965e-43  +4.140896e-63  +2.662856e-93  +7.335233e-110  +1.892661e-120  +1.434287e-126  +4.084061e-143  +2.417488e-162  +2.906773e-182  +4.856333e-213  +1.128983e-254  +9.220640e-306  +0.000000e+00 
+0.000000e+00  +0.000000e+00  +9.131552e-293  +1.561466e-223  +3.708159e-165  +1.222988e-117  +5.601753e-81  +3.563392e-55  +3.148048e-40  +3.862397e-36  +6.581282e-43  +3.116727e-45  +2.420474e-25  +2.762734e-13  +2.173787e-10  +2.755523e-14  +4.399084e-24  +1.724262e-33  +1.195796e-51  +1.910372e-72  +9.468867e-94  +2.258544e-124  +8.529463e-163  +1.387339e-173  +3.022607e-182  +8.606726e-199  +1.819772e-224  +2.146769e-244  +3.584411e-275  +8.313389e-317  +0.000000e+00  +0.000000e+00 
+0.000000e+00  +0.000000e+00  +4.940656e-324  +4.282694e-255  +1.017051e-196  +3.354337e-149  +1.536415e-112  +9.773458e-87  +8.634275e-72  +1.059355e-67  +1.805074e-74  +1.044456e-65  +8.583315e-43  +9.802850e-31  +6.202389e-27  +8.003750e-31  +1.440779e-45  +3.492510e-59  +2.507836e-79  +6.583808e-106  +3.021466e-135  +7.172675e-166  +2.376010e-207  +2.235626e-237  +8.846377e-249  +2.518962e-265  +9.961480e-293  +2.202397e-317  +0.000000e+00  +0.000000e+00  +0.000000e+00  +0.000000e+00 
+0.000000e+00  +0.000000e+00  +0.000000e+00  +1.631322e-297  +3.874052e-239  +1.277701e-191  +5.852360e-155  +3.722809e-129  +3.288883e-114  +4.035191e-110  +6.875711e-117  +5.143785e-94  +4.227152e-71  +4.851276e-59  +2.496503e-54  +3.228659e-58  +5.800738e-73  +9.856130e-96  +7.054474e-116  +7.038330e-147  +7.064762e-182  +3.163543e-218  +1.047949e-259  +9.829655e-312  +0.000000e+00  +0.000000e+00  +0.000000e+00  +0.000000e+00  +0.000000e+00  +0.000000e+00  +0.000000e+00  +0.000000e+00 
+0.000000e+00  +0.000000e+00  +0.000000e+00  +0.000000e+00  +2.049396e-292  +6.759114e-245  +3.095933e-208  +1.969388e-182  +1.739838e-167  +2.134640e-163  +5.949112e-167  +3.518144e-133  +2.891203e-110  +3.449854e-98  +1.398241e-92  +1.808793e-96  +3.249750e-111  +8.108662e-137  +2.755935e-163  +2.748360e-194  +4.289957e-236  +1.481584e-279  +6.422853e-323  +0.000000e+00  +0.000000e+00  +0.000000e+00  +0.000000e+00  +0.000000e+00  +0.000000e+00  +0.000000e+00  +0.000000e+00  +0.000000e+00 
