+0.000000e+00  +0.000000e+00  +0.000000e+00  +0.000000e+00  +0.000000e+00  +0.000000e+00  +0.000000e+00  +0.000000e+00  +0.000000e+00  +0.000000e+00  +0.000000e+00  +0.000000e+00  +4.940656e-324  +4.342279e-266  +2.026151e-218  +1.370823e-181  +1.288527e-155  +1.505603e-138  +3.937938e-122  +7.406231e-110  +2.034128e-108  +7.758844e-118  +4.110114e-138  +6.454627e-160  +8.451260e-175  +1.536773e-200  +3.554688e-236  +1.227373e-262  +1.054014e-296  +0.000000e+00  +0.000000e+00  +0.000000e+00 
+0.000000e+00  +0.000000e+00  +0.000000e+00  +0.000000e+00  +0.000000e+00  +0.000000e+00  +0.000000e+00  +0.000000e+00  +0.000000e+00  +0.000000e+00  +0.000000e+00  +0.000000e+00  +1.129189e-273  +3.845472e-217  +2.277788e-170  +1.445739e-133  +1.358174e-107  +1.813832e-92  +5.588018e-79  +5.647340e-68  +1.551046e-66  +5.916211e-76  +3.134010e-96  +4.784593e-108  +6.264629e-123  +1.139217e-148  +1.094547e-175  +6.596681e-199  +5.664939e-233  +6.756208e-278  +0.000000e+00  +0.000000e+00 
+0.000000e+00  +0.000000e+00  +0.000000e+00  +0.000000e+00  +0.000000e+00  +0.000000e+00  +0.000000e+00  +0.000000e+00  +0.000000e+00  +0.000000e+00  +8.360107e-311  +3.534399e-268  +2.884820e-234  +8.658485e-178  +3.942433e-132  +2.326631e-96  +1.989868e-70  +2.595424e-55  +2.029880e-45  +5.980781e-37  +1.642515e-35  +6.265103e-45  +5.446603e-63  +4.925574e-67  +6.449219e-82  +7.315299e-105  +7.963076e-123  +4.923937e-146  +4.228460e-180  +5.043012e-225  +8.352870e-281  +0.000000e+00 
+0.000000e+00  +0.000000e+00  +0.000000e+00  +0.000000e+00  +0.000000e+00  +0.000000e+00  +0.000000e+00  +0.000000e+00  +0.000000e+00  +9.020728e-288  +2.345516e-250  +9.916128e-208  +5.822156e-176  +3.051091e-149  +1.280695e-103  +7.888400e-69  +4.645435e-44  +5.283184e-29  +1.101304e-22  +9.042501e-17  +2.415639e-15  +9.214053e-25  +7.613385e-33  +7.042172e-37  +9.257665e-52  +1.419372e-67  +8.254803e-81  +5.104317e-104  +4.383361e-138  +5.227752e-183  +8.658859e-239  +1.991794e-305 
+0.000000e+00  +0.000000e+00  +0.000000e+00  +0.000000e+00  +0.000000e+00  +0.000000e+00  +0.000000e+00  +8.509032e-313  +2.717787e-262  +1.205559e-222  +7.426766e-194  +3.863729e-158  +2.268550e-126  +1.849814e-105  +6.269050e-86  +3.653930e-51  +3.069880e-27  +1.821913e-13  +3.137930e-09  +2.604739e-06  +4.939883e-06  +1.045479e-13  +1.498349e-13  +1.398281e-17  +8.708578e-28  +2.670126e-37  +1.188476e-49  +7.348603e-73  +6.310605e-107  +7.526240e-152  +1.246590e-207  +2.867525e-274 
+0.000000e+00  +0.000000e+00  +0.000000e+00  +0.000000e+00  +0.000000e+00  +0.000000e+00  +6.867018e-320  +1.579302e-258  +5.044293e-208  +2.237554e-168  +1.378430e-139  +2.102672e-119  +1.227583e-87  +1.000992e-66  +1.134107e-56  +3.380269e-44  +2.010828e-20  +2.317689e-07  +1.599413e-04  +6.684038e-05  +8.885922e-05  +1.755927e-05  +4.156634e-05  +5.089080e-09  +2.839557e-12  +5.362995e-17  +2.378473e-29  +1.469560e-52  +1.261793e-86  +1.504812e-131  +2.492442e-187  +5.733347e-254 
+0.000000e+00  +0.000000e+00  +0.000000e+00  +0.000000e+00  +0.000000e+00  +2.174893e-309  +2.992977e-269  +4.070878e-215  +1.300239e-164  +5.767618e-125  +3.553102e-96  +3.039882e-78  +9.234367e-60  +7.522654e-39  +8.522619e-29  +8.637507e-25  +4.646283e-14  +1.127884e-06  +6.784955e-05  +1.380133e-04  +3.375201e-04  +2.368857e-04  +3.169757e-04  +6.420480e-05  +7.453002e-06  +1.623479e-07  +6.724504e-20  +4.095523e-43  +3.506271e-77  +4.179121e-122  +6.921127e-178  +1.592024e-244 
+0.000000e+00  +0.000000e+00  +0.000000e+00  +0.000000e+00  +2.403143e-294  +7.573729e-246  +1.228567e-207  +1.462107e-177  +4.654661e-132  +2.064722e-92  +1.271960e-63  +1.088237e-45  +1.296632e-38  +8.009195e-22  +8.895343e-12  +9.376044e-10  +1.274524e-07  +9.245900e-05  +1.384158e-04  +3.621206e-04  +2.154098e-04  +2.634358e-04  +1.965112e-04  +5.002453e-05  +7.036311e-05  +3.445608e-07  +5.305946e-20  +1.208838e-43  +4.400389e-78  +2.841726e-123  +3.359161e-179  +6.677463e-246 
+0.000000e+00  +0.000000e+00  +0.000000e+00  +7.481065e-301  +1.424660e-241  +4.238657e-193  +1.870275e-155  +6.199939e-127  +1.388065e-107  +1.028974e-70  +6.328958e-42  +5.415493e-24  +6.435635e-17  +8.680256e-13  +1.832383e-05  +2.382990e-04  +1.501315e-04  +1.206804e-04  +3.394285e-04  +5.136810e-04  +1.556291e-04  +5.130571e-04  +1.427614e-04  +1.411957e-04  +1.992836e-04  +1.713022e-07  +7.832284e-20  +6.525294e-43  +8.028902e-77  +1.431945e-121  +3.652687e-177  +1.318958e-243 
+0.000000e+00  +0.000000e+00  +3.543638e-314  +1.193915e-252  +1.599862e-199  +3.739798e-151  +1.462762e-113  +1.212793e-86  +7.995310e-68  +5.444844e-56  +3.312387e-30  +4.016666e-13  +4.796668e-06  +8.310260e-10  +7.302056e-05  +1.249934e-04  +2.160211e-04  +2.666528e-04  +9.345658e-05  +3.879910e-04  +3.186263e-04  +6.104865e-04  +1.603694e-04  +1.330356e-04  +1.216925e-06  +5.053548e-08  +3.189708e-20  +2.926666e-43  +3.850567e-77  +7.185054e-122  +1.886689e-177  +6.935980e-244 
+0.000000e+00  +0.000000e+00  +2.754128e-272  +9.279143e-211  +4.341798e-160  +1.004546e-119  +2.009848e-82  +1.001102e-55  +7.202850e-39  +2.021608e-30  +1.403117e-23  +1.056375e-08  +1.427386e-04  +6.540959e-05  +4.209870e-05  +1.934589e-04  +9.163458e-05  +6.118007e-04  +2.343755e-04  +3.474904e-04  +2.163661e-04  +2.094515e-04  +3.718067e-05  +6.582048e-05  +2.845506e-09  +3.095411e-19  +2.099047e-31  +2.023328e-54  +2.748391e-88  +5.231371e-133  +1.390375e-188  +5.148503e-255 
+0.000000e+00  +1.416969e-299  +2.972739e-241  +1.001568e-179  +4.686432e-129  +3.045384e-89  +2.818747e-60  +2.265697e-35  +1.443090e-19  +2.269160e-12  +4.816146e-13  +5.742305e-09  +5.146586e-05  +5.294576e-05  +7.142799e-05  +7.439787e-06  +1.673744e-04  +3.724898e-04  +3.708420e-04  +3.401117e-04  +3.798781e-05  +1.896281e-04  +9.979597e-05  +2.173211e-06  +7.628933e-15  +1.869757e-32  +2.069269e-53  +2.038983e-76  +2.807101e-110  +5.386368e-155  +1.438445e-210  +5.341604e-277 
+4.020526e-304  +2.405122e-245  +2.000030e-197  +6.733376e-158  +7.025109e-109  +4.565126e-69  +4.119935e-40  +5.184596e-22  +5.469792e-10  +7.375801e-05  +8.382726e-07  +2.328225e-04  +1.161365e-04  +3.801922e-05  +7.854588e-05  +1.747406e-04  +2.385959e-04  +3.947699e-04  +1.650251e-04  +1.059952e-04  +4.788324e-05  +1.294519e-04  +1.422053e-06  +6.320134e-14  +3.126293e-25  +1.986929e-46  +5.921732e-75  +2.911686e-109  +4.030016e-143  +7.757431e-188  +2.075506e-243  +7.715742e-310 
+7.701689e-255  +5.674277e-202  +4.710904e-154  +5.471736e-117  +1.779404e-87  +9.503891e-60  +8.577071e-31  +1.075017e-12  +2.084191e-05  +1.688743e-04  +1.051670e-04  +1.993959e-04  +8.775529e-05  +1.585409e-04  +1.121969e-04  +2.832814e-04  +7.474901e-05  +3.142886e-05  +2.275344e-04  +2.960501e-04  +2.537320e-04  +1.133185e-04  +1.519832e-04  +1.114309e-09  +1.936135e-22  +1.002600e-45  +7.213348e-80  +7.207489e-125  +1.000160e-180  +1.555901e-231  +4.165816e-287  +0.000000e+00 
+6.326409e-211  +1.233466e-161  +1.630250e-121  +1.779702e-84  +2.988298e-58  +9.300658e-39  +8.803184e-29  +3.122926e-14  +1.008732e-06  +3.710009e-05  +1.443335e-04  +2.454990e-04  +1.734289e-04  +1.815371e-04  +2.336940e-05  +1.374749e-04  +1.011370e-05  +1.369486e-04  +1.771315e-04  +4.858781e-06  +5.923830e-05  +1.418039e-04  +6.605118e-05  +3.594827e-07  +1.339810e-19  +6.940879e-43  +4.993713e-77  +4.989657e-122  +6.923979e-178  +1.334378e-244  +3.557273e-322  +0.000000e+00 
+5.853817e-170  +2.750124e-127  +3.810189e-90  +4.575534e-62  +1.296781e-36  +3.877291e-21  +9.392467e-12  +6.571823e-09  +1.443724e-04  +1.757103e-04  +1.315330e-05  +2.270448e-04  +1.542608e-04  +1.653744e-04  +2.936123e-05  +2.106278e-08  +2.343308e-06  +1.323645e-04  +1.818327e-04  +7.639532e-05  +2.227595e-04  +7.899017e-05  +5.252686e-07  +2.142415e-12  +1.485368e-27  +6.673530e-51  +4.801184e-85  +4.797284e-130  +6.657029e-186  +1.282932e-252  +0.000000e+00  +0.000000e+00 
+1.215152e-139  +5.593672e-97  +3.580532e-65  +2.270388e-40  +3.124510e-23  +1.822506e-10  +2.313187e-05  +6.603470e-05  +1.140787e-04  +7.223004e-05  +2.963970e-05  +1.673194e-04  +6.764427e-05  +2.483359e-04  +5.043808e-05  +5.334519e-11  +1.441982e-04  +7.621279e-05  +1.103307e-04  +1.161220e-04  +1.256396e-04  +1.609680e-04  +1.351586e-05  +3.131176e-12  +1.168645e-29  +7.029493e-58  +6.574694e-97  +9.211774e-147  +8.907128e-205  +1.713035e-271  +0.000000e+00  +0.000000e+00 
+5.449182e-120  +1.735572e-77  +1.041726e-45  +9.172006e-25  +2.636419e-12  +5.022917e-06  +3.340601e-05  +1.326772e-04  +2.397625e-04  +1.366446e-04  +5.363061e-04  +1.868873e-04  +1.087009e-04  +7.137893e-05  +1.836056e-06  +1.511206e-08  +1.018667e-04  +1.030633e-04  +7.870851e-05  +9.487778e-06  +5.585924e-05  +6.599540e-05  +1.384971e-05  +3.757721e-12  +1.980237e-29  +1.491787e-57  +1.582518e-96  +2.346492e-146  +4.846225e-207  +1.391892e-278  +0.000000e+00  +0.000000e+00 
+5.268007e-109  +3.415601e-67  +3.380808e-36  +7.315315e-16  +5.167539e-06  +2.343464e-04  +5.134542e-05  +1.751027e-04  +3.120581e-04  +1.547236e-04  +1.422637e-04  +9.170495e-05  +2.168835e-04  +1.750044e-04  +9.290287e-07  +3.989830e-05  +2.460147e-04  +5.812824e-05  +1.145987e-04  +1.924181e-04  +2.349396e-04  +7.472707e-05  +1.400807e-10  +5.297161e-22  +7.142198e-40  +5.509734e-68  +5.909169e-107  +8.805690e-157  +1.822763e-217  +5.240545e-289  +0.000000e+00  +0.000000e+00 
+1.964186e-108  +1.252841e-66  +1.109976e-35  +1.367267e-15  +2.492619e-06  +2.168743e-04  +3.972442e-05  +8.360558e-05  +5.077218e-04  +1.918905e-04  +2.816473e-04  +2.695664e-05  +1.194638e-04  +1.466301e-05  +2.757529e-04  +9.865066e-05  +1.449222e-04  +1.434404e-04  +8.454379e-05  +1.486445e-04  +7.600911e-05  +2.289453e-07  +4.259962e-14  +3.943544e-30  +1.072037e-56  +2.880133e-89  +3.090423e-128  +4.606918e-178  +9.537786e-239  +2.742367e-310  +0.000000e+00  +0.000000e+00 
+1.019784e-118  +6.504455e-77  +5.761714e-46  +7.099153e-26  +3.751138e-12  +1.759289e-04  +1.408605e-04  +8.931849e-05  +3.802454e-04  +2.048234e-04  +3.658099e-04  +9.367476e-05  +1.147735e-05  +3.283234e-05  +5.361389e-05  +1.171199e-04  +1.787978e-04  +4.084149e-04  +1.223649e-04  +6.801754e-05  +1.723687e-04  +2.242612e-04  +5.010278e-09  +2.598148e-24  +2.060293e-50  +2.299926e-87  +3.572019e-135  +7.706435e-194  +2.309110e-263  +0.000000e+00  +0.000000e+00  +0.000000e+00 
+7.353155e-140  +4.690141e-98  +4.130785e-62  +2.807308e-32  +3.170902e-13  +7.936255e-05  +7.869373e-05  +3.877321e-05  +1.020043e-04  +1.760102e-04  +2.174250e-04  +1.258601e-05  +2.943269e-04  +1.409659e-04  +2.537574e-04  +2.344929e-04  +4.356112e-04  +2.619223e-04  +7.979150e-05  +1.561087e-04  +9.376413e-05  +2.634048e-06  +2.570740e-13  +9.672281e-29  +7.785491e-55  +8.708832e-92  +1.352933e-139  +2.918982e-198  +8.746300e-268  +0.000000e+00  +0.000000e+00  +0.000000e+00 
+1.643725e-151  +1.600900e-100  +2.165438e-60  +4.068136e-31  +1.061685e-12  +3.853229e-05  +1.073416e-04  +1.563488e-04  +2.248092e-04  +1.373815e-04  +1.021691e-04  +1.184988e-04  +6.901159e-05  +1.692362e-05  +2.099978e-04  +9.574929e-05  +2.367198e-04  +1.183758e-04  +2.057090e-04  +2.852057e-04  +8.352001e-05  +1.587816e-05  +2.351232e-14  +4.909868e-34  +1.423914e-64  +6.193114e-106  +7.120165e-155  +1.535499e-213  +4.600896e-283  +0.000000e+00  +0.000000e+00  +0.000000e+00 
+1.335203e-159  +1.300406e-108  +1.758931e-68  +3.304126e-39  +8.619901e-21  +5.615602e-13  +3.970508e-08  +1.627784e-06  +2.797992e-05  +8.115416e-05  +1.391027e-04  +1.309672e-04  +8.363096e-05  +1.269646e-04  +1.054257e-04  +3.911366e-05  +4.404135e-04  +9.900818e-05  +7.679882e-05  +2.587237e-04  +5.909945e-06  +3.560553e-13  +1.029033e-22  +2.148514e-42  +6.230900e-73  +2.509582e-114  +1.403750e-166  +1.090476e-229  +1.176473e-303  +0.000000e+00  +0.000000e+00  +0.000000e+00 
+1.506276e-178  +1.467022e-127  +1.984295e-87  +3.727469e-58  +9.725526e-40  +1.176930e-28  +5.553778e-20  +7.477455e-18  +2.785162e-14  +9.385890e-10  +1.645093e-09  +3.014343e-09  +7.798205e-05  +1.687555e-04  +1.585294e-04  +2.019303e-04  +3.141533e-04  +1.635797e-04  +9.895449e-05  +1.069448e-08  +2.409291e-13  +7.956366e-24  +6.579626e-42  +1.305706e-61  +3.786667e-92  +1.525133e-133  +8.530925e-186  +6.627085e-249  +6.916919e-323  +0.000000e+00  +0.000000e+00  +0.000000e+00 
+2.359935e-208  +2.298433e-157  +3.108863e-117  +5.839953e-88  +2.306727e-69  +4.751821e-54  +1.179788e-42  +3.582009e-38  +4.639818e-33  +1.542174e-25  +3.034546e-25  +6.461152e-17  +3.182051e-09  +2.619775e-04  +1.546862e-04  +1.442847e-04  +2.480270e-04  +1.137445e-04  +9.290963e-06  +8.326880e-07  +3.022641e-18  +1.770511e-40  +2.082361e-63  +1.102852e-91  +3.195961e-122  +1.287217e-163  +7.200131e-216  +5.593284e-279  +0.000000e+00  +0.000000e+00  +0.000000e+00  +0.000000e+00 
+5.134915e-249  +5.001095e-198  +6.764487e-158  +1.270799e-128  +7.128038e-107  +1.175154e-87  +3.480732e-76  +6.876430e-69  +9.705363e-60  +3.519082e-52  +1.146490e-50  +1.263736e-32  +1.748336e-16  +3.429491e-06  +1.596838e-04  +1.879936e-04  +6.946114e-05  +1.162396e-04  +7.944667e-05  +1.447685e-08  +6.054118e-20  +3.531158e-42  +2.860365e-75  +3.217845e-119  +3.746259e-163  +1.508809e-204  +8.439615e-257  +6.556251e-320  +0.000000e+00  +0.000000e+00  +0.000000e+00  +0.000000e+00 
+1.551688e-300  +1.511250e-249  +2.044119e-209  +5.111242e-180  +3.156164e-154  +4.814733e-132  +1.426211e-120  +1.844165e-110  +3.075680e-97  +1.115228e-89  +1.158828e-77  +1.659820e-46  +7.806753e-25  +5.178991e-14  +1.675443e-08  +5.084696e-05  +2.851024e-06  +8.971478e-06  +1.897217e-05  +4.124015e-12  +1.804202e-28  +1.117130e-54  +8.159514e-88  +9.179226e-132  +1.434122e-186  +3.111993e-252  +1.373861e-308  +0.000000e+00  +0.000000e+00  +0.000000e+00  +0.000000e+00  +0.000000e+00 
+0.000000e+00  +6.342282e-312  +8.579016e-272  +2.231528e-239  +1.284712e-209  +2.739766e-187  +8.203518e-176  +7.387232e-163  +1.353667e-145  +4.912635e-138  +1.043497e-97  +3.534273e-65  +1.662464e-43  +1.791595e-31  +1.735953e-20  +8.065357e-14  +6.327970e-16  +4.017066e-14  +1.087369e-12  +4.227020e-22  +1.719820e-40  +1.033380e-67  +8.737150e-106  +1.389576e-154  +5.681713e-210  +1.232777e-275  +0.000000e+00  +0.000000e+00  +0.000000e+00  +0.000000e+00  +0.000000e+00  +0.000000e+00 
+0.000000e+00  +0.000000e+00  +0.000000e+00  +1.203771e-308  +1.015153e-275  +2.165173e-253  +5.186206e-241  +3.172753e-223  +8.274091e-205  +1.265446e-170  +3.086132e-127  +1.045258e-94  +4.919972e-73  +3.558134e-56  +4.876965e-40  +2.198374e-33  +8.974852e-36  +3.383753e-32  +9.384272e-31  +3.614617e-40  +1.935797e-60  +1.493986e-90  +1.141714e-128  +1.340598e-177  +2.186168e-237  +5.018979e-308  +0.000000e+00  +0.000000e+00  +0.000000e+00  +0.000000e+00  +0.000000e+00  +0.000000e+00 
+0.000000e+00  +0.000000e+00  +0.000000e+00  +0.000000e+00  +0.000000e+00  +0.000000e+00  +3.265630e-315  +2.690272e-293  +2.959865e-265  +5.197624e-211  +1.267581e-167  +4.293234e-135  +9.338434e-112  +6.109052e-88  +1.931195e-70  +8.582978e-64  +1.809783e-66  +4.055456e-61  +1.124769e-59  +4.332365e-69  +2.317527e-89  +1.721964e-120  +3.848308e-162  +2.433131e-211  +3.967390e-271  +0.000000e+00  +0.000000e+00  +0.000000e+00  +0.000000e+00  +0.000000e+00  +0.000000e+00  +0.000000e+00 
+0.000000e+00  +0.000000e+00  +0.000000e+00  +0.000000e+00  +0.000000e+00  +0.000000e+00  +0.000000e+00  +0.000000e+00  +1.688384e-316  +2.964859e-262  +7.230610e-219  +2.453701e-186  +1.833575e-157  +3.359303e-129  +1.062101e-111  +4.691498e-105  +5.143960e-108  +6.750569e-101  +1.872251e-99  +7.211503e-109  +3.857673e-129  +2.865913e-160  +2.956966e-202  +4.850106e-255  +1.000761e-315  +0.000000e+00  +0.000000e+00  +0.000000e+00  +0.000000e+00  +0.000000e+00  +0.000000e+00  +0.000000e+00 
