+0.000000e+00  +0.000000e+00  +0.000000e+00  +0.000000e+00  +0.000000e+00  +0.000000e+00  +0.000000e+00  +0.000000e+00  +0.000000e+00  +3.665817e-297  +2.398614e-264  +4.185180e-228  +3.189737e-200  +6.854735e-175  +1.567939e-155  +3.836295e-144  +1.326844e-143  +5.392461e-136  +1.245528e-135  +1.691160e-139  +4.024105e-153  +1.329817e-177  +6.103125e-213  +3.890010e-259  +3.443419e-316  +0.000000e+00  +0.000000e+00  +0.000000e+00  +0.000000e+00  +0.000000e+00  +0.000000e+00  +0.000000e+00 
+0.000000e+00  +0.000000e+00  +0.000000e+00  +0.000000e+00  +0.000000e+00  +0.000000e+00  +0.000000e+00  +1.094428e-315  +2.783215e-267  +9.831166e-230  +4.052865e-200  +8.989123e-172  +5.702449e-145  +7.125816e-123  +3.102021e-106  +7.533176e-95  +2.698693e-94  +2.547264e-88  +6.573928e-88  +1.981680e-91  +4.715394e-105  +1.558262e-129  +7.151564e-165  +4.558856e-211  +1.874257e-267  +0.000000e+00  +0.000000e+00  +0.000000e+00  +0.000000e+00  +0.000000e+00  +0.000000e+00  +0.000000e+00 
+0.000000e+00  +0.000000e+00  +0.000000e+00  +0.000000e+00  +0.000000e+00  +0.000000e+00  +5.131788e-311  +5.184577e-259  +1.318478e-210  +4.656616e-173  +3.270540e-146  +4.057808e-124  +1.700080e-99  +1.045191e-81  +4.188594e-67  +2.054399e-56  +8.150293e-56  +1.671087e-51  +5.436481e-51  +3.224929e-54  +7.673698e-68  +2.535872e-92  +1.166887e-127  +5.549887e-172  +1.359826e-224  +4.689908e-288  +0.000000e+00  +0.000000e+00  +0.000000e+00  +0.000000e+00  +0.000000e+00  +0.000000e+00 
+0.000000e+00  +0.000000e+00  +0.000000e+00  +0.000000e+00  +0.000000e+00  +4.573281e-307  +7.700974e-252  +1.800952e-207  +8.674350e-165  +3.063617e-127  +1.503026e-100  +1.365283e-81  +7.042914e-65  +6.226954e-49  +6.726665e-37  +7.783315e-29  +4.013309e-28  +1.522529e-25  +7.506186e-25  +7.288612e-28  +1.734324e-41  +6.036668e-66  +3.934628e-98  +7.031022e-140  +1.746069e-192  +6.022025e-256  +0.000000e+00  +0.000000e+00  +0.000000e+00  +0.000000e+00  +0.000000e+00  +0.000000e+00 
+0.000000e+00  +0.000000e+00  +0.000000e+00  +0.000000e+00  +0.000000e+00  +9.531095e-259  +1.604947e-203  +3.753327e-159  +1.219097e-125  +2.799217e-92  +1.373005e-65  +1.576527e-49  +3.643071e-38  +3.568165e-25  +1.904359e-17  +4.231512e-12  +3.705922e-11  +1.927687e-10  +1.832549e-09  +2.287834e-12  +1.131766e-25  +5.445988e-46  +7.011800e-77  +1.253818e-118  +3.113707e-171  +2.568285e-228  +4.340073e-274  +0.000000e+00  +0.000000e+00  +0.000000e+00  +0.000000e+00  +0.000000e+00 
+0.000000e+00  +0.000000e+00  +0.000000e+00  +0.000000e+00  +2.275181e-287  +2.758644e-221  +4.645297e-166  +1.086349e-121  +3.528279e-88  +1.595013e-65  +1.742256e-41  +1.187240e-25  +2.376532e-17  +2.941559e-12  +5.421540e-07  +3.830370e-05  +1.328109e-04  +6.754413e-06  +1.610143e-04  +2.278926e-06  +1.454749e-15  +1.348704e-35  +1.736536e-66  +1.433963e-105  +3.208187e-141  +6.431762e-177  +1.294599e-222  +3.618919e-279  +0.000000e+00  +0.000000e+00  +0.000000e+00  +0.000000e+00 
+0.000000e+00  +0.000000e+00  +0.000000e+00  +0.000000e+00  +9.145484e-261  +1.108885e-194  +1.867258e-139  +4.366768e-95  +1.418253e-61  +6.397133e-39  +4.631705e-27  +2.091528e-12  +4.132237e-07  +1.072808e-05  +2.516006e-04  +1.844223e-04  +5.033531e-04  +1.148399e-04  +2.557280e-04  +2.899504e-06  +5.121933e-16  +5.115396e-34  +3.094870e-50  +3.597432e-75  +1.838411e-101  +2.664441e-136  +5.363048e-182  +1.499185e-238  +5.820183e-306  +0.000000e+00  +0.000000e+00  +0.000000e+00 
+0.000000e+00  +0.000000e+00  +0.000000e+00  +5.829975e-322  +5.105467e-245  +6.190352e-179  +1.042397e-123  +2.437748e-79  +7.917399e-46  +3.571200e-23  +2.237366e-11  +3.573311e-07  +1.539170e-04  +2.944012e-04  +5.003300e-04  +3.497083e-04  +5.890293e-04  +3.397998e-04  +2.091305e-04  +1.382640e-05  +8.623453e-10  +1.378577e-16  +8.982337e-31  +1.013812e-47  +1.057677e-71  +1.532923e-106  +3.085503e-152  +8.625206e-209  +3.349364e-276  +0.000000e+00  +0.000000e+00  +0.000000e+00 
+0.000000e+00  +0.000000e+00  +0.000000e+00  +4.533779e-317  +3.958241e-240  +4.799346e-174  +8.081647e-119  +1.889973e-74  +6.138317e-41  +2.768732e-18  +1.734412e-06  +5.595436e-05  +5.161379e-06  +3.075167e-04  +2.497342e-04  +4.585556e-04  +2.567990e-04  +4.890229e-04  +2.622587e-04  +2.254653e-04  +2.119469e-04  +4.590210e-08  +1.092815e-15  +8.097957e-29  +8.450941e-53  +1.224822e-87  +2.748007e-133  +1.998398e-185  +1.962048e-247  +2.675365e-320  +0.000000e+00  +0.000000e+00 
+0.000000e+00  +0.000000e+00  +0.000000e+00  +4.940656e-323  +4.261936e-246  +5.167575e-180  +8.701709e-125  +2.034981e-80  +6.609278e-47  +2.981385e-24  +1.271159e-11  +8.162257e-06  +1.742711e-04  +1.957777e-04  +2.778639e-04  +3.886777e-04  +4.553458e-04  +7.643674e-04  +3.103741e-04  +3.561793e-04  +1.829401e-04  +6.600090e-05  +1.195843e-07  +8.987805e-21  +4.899714e-43  +1.761598e-72  +8.967544e-113  +6.339838e-164  +6.224733e-226  +8.487919e-299  +0.000000e+00  +0.000000e+00 
+0.000000e+00  +0.000000e+00  +0.000000e+00  +1.596718e-296  +1.578055e-225  +2.165978e-165  +4.128800e-116  +1.093059e-77  +5.528998e-49  +1.234865e-26  +4.766166e-15  +1.138987e-06  +1.368235e-04  +1.159664e-04  +1.844781e-04  +2.765531e-04  +3.037711e-04  +5.316688e-04  +3.948131e-04  +3.162057e-04  +1.759220e-04  +4.643589e-05  +4.221849e-06  +8.022991e-14  +2.117518e-32  +7.761682e-62  +3.951141e-102  +2.793361e-153  +2.742646e-215  +3.739816e-288  +0.000000e+00  +0.000000e+00 
+0.000000e+00  +0.000000e+00  +0.000000e+00  +1.252834e-279  +1.238191e-208  +1.699493e-148  +3.239584e-99  +8.576244e-61  +3.153138e-33  +1.640266e-16  +1.012497e-06  +1.302952e-04  +1.078005e-04  +4.422392e-04  +5.788238e-04  +2.544110e-04  +2.329142e-04  +3.383092e-04  +2.288057e-04  +3.342156e-04  +2.001843e-04  +5.866811e-05  +3.296768e-06  +4.909368e-14  +1.295729e-32  +4.749444e-62  +2.417739e-102  +1.709283e-153  +1.678250e-215  +2.288428e-288  +0.000000e+00  +0.000000e+00 
+0.000000e+00  +0.000000e+00  +0.000000e+00  +1.365202e-273  +1.349245e-202  +1.851922e-142  +3.530146e-93  +9.345455e-55  +3.435945e-27  +1.754406e-10  +1.245551e-04  +1.126369e-04  +2.268925e-04  +2.592102e-04  +1.832615e-04  +4.156249e-04  +3.723026e-04  +2.694092e-04  +2.186550e-04  +6.895033e-05  +1.134740e-04  +7.644438e-05  +1.885210e-10  +3.321195e-24  +1.101281e-43  +4.036153e-73  +2.054633e-113  +1.452576e-164  +1.426204e-226  +1.944742e-299  +0.000000e+00  +0.000000e+00 
+0.000000e+00  +0.000000e+00  +0.000000e+00  +2.066037e-278  +2.041889e-207  +2.802619e-147  +5.342370e-98  +1.414301e-59  +5.199811e-32  +2.655041e-15  +1.970690e-09  +8.979321e-05  +2.821792e-04  +1.046826e-04  +7.392529e-05  +1.604464e-04  +5.017930e-05  +9.373758e-05  +1.722376e-04  +2.162408e-04  +8.951809e-05  +2.673180e-06  +1.625100e-13  +5.640376e-30  +2.728649e-57  +6.613115e-95  +2.424919e-135  +1.714359e-186  +1.683234e-248  +2.297405e-321  +0.000000e+00  +0.000000e+00 
+0.000000e+00  +0.000000e+00  +0.000000e+00  +4.368130e-294  +4.291522e-223  +5.890380e-163  +1.122828e-113  +2.972494e-75  +1.092866e-47  +5.768763e-31  +5.312029e-14  +1.296668e-05  +2.418430e-04  +1.981016e-04  +2.229756e-04  +2.328563e-04  +7.592657e-05  +9.348927e-05  +1.067247e-04  +1.413546e-04  +2.635481e-04  +4.058867e-07  +1.143166e-19  +5.177599e-43  +3.394979e-71  +2.280941e-109  +2.128283e-158  +3.038924e-218  +2.758959e-281  +0.000000e+00  +0.000000e+00  +0.000000e+00 
+0.000000e+00  +0.000000e+00  +1.039308e-313  +7.027102e-256  +2.895805e-196  +2.781219e-147  +6.248839e-107  +4.816110e-77  +6.820027e-50  +9.858707e-25  +1.948645e-09  +6.356778e-05  +8.692875e-05  +6.220092e-05  +1.009393e-04  +7.496217e-05  +1.752246e-04  +2.813779e-04  +2.767228e-04  +2.035564e-04  +9.336766e-05  +1.850170e-10  +3.859301e-23  +1.510132e-46  +8.206702e-81  +6.193846e-126  +6.859926e-182  +4.765526e-243  +8.636850e-314  +0.000000e+00  +0.000000e+00  +0.000000e+00 
+0.000000e+00  +0.000000e+00  +3.108815e-264  +7.442163e-209  +2.485212e-164  +6.297544e-118  +5.403748e-80  +3.036436e-51  +3.197522e-32  +1.437661e-18  +6.619034e-07  +3.307528e-04  +1.408732e-04  +7.648643e-05  +1.063300e-04  +6.438511e-05  +7.363670e-05  +3.273662e-04  +1.077911e-04  +2.260372e-05  +9.033966e-05  +2.459226e-08  +1.891237e-22  +2.163965e-47  +9.649609e-83  +3.018889e-116  +8.215223e-160  +3.811680e-213  +2.598889e-276  +0.000000e+00  +0.000000e+00  +0.000000e+00 
+0.000000e+00  +7.492336e-292  +1.291468e-225  +3.091633e-170  +1.027851e-125  +4.745811e-92  +2.643497e-61  +2.951130e-34  +3.198125e-17  +4.095310e-09  +7.207284e-06  +2.596734e-04  +2.291465e-04  +2.602002e-04  +1.411364e-05  +1.775739e-04  +1.670455e-04  +8.503069e-05  +1.740108e-04  +2.742405e-05  +2.302403e-04  +8.704705e-07  +6.664955e-19  +6.029021e-36  +7.914988e-58  +4.201936e-90  +1.064217e-131  +5.588915e-184  +4.090208e-247  +1.057449e-312  +0.000000e+00  +0.000000e+00 
+0.000000e+00  +4.322589e-264  +7.450927e-198  +1.783670e-142  +5.930030e-98  +2.738023e-64  +1.755720e-41  +2.240294e-26  +3.293111e-10  +1.192732e-04  +2.304308e-04  +2.249340e-04  +1.695226e-04  +1.216777e-04  +2.064305e-06  +1.601017e-07  +8.310726e-08  +1.140690e-04  +2.411771e-04  +1.126082e-04  +2.532109e-04  +2.678597e-06  +4.189502e-10  +5.039539e-21  +2.288258e-41  +6.113830e-72  +2.319195e-113  +8.049176e-159  +1.002987e-209  +1.735709e-271  +0.000000e+00  +0.000000e+00 
+4.940656e-324  +3.463447e-247  +5.970008e-181  +1.429155e-125  +4.751399e-81  +2.193824e-47  +1.406760e-24  +1.252783e-12  +2.499727e-07  +1.384151e-04  +1.212128e-04  +1.091684e-04  +4.688637e-05  +6.626752e-05  +3.028385e-05  +3.602919e-04  +1.072938e-05  +6.901093e-05  +1.041141e-04  +3.051706e-04  +1.405077e-04  +1.255946e-04  +2.814813e-05  +3.457879e-14  +6.794903e-34  +3.165450e-59  +2.045035e-88  +1.834876e-128  +2.286391e-179  +3.956691e-241  +9.509373e-314  +0.000000e+00 
+3.105153e-318  +3.853995e-241  +6.643203e-175  +1.590310e-119  +5.287180e-75  +2.441205e-41  +1.565395e-18  +1.394426e-06  +4.297803e-05  +1.857092e-04  +6.372512e-05  +1.649112e-04  +1.587104e-04  +1.456042e-04  +1.121540e-04  +8.059871e-05  +1.190498e-04  +1.513930e-04  +6.177103e-05  +1.960561e-04  +1.483690e-04  +2.154441e-04  +1.498748e-05  +2.985219e-12  +2.154251e-21  +1.002135e-39  +6.474319e-69  +5.808980e-109  +7.238419e-160  +1.252638e-221  +3.010545e-294  +0.000000e+00 
+4.940656e-323  +5.955959e-246  +1.026640e-179  +2.457746e-124  +8.190262e-80  +4.411003e-46  +3.150130e-22  +1.842309e-08  +1.712004e-05  +1.666568e-06  +1.217708e-04  +2.594068e-04  +6.239276e-05  +2.233936e-04  +1.322479e-04  +3.604682e-07  +2.525689e-05  +2.901373e-04  +1.143287e-04  +5.260321e-04  +1.132003e-04  +5.532773e-05  +6.401167e-05  +2.828711e-05  +9.471691e-13  +4.406131e-31  +2.846592e-60  +2.554060e-100  +3.182548e-151  +5.507527e-213  +1.323660e-285  +0.000000e+00 
+3.998037e-312  +2.179245e-238  +8.036300e-174  +4.678640e-120  +3.784109e-77  +4.384950e-45  +2.699146e-22  +7.152078e-09  +7.939628e-06  +1.978073e-04  +1.146633e-04  +1.415724e-05  +1.446852e-04  +8.694882e-05  +3.103617e-05  +3.844803e-04  +7.879535e-05  +1.990931e-04  +1.014965e-04  +8.307628e-05  +3.034694e-04  +3.346309e-05  +8.296974e-06  +7.482224e-06  +6.118013e-15  +2.690675e-33  +1.738179e-62  +1.559554e-102  +1.943319e-153  +3.362992e-215  +8.082496e-288  +0.000000e+00 
+5.071625e-294  +3.394849e-221  +3.155963e-159  +4.074768e-108  +7.468346e-68  +2.000101e-37  +2.834096e-16  +6.153095e-06  +2.431145e-05  +1.687440e-07  +8.491978e-05  +9.290822e-05  +2.703450e-04  +1.462530e-04  +4.007138e-05  +2.181384e-06  +1.233359e-04  +5.581693e-05  +3.437226e-04  +8.913489e-05  +1.791515e-04  +1.387270e-04  +6.024705e-05  +8.795192e-09  +2.805639e-22  +1.248311e-44  +1.582336e-75  +1.322670e-115  +1.647977e-166  +2.851891e-228  +6.854135e-301  +0.000000e+00 
+9.078901e-287  +6.077244e-214  +5.649604e-152  +7.294026e-101  +1.307840e-60  +3.256805e-31  +1.129643e-12  +7.154500e-05  +6.411366e-05  +3.170412e-07  +1.549113e-04  +1.513453e-04  +1.172940e-04  +3.988059e-05  +1.930543e-04  +2.170740e-05  +3.613281e-04  +8.599002e-05  +1.085261e-04  +2.137615e-04  +5.417459e-05  +4.855830e-07  +4.815903e-05  +3.501515e-07  +1.036490e-18  +5.632651e-41  +4.268236e-74  +4.492044e-118  +6.565650e-173  +1.332752e-238  +3.757155e-315  +0.000000e+00 
+2.257134e-290  +1.510883e-217  +1.404566e-155  +1.813391e-104  +3.251462e-64  +8.096847e-35  +3.023814e-16  +3.257471e-06  +7.911520e-05  +7.841612e-05  +7.810160e-05  +1.170719e-04  +7.930767e-05  +1.106888e-05  +1.801582e-04  +5.252843e-05  +1.928057e-04  +6.133613e-05  +9.169699e-05  +1.130773e-04  +8.309266e-05  +1.370293e-04  +2.173511e-04  +6.520312e-08  +2.357336e-19  +1.286234e-41  +9.747151e-75  +1.025826e-118  +1.499365e-173  +3.043540e-239  +8.580028e-316  +0.000000e+00 
+7.793265e-305  +5.216664e-232  +4.849581e-170  +6.261635e-119  +1.377652e-78  +1.831840e-46  +1.822388e-24  +2.598678e-13  +3.632586e-08  +1.012125e-05  +1.287603e-04  +1.194424e-04  +1.599883e-04  +1.178189e-04  +2.573106e-04  +7.570459e-05  +1.087300e-04  +1.146344e-04  +8.268059e-05  +8.214451e-05  +2.744614e-05  +1.157056e-05  +9.262343e-09  +3.501143e-13  +2.519608e-28  +4.329759e-53  +3.091363e-86  +3.253427e-130  +4.755266e-185  +9.652649e-251  +0.000000e+00  +0.000000e+00 
+0.000000e+00  +2.502017e-257  +3.827719e-195  +5.589499e-141  +2.885128e-97  +2.069326e-64  +2.061597e-42  +1.074096e-30  +1.282560e-19  +4.855794e-15  +1.633680e-09  +3.155735e-07  +1.298326e-04  +1.286944e-04  +1.489226e-04  +1.496081e-04  +6.375420e-05  +1.572537e-04  +3.463013e-05  +1.054482e-10  +1.270220e-10  +1.689497e-15  +2.775123e-21  +3.403889e-28  +2.443408e-43  +2.435930e-69  +3.386262e-106  +1.497852e-152  +2.094517e-207  +4.251595e-273  +0.000000e+00  +0.000000e+00 
+0.000000e+00  +8.817137e-290  +2.360451e-224  +8.777737e-170  +4.533232e-126  +3.251410e-93  +3.239430e-71  +9.979491e-55  +5.977077e-41  +6.742303e-31  +3.714631e-25  +3.571994e-11  +2.393131e-06  +1.560839e-05  +1.232186e-07  +4.671483e-08  +2.249994e-06  +5.417613e-06  +3.509874e-08  +3.406542e-17  +2.076243e-26  +5.507697e-36  +1.623187e-43  +4.600144e-54  +3.300570e-69  +3.290466e-95  +4.555790e-132  +8.760089e-180  +2.352136e-238  +2.687489e-306  +0.000000e+00  +0.000000e+00 
+0.000000e+00  +0.000000e+00  +5.150816e-264  +1.915418e-209  +9.892111e-166  +7.095004e-133  +3.245041e-110  +4.000275e-87  +4.440904e-73  +1.668714e-57  +5.457796e-39  +1.361890e-23  +1.611923e-16  +2.535544e-14  +3.675626e-20  +5.694010e-22  +2.828338e-17  +1.846362e-16  +1.004813e-21  +7.200430e-31  +1.251860e-50  +2.581378e-63  +3.281960e-75  +1.429308e-90  +6.191841e-106  +6.172886e-132  +8.546625e-169  +1.643384e-216  +4.388552e-275  +0.000000e+00  +0.000000e+00  +0.000000e+00 
+0.000000e+00  +0.000000e+00  +1.560971e-314  +5.804736e-260  +2.997836e-216  +2.150471e-183  +5.393361e-155  +3.625815e-130  +1.844776e-111  +1.680107e-88  +1.672610e-62  +3.595447e-46  +3.995685e-36  +6.471638e-34  +5.194057e-42  +1.984984e-46  +4.982152e-39  +8.759755e-38  +2.640269e-45  +2.128440e-55  +3.644960e-75  +8.138350e-101  +1.311229e-117  +2.581933e-135  +1.613203e-153  +1.608263e-179  +2.226709e-216  +4.281617e-264  +1.136351e-322  +0.000000e+00  +0.000000e+00  +0.000000e+00 
+0.000000e+00  +0.000000e+00  +0.000000e+00  +2.440684e-321  +1.261725e-277  +6.256110e-244  +6.496478e-209  +4.571090e-184  +1.900118e-159  +4.465758e-123  +5.271429e-96  +2.732521e-79  +1.417079e-66  +2.295259e-64  +5.218129e-73  +5.490372e-80  +1.231771e-71  +5.772816e-70  +1.419776e-77  +8.888486e-91  +1.479733e-110  +3.584256e-141  +3.440260e-170  +3.483059e-189  +5.843161e-212  +5.819208e-238  +8.056943e-275  +1.531604e-322  +0.000000e+00  +0.000000e+00  +0.000000e+00  +0.000000e+00 
