+0.000000e+00  +0.000000e+00  +0.000000e+00  +0.000000e+00  +0.000000e+00  +0.000000e+00  +4.797209e-304  +6.042118e-259  +1.058033e-224  +2.573080e-201  +8.690512e-189  +4.076387e-187  +2.960259e-196  +3.681247e-211  +6.175034e-236  +4.686327e-269  +3.371341e-292  +0.000000e+00  +0.000000e+00  +0.000000e+00  +0.000000e+00  +0.000000e+00  +0.000000e+00  +0.000000e+00  +0.000000e+00  +0.000000e+00  +0.000000e+00  +0.000000e+00  +0.000000e+00  +0.000000e+00  +0.000000e+00  +0.000000e+00 
+0.000000e+00  +0.000000e+00  +0.000000e+00  +0.000000e+00  +0.000000e+00  +8.311920e-292  +2.301440e-244  +1.564565e-201  +2.736227e-167  +6.654248e-144  +2.247455e-131  +1.054197e-129  +2.173232e-138  +1.795451e-152  +3.011762e-177  +3.709711e-201  +1.063409e-223  +3.460769e-253  +2.446221e-279  +2.307392e-311  +0.000000e+00  +0.000000e+00  +0.000000e+00  +0.000000e+00  +0.000000e+00  +0.000000e+00  +0.000000e+00  +0.000000e+00  +0.000000e+00  +0.000000e+00  +0.000000e+00  +0.000000e+00 
+0.000000e+00  +0.000000e+00  +0.000000e+00  +0.000000e+00  +7.202434e-297  +1.427434e-238  +3.928898e-191  +2.131926e-154  +9.842630e-121  +2.389963e-97  +8.071878e-85  +3.786323e-83  +1.031558e-90  +1.216166e-104  +5.761996e-129  +1.460196e-143  +5.632838e-166  +1.783294e-189  +2.975467e-213  +4.779592e-242  +6.684101e-264  +6.264138e-295  +0.000000e+00  +0.000000e+00  +0.000000e+00  +0.000000e+00  +0.000000e+00  +0.000000e+00  +0.000000e+00  +0.000000e+00  +0.000000e+00  +0.000000e+00 
+0.000000e+00  +0.000000e+00  +0.000000e+00  +9.881313e-324  +1.717797e-254  +3.404464e-196  +9.370515e-149  +3.581926e-112  +5.819719e-85  +1.194344e-61  +4.026304e-49  +1.889628e-47  +9.484279e-54  +1.144063e-67  +8.099211e-84  +8.849710e-97  +3.715991e-116  +2.886791e-134  +3.124463e-156  +1.265311e-178  +8.538149e-199  +8.001695e-230  +1.041450e-271  +5.434722e-323  +0.000000e+00  +0.000000e+00  +0.000000e+00  +0.000000e+00  +0.000000e+00  +0.000000e+00  +0.000000e+00  +0.000000e+00 
+0.000000e+00  +0.000000e+00  +0.000000e+00  +1.723663e-288  +6.941233e-223  +1.127676e-164  +3.103803e-117  +1.186443e-80  +6.299014e-55  +9.745476e-37  +2.795464e-24  +1.322501e-22  +1.237558e-27  +1.514377e-41  +5.466626e-49  +7.795059e-61  +2.526433e-76  +6.563601e-90  +1.207061e-108  +2.244620e-124  +1.514685e-144  +1.419517e-175  +3.644472e-217  +7.353031e-262  +3.156843e-315  +0.000000e+00  +0.000000e+00  +0.000000e+00  +0.000000e+00  +0.000000e+00  +0.000000e+00  +0.000000e+00 
+0.000000e+00  +0.000000e+00  +0.000000e+00  +6.176238e-259  +4.484918e-194  +4.523480e-140  +2.061259e-96  +5.457895e-60  +2.897384e-34  +2.150425e-19  +3.266073e-10  +1.520255e-08  +2.245280e-12  +7.896567e-20  +3.901150e-24  +2.080494e-33  +1.760221e-43  +2.330917e-55  +2.187135e-71  +5.530172e-81  +3.731805e-101  +3.616038e-132  +3.497274e-167  +4.248171e-210  +1.588443e-259  +5.254190e-316  +0.000000e+00  +0.000000e+00  +0.000000e+00  +0.000000e+00  +0.000000e+00  +0.000000e+00 
+0.000000e+00  +0.000000e+00  +5.879517e-316  +3.074214e-240  +2.232362e-175  +2.251298e-121  +3.153111e-78  +6.133498e-46  +3.507818e-24  +1.365398e-09  +2.233652e-05  +9.283449e-05  +1.451512e-07  +4.431291e-07  +7.520300e-10  +2.113765e-15  +7.679865e-21  +1.608312e-29  +4.013991e-39  +1.892227e-48  +1.278405e-68  +3.208401e-94  +1.137927e-126  +2.907131e-165  +7.861734e-212  +2.228469e-255  +8.801333e-310  +0.000000e+00  +0.000000e+00  +0.000000e+00  +0.000000e+00  +0.000000e+00 
+0.000000e+00  +0.000000e+00  +4.064337e-308  +2.125114e-232  +1.543166e-167  +1.556256e-113  +2.179662e-70  +4.239816e-38  +1.145636e-16  +4.308150e-06  +7.645203e-05  +3.589113e-05  +1.010532e-04  +1.630285e-04  +1.310863e-04  +5.856714e-07  +1.223305e-08  +2.367348e-14  +1.856029e-17  +8.992340e-27  +5.678429e-43  +6.319474e-65  +1.026203e-92  +2.758455e-129  +4.616569e-162  +1.312875e-205  +5.185195e-260  +0.000000e+00  +0.000000e+00  +0.000000e+00  +0.000000e+00  +0.000000e+00 
+0.000000e+00  +0.000000e+00  +3.902194e-311  +2.041654e-235  +1.491709e-170  +1.593277e-116  +3.442605e-73  +2.980576e-40  +6.979161e-18  +2.571031e-06  +1.788516e-04  +7.563322e-05  +4.198241e-04  +4.160885e-04  +3.557275e-04  +1.966404e-04  +1.206419e-04  +3.619538e-05  +1.225837e-06  +2.010569e-13  +7.796164e-25  +6.986810e-42  +3.564177e-67  +1.844631e-90  +3.777234e-123  +1.074182e-166  +4.242479e-221  +2.327017e-286  +0.000000e+00  +0.000000e+00  +0.000000e+00  +0.000000e+00 
+0.000000e+00  +0.000000e+00  +5.952285e-316  +3.560528e-239  +2.957901e-173  +3.412647e-118  +5.468162e-74  +1.217105e-40  +3.784527e-18  +1.883104e-06  +1.888320e-04  +2.154985e-04  +2.344048e-04  +3.530548e-04  +2.234575e-04  +2.265797e-04  +1.077014e-04  +1.183867e-04  +2.024640e-04  +2.296098e-06  +9.175267e-13  +5.764612e-26  +1.422071e-40  +2.096045e-62  +4.292067e-95  +1.220592e-138  +4.820723e-193  +2.644186e-258  +0.000000e+00  +0.000000e+00  +0.000000e+00  +0.000000e+00 
+0.000000e+00  +0.000000e+00  +1.224393e-319  +7.324037e-243  +6.084509e-177  +7.020023e-122  +1.124837e-77  +2.503171e-44  +7.911147e-22  +6.687854e-09  +1.403654e-04  +5.328912e-05  +1.302459e-04  +4.077745e-04  +2.233925e-04  +3.481537e-04  +3.583870e-04  +1.151036e-04  +1.159370e-04  +7.917556e-05  +2.325162e-06  +2.189413e-12  +2.243381e-23  +3.307738e-45  +6.773248e-78  +1.926198e-121  +7.607513e-176  +4.273071e-232  +1.087939e-264  +1.245515e-300  +0.000000e+00  +0.000000e+00 
+0.000000e+00  +0.000000e+00  +1.286703e-296  +2.092883e-257  +1.925547e-191  +2.350763e-134  +6.063203e-87  +3.447846e-50  +3.442092e-24  +5.135403e-09  +1.300252e-04  +1.769591e-04  +2.970413e-04  +2.793023e-04  +3.423255e-04  +2.015850e-04  +3.423306e-04  +1.791204e-04  +2.471130e-04  +2.963663e-04  +5.579948e-05  +4.632101e-06  +4.916675e-17  +7.249357e-39  +1.484449e-71  +1.178577e-110  +1.462664e-143  +2.412688e-176  +1.884549e-201  +2.046938e-232  +7.275523e-267  +3.591418e-312 
+3.263022e-318  +1.496071e-268  +9.526266e-230  +8.586711e-202  +3.279680e-182  +3.892299e-141  +2.222043e-93  +1.761720e-56  +1.939829e-30  +3.891403e-15  +1.651158e-06  +9.664057e-05  +3.933096e-05  +9.000775e-05  +4.981965e-04  +4.003475e-04  +4.160593e-04  +2.165383e-04  +2.571406e-04  +2.993112e-04  +1.808286e-04  +4.074416e-07  +1.017449e-19  +6.728302e-35  +1.083469e-54  +9.656620e-77  +2.230493e-109  +5.804195e-124  +4.881654e-149  +8.906481e-174  +3.165701e-208  +1.562686e-253 
+3.355174e-262  +1.538321e-212  +9.795283e-174  +8.668752e-146  +1.438244e-127  +3.721746e-117  +1.796459e-110  +1.424433e-73  +2.714209e-44  +7.536117e-21  +3.012063e-08  +1.976885e-06  +1.099048e-09  +9.393551e-06  +3.098761e-04  +8.637277e-05  +4.527500e-04  +4.035069e-04  +6.187825e-04  +1.837431e-04  +2.296915e-04  +3.271198e-05  +1.472165e-09  +2.391075e-20  +1.229758e-31  +1.099048e-53  +3.447882e-68  +1.939192e-82  +2.102941e-102  +5.382075e-126  +1.912994e-160  +9.443114e-206 
+4.791239e-217  +2.196746e-167  +1.398781e-128  +1.237003e-100  +2.272683e-83  +2.105891e-73  +8.171577e-74  +4.404607e-85  +5.267677e-55  +1.538834e-31  +6.243164e-19  +3.528756e-17  +1.370678e-18  +4.083431e-08  +7.515696e-05  +9.757642e-05  +4.949286e-04  +4.949135e-04  +3.621133e-04  +6.758440e-05  +1.948868e-04  +1.266544e-04  +2.708129e-05  +3.079223e-08  +1.996028e-19  +2.215352e-33  +1.599812e-37  +9.957036e-52  +1.764841e-65  +4.516805e-89  +1.605444e-123  +7.924955e-169 
+9.502076e-183  +4.356628e-133  +2.774089e-94  +2.453176e-66  +3.072033e-49  +1.659606e-40  +6.420691e-41  +3.988020e-52  +1.267214e-56  +3.899356e-47  +1.824387e-27  +2.849981e-16  +2.792843e-08  +1.517456e-05  +2.333684e-04  +2.182240e-04  +3.541958e-04  +4.141995e-04  +3.083318e-04  +1.502027e-04  +2.404890e-04  +7.062417e-05  +2.252495e-04  +1.690234e-05  +1.564745e-09  +2.552303e-14  +1.030931e-17  +1.116361e-26  +2.056956e-39  +5.264424e-63  +1.871176e-97  +9.236690e-143 
+2.617141e-159  +1.199939e-109  +7.640626e-71  +6.756734e-43  +8.304637e-26  +1.946930e-18  +7.006603e-19  +1.037741e-26  +2.024303e-29  +5.840191e-25  +3.214751e-15  +7.510570e-07  +8.629297e-06  +9.833659e-07  +3.376531e-06  +1.960080e-04  +4.130544e-04  +1.714324e-04  +2.460674e-04  +1.433156e-04  +3.014989e-04  +2.440995e-04  +1.547655e-04  +4.308745e-05  +4.196997e-05  +2.655921e-05  +3.104537e-08  +1.806761e-11  +3.329527e-24  +8.521350e-48  +3.028811e-82  +1.495112e-127 
+1.001091e-146  +4.589925e-97  +2.922641e-58  +2.584541e-30  +3.174261e-13  +8.149982e-07  +1.159053e-07  +1.859153e-10  +4.504953e-13  +6.477221e-10  +2.764733e-06  +2.480664e-04  +1.592196e-04  +1.178628e-04  +3.409163e-04  +3.684904e-04  +3.594646e-04  +2.643779e-04  +1.604170e-04  +2.184623e-04  +7.033115e-05  +4.175596e-04  +1.883968e-04  +1.096692e-04  +9.864957e-05  +1.100996e-04  +7.392014e-05  +4.120123e-07  +7.619200e-20  +1.958441e-43  +6.998392e-78  +3.477576e-123 
+5.318121e-145  +2.438317e-95  +1.552602e-56  +1.372992e-28  +1.686220e-11  +2.933644e-05  +8.248967e-05  +6.124653e-05  +1.220540e-05  +5.731650e-05  +3.019428e-04  +4.105622e-04  +2.568397e-04  +2.495789e-04  +2.301770e-04  +2.913248e-04  +1.402539e-04  +2.535535e-04  +3.525789e-04  +2.528066e-04  +3.118394e-05  +2.612901e-04  +3.323716e-04  +3.123186e-05  +5.861940e-06  +2.884143e-08  +4.380554e-06  +7.238309e-08  +1.661052e-20  +5.293800e-44  +2.343094e-78  +1.440290e-123 
+3.923564e-154  +1.798923e-104  +1.145467e-65  +1.012956e-37  +1.244045e-20  +2.123663e-14  +3.450193e-09  +9.158593e-05  +4.254715e-05  +1.268846e-04  +9.728474e-05  +4.700924e-04  +6.193827e-04  +4.872397e-04  +3.333101e-04  +3.254131e-04  +4.843583e-04  +3.510945e-04  +1.918667e-04  +1.976377e-04  +6.968611e-05  +3.725654e-04  +1.505909e-04  +7.350652e-05  +2.608555e-06  +6.255381e-17  +7.516728e-16  +1.242045e-17  +2.850255e-30  +9.083809e-54  +4.020594e-88  +2.471442e-133 
+4.020139e-174  +1.843203e-124  +1.173662e-85  +1.037889e-57  +1.274667e-40  +1.046617e-33  +1.268403e-15  +7.429037e-08  +3.460853e-05  +1.591825e-04  +2.783614e-04  +2.978359e-04  +1.996930e-04  +2.754112e-04  +5.368034e-04  +1.803555e-04  +2.221697e-04  +2.104071e-04  +6.764907e-05  +5.436244e-05  +2.726906e-04  +9.942681e-05  +5.245699e-06  +1.213925e-05  +2.322400e-08  +6.253803e-19  +1.791533e-36  +2.959894e-38  +6.792389e-51  +2.164746e-74  +9.581404e-109  +5.889649e-154 
+5.720573e-205  +2.622838e-155  +1.670096e-116  +1.476894e-88  +1.813827e-71  +9.576574e-48  +4.034508e-29  +5.935487e-21  +1.363839e-11  +4.403751e-07  +6.841693e-05  +5.004169e-04  +4.111474e-04  +2.398179e-04  +3.964388e-04  +3.450432e-04  +9.107925e-05  +4.668552e-05  +4.410656e-05  +1.675205e-04  +2.463362e-06  +2.571607e-07  +1.250334e-13  +2.108583e-14  +3.410372e-21  +8.690164e-32  +3.271459e-53  +9.796095e-70  +2.248016e-82  +7.164464e-106  +3.171071e-140  +1.949244e-185 
+1.130514e-246  +5.183317e-197  +3.300485e-158  +2.918674e-130  +1.395336e-101  +4.232738e-72  +1.783220e-53  +3.300818e-39  +7.391501e-18  +3.507585e-07  +1.661495e-04  +2.022095e-04  +2.329455e-04  +1.812417e-04  +1.370753e-04  +9.718133e-05  +4.212688e-05  +3.675260e-06  +2.771465e-11  +1.954343e-11  +1.486468e-16  +3.355947e-20  +1.833951e-27  +6.313629e-34  +4.298481e-43  +1.677091e-55  +6.313387e-77  +3.305268e-109  +1.033271e-124  +3.293051e-148  +1.457541e-182  +8.959443e-228 
+3.102774e-299  +1.422598e-249  +9.058411e-211  +3.921249e-177  +8.565015e-137  +2.598189e-107  +1.498255e-82  +3.585053e-50  +1.280940e-27  +3.608483e-12  +1.282877e-04  +8.886152e-05  +1.845940e-04  +1.575507e-04  +7.335991e-05  +1.136790e-04  +2.522779e-06  +1.312493e-10  +8.792706e-24  +7.034013e-29  +5.419625e-35  +6.086658e-44  +3.323284e-51  +2.625885e-64  +1.744993e-73  +4.497423e-90  +1.692082e-111  +8.846544e-144  +6.595791e-178  +2.102089e-201  +9.304081e-236  +5.719179e-281 
+0.000000e+00  +5.422435e-313  +5.578160e-274  +3.342803e-223  +7.301555e-183  +2.972784e-147  +1.138742e-97  +1.752887e-58  +3.747396e-30  +1.116645e-12  +2.056084e-05  +1.199830e-04  +1.037962e-04  +7.669808e-05  +3.619291e-05  +1.128784e-04  +1.005877e-06  +1.807607e-18  +1.296854e-37  +6.563112e-57  +6.664515e-64  +1.761726e-78  +8.363880e-86  +6.561033e-104  +1.007907e-114  +1.097987e-134  +6.298227e-157  +3.292839e-189  +2.390896e-232  +1.863554e-265  +8.248295e-300  +0.000000e+00 
+0.000000e+00  +0.000000e+00  +0.000000e+00  +3.957637e-280  +1.512617e-219  +1.207208e-158  +1.339912e-108  +5.175519e-69  +7.242397e-38  +2.335072e-17  +1.046352e-07  +1.038521e-04  +4.857498e-05  +4.728460e-06  +9.700158e-06  +1.339424e-05  +2.393872e-10  +1.025705e-23  +6.483497e-48  +1.970283e-82  +2.068297e-103  +1.197669e-119  +2.923385e-131  +2.240233e-149  +8.085164e-167  +7.461920e-187  +3.255865e-213  +1.702180e-245  +1.235935e-288  +0.000000e+00  +0.000000e+00  +0.000000e+00 
+0.000000e+00  +0.000000e+00  +0.000000e+00  +4.305170e-313  +8.595712e-241  +5.315714e-177  +6.399835e-124  +1.070470e-81  +2.486672e-50  +8.023827e-30  +7.234523e-16  +4.865880e-09  +4.359079e-07  +6.460447e-07  +6.504877e-11  +2.296291e-10  +1.127063e-20  +5.392710e-37  +3.204381e-61  +2.644406e-96  +3.031577e-142  +1.788649e-170  +1.419065e-187  +1.087450e-205  +9.007427e-230  +8.312884e-250  +3.402874e-280  +1.222020e-312  +0.000000e+00  +0.000000e+00  +0.000000e+00  +0.000000e+00 
+0.000000e+00  +0.000000e+00  +0.000000e+00  +0.000000e+00  +2.923546e-264  +2.535362e-200  +3.053571e-147  +5.107566e-105  +1.186784e-73  +1.081966e-48  +5.221315e-31  +3.525344e-24  +2.445260e-19  +3.864965e-18  +2.226000e-26  +7.427444e-26  +3.641384e-36  +2.479708e-57  +2.343350e-85  +1.933637e-120  +2.216124e-166  +3.527372e-223  +9.568173e-255  +7.331005e-273  +7.941407e-302  +1.482197e-323  +0.000000e+00  +0.000000e+00  +0.000000e+00  +0.000000e+00  +0.000000e+00  +0.000000e+00 
+0.000000e+00  +0.000000e+00  +0.000000e+00  +0.000000e+00  +1.937257e-298  +1.680031e-234  +2.023416e-181  +3.385722e-139  +3.121013e-103  +1.084497e-74  +5.233713e-57  +9.978845e-50  +1.432007e-41  +3.211275e-40  +1.014425e-49  +3.336501e-52  +1.635755e-62  +1.113739e-83  +1.053164e-115  +1.965026e-155  +2.250514e-201  +3.582110e-258  +0.000000e+00  +0.000000e+00  +0.000000e+00  +0.000000e+00  +0.000000e+00  +0.000000e+00  +0.000000e+00  +0.000000e+00  +0.000000e+00  +0.000000e+00 
+0.000000e+00  +0.000000e+00  +0.000000e+00  +0.000000e+00  +0.000000e+00  +1.546082e-279  +1.863053e-226  +1.736419e-179  +4.344628e-140  +1.509719e-111  +7.285810e-94  +2.294958e-84  +1.631268e-74  +3.705508e-73  +1.169460e-82  +2.081522e-89  +1.020488e-99  +6.948211e-121  +6.570160e-153  +8.628162e-196  +3.189739e-247  +5.052013e-304  +0.000000e+00  +0.000000e+00  +0.000000e+00  +0.000000e+00  +0.000000e+00  +0.000000e+00  +0.000000e+00  +0.000000e+00  +0.000000e+00  +0.000000e+00 
+0.000000e+00  +0.000000e+00  +0.000000e+00  +0.000000e+00  +0.000000e+00  +0.000000e+00  +1.863333e-277  +3.357011e-227  +8.399597e-188  +2.918785e-159  +1.408593e-141  +1.275620e-129  +2.613135e-118  +5.938217e-117  +1.874104e-126  +1.803469e-137  +8.841698e-148  +6.020058e-169  +5.692508e-201  +7.475575e-244  +1.363401e-297  +0.000000e+00  +0.000000e+00  +0.000000e+00  +0.000000e+00  +0.000000e+00  +0.000000e+00  +0.000000e+00  +0.000000e+00  +0.000000e+00  +0.000000e+00  +0.000000e+00 
+0.000000e+00  +0.000000e+00  +0.000000e+00  +0.000000e+00  +0.000000e+00  +0.000000e+00  +0.000000e+00  +9.013566e-286  +2.255290e-246  +7.836931e-218  +3.785661e-200  +4.312672e-185  +5.815710e-173  +1.321607e-171  +4.170997e-181  +2.170091e-196  +1.063901e-206  +7.243798e-228  +6.849665e-260  +8.995188e-303  +0.000000e+00  +0.000000e+00  +0.000000e+00  +0.000000e+00  +0.000000e+00  +0.000000e+00  +0.000000e+00  +0.000000e+00  +0.000000e+00  +0.000000e+00  +0.000000e+00  +0.000000e+00 
