+0.000000e+00  +0.000000e+00  +0.000000e+00  +0.000000e+00  +0.000000e+00  +0.000000e+00  +0.000000e+00  +0.000000e+00  +0.000000e+00  +7.493655e-286  +3.623398e-247  +1.043889e-202  +1.678081e-164  +3.746364e-137  +3.718772e-119  +3.274290e-106  +8.572002e-96  +5.281292e-93  +4.518935e-101  +5.437221e-120  +1.068316e-137  +6.362302e-144  +5.267100e-161  +6.069207e-189  +3.826833e-224  +1.508703e-267  +8.250896e-322  +0.000000e+00  +0.000000e+00  +0.000000e+00  +0.000000e+00  +0.000000e+00 
+0.000000e+00  +0.000000e+00  +0.000000e+00  +0.000000e+00  +0.000000e+00  +0.000000e+00  +0.000000e+00  +0.000000e+00  +2.579981e-276  +8.982353e-227  +4.343119e-188  +3.893159e-159  +5.789537e-121  +1.292529e-93  +4.318039e-77  +2.820621e-65  +1.726747e-57  +1.063863e-54  +9.102938e-63  +8.649688e-79  +2.253853e-89  +1.343522e-95  +1.112260e-112  +2.440687e-139  +6.567132e-172  +2.589701e-215  +1.418279e-269  +0.000000e+00  +0.000000e+00  +0.000000e+00  +0.000000e+00  +0.000000e+00 
+0.000000e+00  +0.000000e+00  +0.000000e+00  +0.000000e+00  +0.000000e+00  +0.000000e+00  +0.000000e+00  +1.713228e-288  +4.294878e-228  +1.495287e-178  +7.229962e-140  +4.854959e-112  +2.774041e-88  +6.193115e-61  +1.920559e-44  +3.377312e-35  +4.834972e-30  +2.976248e-27  +2.550478e-35  +2.253470e-46  +6.609882e-52  +3.940153e-58  +3.531563e-75  +5.513490e-98  +1.565524e-130  +6.173530e-174  +3.381003e-228  +2.571552e-293  +0.000000e+00  +0.000000e+00  +0.000000e+00  +0.000000e+00 
+0.000000e+00  +0.000000e+00  +0.000000e+00  +0.000000e+00  +0.000000e+00  +0.000000e+00  +2.173889e-322  +3.960842e-251  +9.929404e-191  +3.456979e-141  +1.671508e-102  +1.122426e-74  +1.046756e-57  +4.121127e-39  +1.277764e-22  +6.163576e-16  +2.585098e-13  +1.156354e-10  +9.625657e-17  +2.041466e-23  +2.692155e-25  +1.605401e-31  +8.941147e-46  +1.825347e-67  +5.183003e-100  +2.043880e-143  +1.119354e-197  +2.933196e-240  +3.351989e-273  +5.319888e-317  +0.000000e+00  +0.000000e+00 
+0.000000e+00  +0.000000e+00  +0.000000e+00  +0.000000e+00  +0.000000e+00  +0.000000e+00  +7.049764e-296  +1.271738e-224  +3.188111e-164  +1.109959e-114  +5.366840e-76  +3.603862e-48  +3.360900e-31  +4.356970e-25  +1.180851e-11  +5.214333e-06  +1.769857e-05  +6.818421e-05  +3.862848e-06  +8.267427e-11  +1.522810e-09  +3.696094e-15  +4.104945e-26  +8.392770e-48  +2.383095e-80  +9.398981e-124  +5.679520e-157  +1.175148e-179  +1.342933e-212  +2.142741e-256  +2.504444e-309  +0.000000e+00 
+0.000000e+00  +0.000000e+00  +0.000000e+00  +0.000000e+00  +0.000000e+00  +3.224115e-279  +9.917086e-235  +4.239502e-201  +1.421810e-148  +4.949615e-99  +2.393157e-60  +1.607006e-32  +1.498667e-15  +1.947451e-09  +1.580923e-11  +5.219592e-05  +7.289071e-05  +1.251992e-04  +9.209502e-05  +7.219298e-05  +1.280986e-04  +1.781164e-06  +2.621251e-17  +5.359240e-39  +1.266849e-68  +2.728409e-87  +7.946213e-108  +6.538561e-130  +7.494388e-163  +3.576604e-205  +7.455964e-256  +2.232624e-317 
+0.000000e+00  +0.000000e+00  +0.000000e+00  +0.000000e+00  +2.411437e-274  +1.440549e-224  +3.066523e-181  +1.310100e-147  +2.026936e-122  +5.383197e-93  +7.507388e-55  +2.086637e-27  +1.202801e-10  +1.548375e-04  +9.018468e-06  +7.936886e-06  +1.315927e-04  +2.403101e-04  +2.395901e-04  +3.381015e-05  +3.019264e-05  +1.321346e-06  +1.389159e-18  +2.984482e-30  +3.378233e-39  +2.801808e-57  +6.140249e-69  +5.060932e-91  +9.962564e-123  +1.457076e-162  +3.141629e-213  +9.407370e-275 
+0.000000e+00  +0.000000e+00  +0.000000e+00  +2.455388e-287  +9.830902e-227  +5.466444e-177  +5.538164e-138  +5.625920e-105  +3.338117e-82  +3.150873e-62  +3.358512e-43  +5.570888e-28  +9.551178e-12  +5.007434e-06  +1.780510e-04  +1.807355e-05  +2.236664e-04  +1.098915e-04  +3.336013e-04  +3.870574e-05  +1.484560e-09  +1.863129e-11  +9.293768e-11  +9.630493e-13  +1.255213e-20  +1.117631e-29  +6.595585e-41  +5.455068e-62  +5.492091e-91  +8.526489e-131  +1.838424e-181  +5.505019e-243 
+0.000000e+00  +0.000000e+00  +4.752912e-321  +1.390196e-250  +5.566072e-190  +3.094995e-140  +2.390069e-101  +5.918443e-73  +1.990789e-50  +2.406918e-38  +1.208602e-23  +5.149391e-14  +1.362684e-07  +1.901663e-07  +1.165179e-06  +1.762163e-04  +1.221149e-04  +2.158266e-04  +1.607449e-04  +3.508799e-04  +7.155015e-05  +1.048393e-04  +6.910062e-05  +4.172986e-05  +4.936059e-09  +1.658455e-12  +5.942313e-23  +3.992738e-41  +4.463355e-70  +6.929451e-110  +1.494081e-160  +4.473912e-222 
+0.000000e+00  +2.749529e-306  +2.795045e-268  +2.437336e-216  +5.719511e-164  +2.433633e-114  +1.879328e-75  +2.015559e-47  +1.949071e-29  +1.358736e-17  +3.192344e-11  +6.149889e-06  +2.146099e-04  +6.443933e-05  +5.141767e-05  +4.707332e-04  +1.908124e-04  +4.021166e-04  +1.349025e-04  +2.445207e-04  +1.965475e-04  +2.284662e-04  +1.350597e-04  +9.929448e-05  +5.832201e-05  +1.309017e-05  +5.598644e-13  +4.506388e-31  +5.037650e-60  +7.821055e-100  +1.686323e-150  +5.049565e-212 
+2.762968e-292  +2.022406e-243  +2.055886e-205  +2.902469e-178  +2.696810e-133  +6.677387e-93  +3.872345e-60  +2.201042e-32  +3.278469e-15  +1.630723e-07  +2.938480e-06  +1.833553e-04  +3.103207e-04  +4.357853e-04  +5.417544e-04  +1.568971e-04  +3.989101e-04  +3.505441e-04  +2.628377e-04  +9.413153e-05  +7.595756e-05  +2.184590e-06  +1.414933e-07  +4.089988e-08  +6.074573e-10  +1.514176e-06  +8.775494e-14  +7.063713e-32  +7.896460e-61  +1.225942e-100  +2.643292e-151  +7.915137e-213 
+2.822435e-240  +2.065934e-191  +2.100134e-153  +2.964937e-126  +5.836969e-110  +5.755486e-72  +1.943161e-42  +7.418000e-23  +2.360543e-10  +1.056362e-04  +4.848966e-05  +3.864442e-04  +2.020264e-04  +2.966315e-04  +1.286456e-04  +3.441136e-04  +1.255769e-04  +2.503834e-04  +2.919655e-04  +9.703588e-05  +3.452688e-04  +4.875384e-07  +5.304195e-19  +3.818662e-22  +7.899312e-22  +3.296025e-18  +1.910355e-25  +1.537714e-43  +1.718996e-72  +2.668777e-112  +5.754235e-163  +1.723062e-224 
+4.004147e-199  +2.930911e-150  +2.979430e-112  +4.206313e-85  +8.247229e-69  +7.242896e-62  +2.369135e-32  +1.110669e-13  +7.680570e-06  +1.176440e-04  +1.924015e-04  +1.283425e-04  +1.468483e-04  +4.396300e-04  +2.051515e-04  +2.934262e-04  +2.990439e-04  +2.739972e-04  +9.489039e-05  +2.787829e-07  +6.463717e-08  +4.306173e-11  +4.916405e-25  +5.088883e-47  +2.387731e-44  +9.964853e-41  +5.775564e-48  +4.648961e-66  +5.197031e-95  +8.068497e-135  +1.739674e-185  +5.209323e-247 
+7.889219e-169  +5.774662e-120  +5.870257e-82  +8.287539e-55  +1.624920e-38  +4.424625e-33  +1.060189e-32  +1.880934e-14  +1.236900e-06  +1.584036e-04  +1.104159e-04  +2.575343e-04  +2.369796e-04  +5.860101e-04  +3.870604e-04  +9.720393e-05  +4.037210e-04  +7.167868e-05  +6.923876e-06  +2.107725e-08  +3.580406e-20  +8.610069e-25  +9.844998e-39  +1.563593e-63  +1.002544e-77  +4.183976e-74  +2.425006e-81  +1.951975e-99  +2.182095e-128  +3.387747e-168  +7.304430e-219  +2.187256e-280 
+2.158718e-149  +1.580115e-100  +1.606272e-62  +2.267710e-35  +4.446251e-19  +1.210705e-13  +1.258955e-13  +1.809915e-10  +2.838263e-09  +7.752345e-08  +1.041182e-04  +1.862501e-04  +2.578838e-04  +2.919918e-04  +4.264987e-04  +2.461519e-04  +3.902740e-04  +2.796786e-04  +4.970555e-05  +1.961091e-12  +2.707721e-28  +2.394644e-49  +2.738431e-63  +4.349210e-88  +5.941946e-122  +2.439751e-118  +1.414064e-125  +1.138231e-143  +1.272418e-172  +1.975456e-212  +4.259343e-263  +0.000000e+00 
+8.203438e-141  +6.004661e-92  +6.104063e-54  +8.617623e-27  +1.689639e-10  +4.601982e-05  +3.366929e-05  +6.229832e-05  +5.420707e-05  +4.534179e-05  +1.085843e-04  +2.548688e-04  +5.396412e-04  +3.266359e-04  +2.152906e-04  +3.797878e-04  +4.228191e-04  +1.556862e-04  +1.218980e-04  +7.374903e-09  +1.513237e-22  +6.710069e-47  +2.578826e-81  +1.178751e-117  +3.705804e-159  +1.975785e-173  +1.145152e-180  +9.217746e-199  +1.030443e-227  +1.599785e-267  +3.449349e-318  +0.000000e+00 
+4.329460e-143  +3.169030e-94  +3.221491e-56  +4.548051e-29  +8.917304e-13  +1.069019e-06  +2.730279e-06  +1.238279e-05  +2.038152e-06  +7.902192e-06  +6.370543e-05  +1.541855e-04  +1.690873e-04  +6.082649e-05  +1.054544e-04  +1.363180e-04  +8.250685e-05  +1.525915e-04  +5.227362e-05  +7.320732e-09  +4.645740e-20  +1.207384e-34  +4.734927e-60  +5.402921e-96  +3.478949e-127  +5.960478e-169  +4.888112e-221  +1.036709e-264  +1.158928e-293  +0.000000e+00  +0.000000e+00  +0.000000e+00 
+3.173289e-156  +2.322748e-107  +2.361200e-69  +3.333506e-42  +6.905716e-26  +8.392189e-16  +2.645175e-15  +1.521884e-15  +8.095207e-18  +2.655687e-11  +4.801712e-05  +1.339228e-04  +2.273255e-04  +2.169706e-04  +3.256039e-04  +4.823920e-04  +1.060868e-04  +1.893475e-04  +5.810632e-05  +2.116469e-05  +1.330750e-09  +3.669377e-24  +5.029055e-45  +4.425963e-65  +5.551442e-96  +6.855370e-136  +6.716821e-185  +9.265991e-245  +1.775249e-315  +0.000000e+00  +0.000000e+00  +0.000000e+00 
+3.230155e-180  +2.364373e-131  +2.403513e-93  +3.396435e-66  +5.222965e-47  +1.183813e-35  +3.731164e-35  +2.605818e-36  +2.307670e-28  +9.361605e-13  +1.204282e-06  +1.419759e-06  +3.117613e-04  +2.360024e-04  +1.235385e-04  +2.049535e-04  +2.458289e-04  +2.485628e-04  +1.535444e-04  +8.630415e-05  +7.214074e-10  +4.187194e-15  +1.086320e-24  +1.457410e-44  +2.541559e-72  +1.816982e-110  +1.804854e-159  +2.489841e-219  +9.383087e-286  +0.000000e+00  +0.000000e+00  +0.000000e+00 
+4.566412e-215  +3.342471e-166  +3.397856e-128  +6.733395e-100  +1.021924e-77  +2.319200e-66  +7.309645e-66  +2.411212e-42  +8.168145e-20  +1.294723e-07  +6.326041e-05  +1.651239e-05  +1.491390e-04  +2.383702e-04  +3.496904e-04  +4.737613e-04  +1.851463e-04  +4.401605e-04  +2.702628e-04  +1.946068e-04  +2.000315e-04  +5.288516e-06  +5.292441e-14  +1.840797e-30  +9.480139e-58  +6.780603e-96  +1.573087e-144  +3.134699e-186  +1.517061e-238  +1.019643e-301  +0.000000e+00  +0.000000e+00 
+8.965299e-261  +6.562321e-212  +8.117013e-174  +1.701502e-141  +2.780428e-119  +6.310028e-108  +7.668760e-72  +4.342178e-39  +3.442339e-17  +3.916280e-06  +3.078805e-05  +8.568306e-07  +1.151091e-04  +6.127768e-05  +2.523239e-04  +1.568079e-04  +2.468281e-04  +3.150285e-04  +1.699409e-04  +1.209971e-04  +2.823678e-04  +1.342656e-04  +2.572773e-10  +9.547061e-27  +5.588230e-54  +8.050310e-78  +2.019966e-108  +7.039051e-150  +3.406632e-202  +2.289766e-265  +0.000000e+00  +0.000000e+00 
+2.444513e-317  +1.795757e-268  +5.465901e-227  +6.429260e-194  +1.113686e-169  +2.589278e-115  +8.440167e-72  +3.820882e-39  +2.402243e-17  +2.099871e-06  +1.123733e-04  +1.319669e-06  +1.412897e-04  +1.441213e-04  +1.521567e-04  +1.326590e-04  +3.859863e-04  +2.595569e-04  +3.550779e-04  +3.480604e-04  +3.529148e-04  +1.250789e-04  +2.397392e-08  +1.478887e-19  +1.389568e-32  +2.510708e-52  +6.301579e-83  +2.199206e-124  +1.073909e-176  +9.821737e-240  +6.978892e-311  +0.000000e+00 
+0.000000e+00  +0.000000e+00  +2.867386e-290  +2.138281e-237  +3.613699e-172  +8.481586e-118  +2.764650e-74  +1.251530e-41  +7.868399e-20  +9.973512e-09  +2.029400e-04  +8.590304e-06  +4.180052e-04  +3.146364e-04  +1.026358e-04  +1.704792e-04  +2.887469e-04  +3.143461e-04  +4.603713e-04  +4.253165e-04  +2.863616e-04  +2.851598e-04  +4.621129e-05  +4.645614e-09  +6.083373e-18  +1.150628e-37  +4.180521e-68  +7.172383e-108  +8.443283e-156  +1.149979e-213  +2.196677e-282  +0.000000e+00 
+0.000000e+00  +0.000000e+00  +0.000000e+00  +9.728331e-251  +1.644090e-185  +3.858786e-131  +1.263421e-87  +1.631443e-52  +6.544866e-26  +3.661003e-10  +3.286746e-05  +3.583717e-05  +3.322763e-05  +1.378337e-04  +1.421931e-04  +1.291298e-04  +1.750928e-04  +3.031604e-04  +2.959673e-04  +1.095304e-04  +2.698879e-04  +1.762481e-04  +1.204096e-04  +8.261708e-05  +2.039527e-12  +1.944703e-29  +5.672499e-55  +4.041017e-91  +4.002176e-138  +5.504785e-196  +1.051532e-264  +0.000000e+00 
+0.000000e+00  +0.000000e+00  +0.000000e+00  +6.251987e-275  +1.140275e-206  +1.713765e-147  +3.580362e-99  +1.038820e-61  +4.185930e-35  +2.362891e-19  +2.106291e-10  +3.359385e-05  +1.470354e-04  +1.298638e-04  +3.802566e-05  +1.291516e-04  +1.120075e-04  +2.042130e-04  +7.627803e-06  +1.633006e-04  +2.273211e-04  +1.363102e-06  +1.637104e-04  +1.759758e-04  +2.065005e-08  +7.376304e-23  +3.769917e-48  +2.686745e-84  +2.660701e-131  +3.659614e-189  +6.990638e-258  +0.000000e+00 
+0.000000e+00  +0.000000e+00  +0.000000e+00  +9.349793e-297  +1.012749e-226  +1.523489e-167  +3.182841e-119  +9.234821e-82  +3.722998e-55  +1.712180e-36  +1.698955e-17  +9.310734e-09  +2.190780e-06  +1.425255e-04  +4.562909e-06  +5.262622e-05  +9.545486e-07  +8.380253e-05  +9.456445e-05  +3.798125e-05  +4.337509e-06  +5.539277e-12  +5.493264e-07  +5.079208e-05  +3.004892e-11  +2.033828e-26  +4.411225e-52  +2.569508e-88  +2.468359e-135  +3.381012e-193  +6.454854e-262  +0.000000e+00 
+0.000000e+00  +0.000000e+00  +0.000000e+00  +0.000000e+00  +1.250339e-257  +1.880898e-198  +3.929533e-150  +1.140162e-112  +7.149537e-82  +2.026802e-51  +7.998191e-32  +5.146114e-16  +1.324710e-06  +1.148701e-04  +9.794465e-06  +3.265714e-05  +8.453819e-12  +2.889181e-11  +6.150676e-12  +5.470465e-14  +3.365114e-17  +3.958275e-23  +1.722342e-15  +2.072104e-12  +3.496897e-20  +1.460904e-38  +4.456886e-65  +4.530670e-102  +8.738975e-150  +5.362322e-208  +8.539505e-277  +0.000000e+00 
+0.000000e+00  +0.000000e+00  +0.000000e+00  +0.000000e+00  +2.143836e-299  +3.224996e-240  +6.737604e-192  +2.279448e-148  +4.663564e-107  +1.368937e-76  +5.842388e-47  +1.081121e-26  +3.173016e-17  +5.132968e-12  +2.569754e-15  +7.207286e-13  +3.459667e-21  +1.611309e-28  +5.557318e-30  +1.111375e-33  +5.386697e-39  +4.367647e-45  +9.966758e-34  +1.210681e-30  +2.042438e-38  +4.785308e-57  +1.585987e-86  +2.835797e-125  +3.673946e-173  +6.836290e-232  +1.877020e-301  +0.000000e+00 
+0.000000e+00  +0.000000e+00  +0.000000e+00  +0.000000e+00  +0.000000e+00  +7.679469e-293  +1.404912e-236  +2.069667e-184  +1.375772e-141  +1.279315e-99  +1.704603e-68  +3.154364e-48  +3.167987e-36  +4.099087e-30  +7.221638e-34  +2.239055e-31  +1.074322e-39  +1.255303e-56  +6.973441e-59  +4.643060e-64  +4.780087e-70  +9.912241e-77  +8.087482e-63  +9.824141e-60  +1.657348e-67  +3.883032e-86  +1.263473e-115  +5.712033e-156  +6.926878e-207  +6.164311e-266  +0.000000e+00  +0.000000e+00 
+0.000000e+00  +0.000000e+00  +0.000000e+00  +0.000000e+00  +0.000000e+00  +0.000000e+00  +1.771573e-283  +7.821412e-227  +5.403070e-174  +5.183803e-132  +6.907077e-101  +1.315789e-80  +3.516663e-65  +4.561751e-59  +3.617986e-63  +9.660418e-61  +4.635169e-69  +3.088682e-88  +1.215277e-98  +2.867187e-104  +1.830576e-111  +1.042026e-116  +9.114150e-103  +1.107127e-99  +1.867741e-107  +4.375964e-126  +1.423865e-155  +6.434309e-196  +4.038104e-247  +3.597499e-309  +0.000000e+00  +0.000000e+00 
+0.000000e+00  +0.000000e+00  +0.000000e+00  +0.000000e+00  +0.000000e+00  +0.000000e+00  +0.000000e+00  +4.401286e-270  +3.040531e-217  +2.917140e-175  +3.886907e-144  +5.891197e-122  +5.435401e-105  +7.050706e-99  +2.945655e-103  +5.788486e-101  +2.777375e-109  +1.850726e-128  +2.941655e-149  +6.658094e-155  +9.851015e-164  +1.630849e-167  +1.426451e-153  +1.732759e-150  +2.923192e-158  +6.848801e-177  +2.228485e-206  +1.007031e-246  +6.319951e-298  +0.000000e+00  +0.000000e+00  +0.000000e+00 
+0.000000e+00  +0.000000e+00  +0.000000e+00  +0.000000e+00  +0.000000e+00  +0.000000e+00  +0.000000e+00  +4.940656e-324  +2.376273e-271  +2.279839e-229  +3.056309e-198  +1.249136e-172  +1.166731e-155  +1.513463e-149  +4.120782e-154  +4.816948e-152  +2.311222e-160  +1.540101e-179  +1.524222e-209  +2.235816e-216  +7.362761e-227  +3.544805e-229  +3.100528e-215  +3.766317e-212  +6.353838e-220  +1.488652e-238  +4.843824e-268  +2.188877e-308  +0.000000e+00  +0.000000e+00  +0.000000e+00  +0.000000e+00 
