+0.000000e+00  +0.000000e+00  +0.000000e+00  +0.000000e+00  +0.000000e+00  +0.000000e+00  +5.705680e-300  +6.545262e-276  +1.044810e-262  +2.316250e-260  +5.735099e-253  +3.534013e-246  +3.024359e-250  +3.594484e-265  +5.933045e-291  +0.000000e+00  +0.000000e+00  +0.000000e+00  +0.000000e+00  +0.000000e+00  +0.000000e+00  +0.000000e+00  +0.000000e+00  +0.000000e+00  +0.000000e+00  +0.000000e+00  +0.000000e+00  +0.000000e+00  +0.000000e+00  +0.000000e+00  +0.000000e+00  +0.000000e+00 
+0.000000e+00  +0.000000e+00  +0.000000e+00  +0.000000e+00  +1.498020e-294  +6.532294e-258  +1.754324e-230  +7.019528e-207  +1.120516e-193  +2.484084e-191  +5.546771e-186  +3.417964e-179  +2.925046e-183  +3.476449e-198  +5.738216e-224  +1.315394e-260  +4.187675e-308  +0.000000e+00  +0.000000e+00  +0.000000e+00  +0.000000e+00  +0.000000e+00  +0.000000e+00  +0.000000e+00  +0.000000e+00  +0.000000e+00  +0.000000e+00  +0.000000e+00  +0.000000e+00  +0.000000e+00  +0.000000e+00  +0.000000e+00 
+0.000000e+00  +0.000000e+00  +4.352197e-316  +1.394802e-266  +6.208040e-228  +9.275051e-197  +1.624028e-169  +1.045546e-148  +1.668925e-135  +3.699858e-133  +7.450363e-130  +4.590972e-123  +3.928890e-127  +4.669529e-142  +7.707511e-168  +1.766824e-204  +1.703802e-251  +2.883310e-257  +2.052129e-268  +3.290777e-287  +4.827691e-312  +0.000000e+00  +0.000000e+00  +0.000000e+00  +0.000000e+00  +0.000000e+00  +0.000000e+00  +0.000000e+00  +0.000000e+00  +0.000000e+00  +0.000000e+00  +0.000000e+00 
+0.000000e+00  +1.124987e-320  +2.594612e-260  +8.315271e-211  +3.700994e-172  +2.305970e-144  +3.199331e-119  +2.240424e-101  +3.452182e-88  +7.653178e-86  +1.389801e-84  +8.564064e-78  +7.329006e-82  +8.710603e-97  +1.437770e-122  +3.295857e-159  +2.894805e-185  +7.597157e-189  +5.416130e-200  +9.632398e-217  +1.413972e-241  +1.435122e-249  +4.195045e-251  +1.703030e-263  +9.601653e-287  +7.519679e-321  +0.000000e+00  +0.000000e+00  +0.000000e+00  +0.000000e+00  +0.000000e+00  +0.000000e+00 
+0.000000e+00  +7.295705e-268  +2.193937e-215  +6.884592e-166  +3.064222e-127  +1.894088e-99  +8.774273e-80  +2.191526e-63  +9.917192e-52  +2.198551e-49  +3.600525e-50  +2.218672e-43  +1.898708e-47  +2.256635e-62  +3.724796e-88  +7.870692e-121  +1.072903e-129  +2.780025e-131  +2.349269e-142  +3.918062e-157  +5.751486e-182  +3.611976e-182  +1.055827e-183  +4.286259e-196  +2.416585e-219  +1.892185e-253  +2.057611e-298  +0.000000e+00  +0.000000e+00  +0.000000e+00  +0.000000e+00  +0.000000e+00 
+1.373772e-275  +1.632722e-219  +6.054683e-172  +1.317724e-131  +3.523384e-93  +2.177910e-65  +1.872968e-48  +8.095712e-35  +3.959324e-26  +8.771406e-24  +1.295508e-26  +7.982596e-20  +6.831394e-24  +8.119186e-39  +1.340151e-64  +3.847992e-76  +3.255095e-84  +1.412812e-84  +2.194557e-94  +2.213342e-108  +3.309040e-133  +1.262522e-125  +3.690512e-127  +1.498209e-139  +8.446874e-163  +6.613900e-197  +7.192124e-242  +1.086162e-297  +0.000000e+00  +0.000000e+00  +0.000000e+00  +0.000000e+00 
+9.310905e-224  +4.245328e-179  +6.998206e-134  +9.777330e-98  +1.232638e-68  +3.477942e-42  +2.985626e-25  +4.309890e-17  +3.635549e-11  +4.860040e-09  +9.523540e-14  +3.990401e-07  +3.413942e-11  +4.058375e-26  +7.067283e-42  +2.613006e-42  +1.951792e-48  +9.971657e-49  +1.643541e-56  +1.736456e-70  +2.911799e-89  +6.128735e-80  +1.791507e-81  +7.272844e-94  +4.100416e-117  +3.210625e-151  +3.491316e-196  +5.272622e-252  +1.105867e-318  +0.000000e+00  +0.000000e+00  +0.000000e+00 
+9.434781e-179  +4.089778e-137  +2.550414e-104  +5.787275e-70  +3.143519e-45  +5.376949e-27  +6.638324e-13  +7.898654e-07  +1.061499e-04  +4.489962e-05  +1.921163e-07  +2.281428e-04  +2.181519e-08  +2.036995e-22  +7.241420e-19  +2.464251e-19  +1.971210e-23  +9.797454e-24  +1.789978e-29  +1.891981e-43  +1.963048e-54  +4.131814e-45  +1.207782e-46  +4.903139e-59  +2.764381e-82  +2.164509e-116  +2.353743e-161  +3.554647e-217  +7.455418e-284  +0.000000e+00  +0.000000e+00  +0.000000e+00 
+1.327730e-144  +5.755428e-103  +3.464842e-72  +3.190873e-51  +9.231539e-28  +2.164410e-14  +6.796752e-07  +7.871066e-05  +3.105430e-05  +8.141702e-05  +1.901147e-05  +1.526173e-04  +6.062527e-08  +1.657242e-08  +1.031237e-06  +3.229331e-07  +4.740398e-09  +1.686394e-09  +2.708551e-13  +2.862911e-27  +1.837971e-30  +3.868553e-21  +1.130827e-22  +4.590733e-35  +2.588247e-58  +2.026597e-92  +2.203773e-137  +3.328161e-193  +4.834212e-255  +7.331670e-293  +0.000000e+00  +0.000000e+00 
+2.594929e-121  +1.124847e-79  +6.771725e-49  +5.661652e-29  +1.984068e-19  +2.840348e-07  +5.725150e-05  +2.688911e-04  +1.000154e-04  +1.971999e-04  +4.303622e-05  +1.304188e-04  +2.151205e-04  +3.275464e-04  +2.338425e-04  +1.212567e-04  +1.214298e-04  +7.838962e-05  +5.693225e-08  +1.793370e-15  +2.420891e-17  +5.030306e-08  +1.470422e-09  +5.969361e-22  +3.365515e-45  +2.635197e-79  +2.865581e-124  +3.043509e-167  +3.143936e-194  +4.286836e-229  +1.377125e-270  +5.928788e-323 
+7.136192e-109  +3.056502e-67  +1.838201e-36  +1.536739e-16  +1.784353e-07  +5.291321e-05  +2.819849e-04  +1.139158e-04  +1.976537e-04  +2.272245e-04  +7.113226e-05  +2.558673e-04  +2.596823e-04  +3.979727e-04  +3.580497e-04  +2.818336e-04  +1.727449e-04  +1.069696e-04  +4.171214e-10  +1.281229e-05  +4.677951e-08  +2.171717e-05  +3.008322e-07  +1.091822e-19  +6.085180e-43  +8.142051e-77  +2.820614e-99  +2.696788e-117  +7.027556e-144  +9.698268e-175  +3.118867e-216  +1.392956e-268 
+2.149851e-102  +7.778291e-62  +3.914211e-32  +2.784191e-13  +3.314486e-05  +6.439872e-05  +8.731045e-05  +1.812386e-04  +1.498414e-04  +1.820299e-04  +1.651038e-04  +2.095168e-04  +4.239658e-04  +4.249747e-04  +2.287659e-04  +2.169817e-04  +6.267802e-05  +8.721262e-05  +7.442814e-05  +1.719396e-04  +3.775234e-05  +1.646321e-06  +7.262507e-10  +3.078096e-17  +6.203171e-32  +2.597158e-51  +6.006249e-62  +3.390233e-78  +1.317354e-100  +3.050391e-131  +9.809753e-173  +4.381579e-225 
+6.913509e-105  +2.501010e-64  +1.256523e-34  +8.767248e-16  +8.998029e-08  +1.112633e-05  +1.907988e-08  +1.948574e-04  +1.559187e-04  +3.486857e-04  +2.918473e-04  +3.002445e-04  +3.361462e-04  +4.589807e-04  +5.242683e-04  +5.679645e-04  +4.276427e-04  +2.229696e-04  +3.737244e-04  +4.590681e-06  +1.502987e-04  +3.235671e-05  +1.070860e-04  +2.197437e-08  +2.796937e-19  +1.994060e-25  +7.783193e-34  +3.510065e-48  +5.754267e-68  +1.332462e-98  +4.507049e-140  +3.586076e-187 
+3.087678e-118  +1.116989e-77  +5.611823e-48  +3.916031e-29  +6.182641e-19  +1.184792e-15  +3.197252e-10  +2.443513e-04  +2.404092e-04  +1.905936e-04  +3.338925e-04  +1.126441e-04  +3.205901e-04  +3.023940e-04  +4.974227e-04  +3.263270e-04  +2.512544e-04  +2.075896e-04  +2.026434e-04  +1.319753e-04  +1.841615e-04  +1.836836e-04  +1.587443e-04  +1.381491e-06  +4.958196e-10  +2.476589e-10  +2.054512e-16  +2.093634e-26  +3.490853e-46  +3.027632e-75  +3.427720e-110  +5.537302e-156 
+1.619570e-124  +1.053421e-87  +9.515742e-62  +2.844316e-41  +1.376746e-20  +1.964162e-09  +9.840101e-05  +2.689251e-04  +8.448771e-05  +2.290330e-04  +3.130134e-04  +2.952070e-04  +1.610516e-04  +3.290227e-04  +2.042059e-04  +2.921984e-04  +4.791497e-04  +3.137663e-04  +2.789848e-04  +7.943494e-05  +1.621417e-05  +4.316847e-05  +7.024916e-06  +1.177647e-08  +4.494070e-05  +1.309963e-04  +1.469947e-06  +1.776732e-15  +7.545180e-31  +6.319306e-55  +7.350626e-90  +1.187455e-135 
+2.551402e-101  +1.659516e-64  +1.499070e-38  +1.880617e-23  +2.905666e-15  +1.694057e-05  +9.110565e-05  +2.749373e-05  +2.392140e-04  +1.907497e-04  +2.871300e-06  +9.427267e-05  +3.005535e-04  +1.868711e-04  +1.758253e-04  +1.905679e-04  +2.270716e-04  +1.687495e-04  +1.336003e-04  +1.491157e-04  +1.972150e-04  +7.220173e-05  +1.581682e-04  +1.270781e-04  +7.449672e-06  +4.899168e-06  +8.364315e-05  +3.726478e-08  +2.247033e-21  +1.882033e-45  +2.207927e-80  +1.427338e-124 
+5.582080e-89  +3.630769e-52  +3.279738e-26  +4.114505e-11  +7.219642e-07  +1.066089e-04  +2.516356e-05  +2.609753e-09  +1.067006e-05  +7.095722e-08  +4.908949e-08  +5.539945e-05  +1.585319e-04  +1.415527e-04  +2.410539e-04  +1.899301e-04  +2.151589e-04  +9.321266e-05  +2.386720e-04  +9.242544e-05  +1.024341e-04  +2.020654e-04  +1.191401e-04  +1.563558e-05  +1.290377e-06  +1.683084e-06  +1.230216e-04  +1.134464e-07  +1.159912e-17  +4.464615e-38  +2.386847e-69  +1.772160e-111 
+1.696099e-87  +1.103199e-50  +9.965389e-25  +1.250180e-09  +2.200289e-05  +6.393775e-06  +2.018403e-14  +3.894658e-19  +1.864405e-15  +1.237437e-18  +9.955198e-14  +7.695539e-06  +1.187275e-04  +1.959231e-04  +1.492864e-04  +2.503392e-04  +1.883250e-04  +2.185496e-04  +7.540977e-05  +2.080300e-04  +3.136570e-04  +1.538982e-04  +7.189038e-05  +1.906749e-04  +1.128512e-04  +7.168079e-07  +1.242758e-04  +7.426540e-06  +2.050652e-15  +7.893947e-36  +4.220216e-67  +3.133380e-109 
+7.157219e-97  +4.655291e-60  +4.205207e-34  +5.275526e-19  +9.409277e-15  +6.286553e-15  +2.519278e-24  +2.594190e-39  +4.553129e-36  +3.175794e-39  +3.249602e-19  +4.169730e-07  +3.779697e-05  +1.437511e-04  +1.077053e-04  +1.582725e-04  +1.911008e-04  +1.514572e-04  +2.518031e-04  +3.338317e-05  +9.086425e-06  +8.904269e-05  +1.318142e-05  +3.121857e-04  +1.988339e-04  +3.844502e-05  +1.855582e-04  +1.698043e-07  +7.482906e-21  +2.396393e-44  +1.036333e-75  +7.694161e-118 
+4.194453e-117  +2.728211e-80  +2.464441e-54  +3.091696e-39  +5.684424e-35  +8.594323e-35  +3.444088e-44  +1.916794e-64  +1.544252e-67  +3.184299e-50  +9.983282e-27  +4.347029e-14  +3.475998e-12  +1.579730e-08  +1.658270e-04  +1.521363e-04  +9.656690e-05  +2.700323e-04  +2.022707e-04  +2.088656e-04  +1.193034e-04  +3.215342e-05  +4.213083e-05  +5.574842e-05  +1.630769e-04  +9.014413e-05  +4.323553e-05  +5.973951e-09  +1.212985e-23  +3.528340e-49  +2.875170e-85  +2.213224e-130 
+3.413849e-148  +2.220480e-111  +2.005799e-85  +2.516320e-70  +4.949607e-66  +1.631732e-65  +6.539001e-75  +3.639251e-95  +2.063625e-102  +4.658801e-68  +1.460681e-44  +6.360260e-32  +8.964808e-19  +4.100106e-07  +3.012860e-05  +2.783948e-04  +2.045214e-04  +1.980007e-04  +2.771026e-04  +1.514528e-04  +2.442357e-05  +1.154419e-04  +9.675568e-05  +9.947742e-05  +1.465785e-04  +1.313010e-04  +1.061150e-04  +1.389052e-07  +1.944845e-19  +3.781746e-42  +1.021263e-75  +3.830197e-120 
+3.858791e-190  +2.509885e-153  +2.267224e-127  +2.844283e-112  +6.446593e-108  +4.302529e-107  +1.724195e-116  +9.595931e-137  +4.193252e-131  +9.466607e-97  +2.968081e-73  +1.133895e-50  +3.733312e-28  +1.795590e-16  +1.185968e-06  +1.693989e-04  +6.482478e-05  +3.820019e-04  +2.674139e-04  +1.501956e-04  +4.422451e-04  +2.061431e-04  +1.207859e-04  +2.797678e-04  +1.023402e-04  +1.167654e-04  +1.436834e-04  +3.840370e-08  +4.949407e-20  +9.623849e-43  +2.598928e-76  +9.747147e-121 
+6.057538e-243  +3.940023e-206  +3.559092e-180  +4.464961e-165  +1.323943e-160  +1.575567e-159  +6.313926e-169  +3.513987e-189  +1.183339e-170  +2.671484e-136  +2.932877e-103  +6.900237e-63  +2.489431e-33  +1.255364e-14  +4.657499e-06  +1.004053e-04  +1.752050e-04  +2.790644e-04  +2.820476e-04  +2.403732e-04  +2.418027e-04  +2.061212e-04  +1.506306e-04  +1.072635e-04  +1.595937e-04  +3.371284e-06  +1.063870e-08  +3.247415e-13  +1.435620e-28  +4.280556e-54  +9.185948e-88  +3.444863e-132 
+1.320624e-306  +8.589771e-270  +7.759292e-244  +9.734207e-229  +4.472884e-224  +8.012865e-223  +3.211075e-232  +1.787109e-252  +1.096545e-215  +1.476871e-153  +2.762473e-102  +7.176152e-62  +2.588947e-32  +1.297159e-13  +9.035878e-06  +2.057578e-05  +1.757208e-04  +5.474591e-05  +1.066700e-04  +2.037214e-04  +2.818870e-04  +4.366524e-06  +1.714866e-04  +6.606336e-05  +4.121468e-09  +1.951857e-10  +1.812012e-22  +4.794010e-28  +2.116766e-43  +1.298030e-69  +1.105889e-106  +2.998289e-154 
+0.000000e+00  +0.000000e+00  +2.349322e-318  +2.947280e-303  +2.474833e-298  +5.659483e-297  +2.267981e-306  +1.633092e-298  +1.583763e-225  +2.133084e-163  +3.989915e-112  +1.036471e-71  +3.739287e-42  +1.873520e-23  +2.233718e-13  +1.438791e-05  +1.408079e-04  +7.880049e-05  +3.596645e-04  +1.648886e-04  +3.340775e-04  +4.376069e-05  +9.394975e-06  +9.796133e-11  +2.109923e-19  +6.027862e-25  +5.124019e-37  +9.828782e-54  +4.339837e-69  +2.661248e-95  +2.266393e-132  +2.680545e-180 
+0.000000e+00  +0.000000e+00  +0.000000e+00  +0.000000e+00  +0.000000e+00  +0.000000e+00  +0.000000e+00  +3.275754e-319  +3.176829e-246  +4.278697e-184  +8.003265e-133  +2.079030e-92  +7.500540e-63  +2.823295e-37  +4.059742e-16  +8.893587e-06  +1.085962e-04  +7.698316e-05  +1.285144e-04  +3.980947e-07  +1.821807e-06  +6.010215e-10  +3.736648e-16  +3.732009e-21  +6.943742e-37  +2.585405e-50  +2.197729e-62  +2.594565e-85  +1.235697e-105  +7.577464e-132  +6.453180e-169  +7.632408e-217 
+0.000000e+00  +0.000000e+00  +0.000000e+00  +0.000000e+00  +0.000000e+00  +0.000000e+00  +0.000000e+00  +0.000000e+00  +8.849839e-278  +1.191936e-215  +2.229506e-164  +3.388490e-119  +2.525511e-76  +2.614242e-44  +3.777724e-23  +6.782176e-11  +2.749010e-05  +2.042968e-04  +4.203340e-06  +2.436693e-13  +2.258108e-17  +3.604475e-23  +1.523234e-34  +2.056992e-42  +2.859345e-58  +2.083610e-84  +1.309108e-98  +1.545473e-121  +4.911733e-153  +2.996404e-179  +2.551822e-216  +3.018131e-264 
+0.000000e+00  +0.000000e+00  +0.000000e+00  +0.000000e+00  +0.000000e+00  +0.000000e+00  +0.000000e+00  +0.000000e+00  +3.423875e-320  +2.105803e-255  +8.119704e-191  +4.357654e-137  +3.247908e-94  +3.416436e-62  +1.144262e-36  +1.041849e-19  +3.038279e-08  +7.208291e-06  +9.380302e-09  +1.812730e-22  +6.335553e-39  +2.211135e-46  +7.926718e-61  +1.574565e-74  +2.188741e-90  +4.225386e-117  +1.082966e-145  +1.278500e-168  +2.096159e-202  +1.645564e-237  +1.401409e-274  +1.679823e-322 
+0.000000e+00  +0.000000e+00  +0.000000e+00  +0.000000e+00  +0.000000e+00  +0.000000e+00  +0.000000e+00  +0.000000e+00  +0.000000e+00  +3.752818e-284  +1.450214e-219  +7.782981e-166  +3.076408e-122  +3.841488e-84  +3.609773e-54  +1.110703e-31  +4.759489e-20  +6.305008e-16  +8.563894e-19  +1.616194e-32  +4.235978e-57  +2.467343e-80  +3.341650e-95  +1.989244e-117  +2.326806e-133  +4.491921e-160  +1.204322e-197  +1.468852e-226  +2.408250e-260  +5.609075e-305  +0.000000e+00  +0.000000e+00 
+0.000000e+00  +0.000000e+00  +0.000000e+00  +0.000000e+00  +0.000000e+00  +0.000000e+00  +0.000000e+00  +0.000000e+00  +0.000000e+00  +9.881313e-324  +3.599993e-259  +2.245936e-202  +2.708264e-153  +3.562798e-110  +7.911355e-77  +2.439795e-54  +1.053129e-42  +7.993593e-37  +1.086233e-39  +2.049958e-53  +5.372854e-78  +1.955704e-113  +3.939508e-140  +1.139346e-165  +3.435294e-187  +6.631868e-214  +1.778057e-251  +2.343719e-295  +0.000000e+00  +0.000000e+00  +0.000000e+00  +0.000000e+00 
+0.000000e+00  +0.000000e+00  +0.000000e+00  +0.000000e+00  +0.000000e+00  +0.000000e+00  +0.000000e+00  +0.000000e+00  +0.000000e+00  +0.000000e+00  +3.890761e-304  +6.214596e-243  +6.797627e-188  +1.086885e-143  +2.413503e-110  +7.443037e-88  +4.626866e-76  +1.408083e-68  +1.913429e-71  +3.611058e-85  +9.464431e-110  +3.445026e-145  +1.741585e-191  +1.605318e-221  +7.044120e-252  +1.359808e-278  +3.645755e-316  +0.000000e+00  +0.000000e+00  +0.000000e+00  +0.000000e+00  +0.000000e+00 
+0.000000e+00  +0.000000e+00  +0.000000e+00  +0.000000e+00  +0.000000e+00  +0.000000e+00  +0.000000e+00  +0.000000e+00  +0.000000e+00  +0.000000e+00  +0.000000e+00  +2.501520e-287  +2.879999e-232  +4.604883e-188  +1.022546e-154  +3.153449e-132  +3.655600e-119  +3.444733e-111  +4.681011e-114  +8.834090e-128  +2.315378e-152  +8.427911e-188  +4.260455e-234  +3.654439e-288  +0.000000e+00  +0.000000e+00  +0.000000e+00  +0.000000e+00  +0.000000e+00  +0.000000e+00  +0.000000e+00  +0.000000e+00 
