+0.000000e+00  +0.000000e+00  +0.000000e+00  +0.000000e+00  +1.781115e-310  +4.490861e-274  +1.572554e-248  +4.530749e-233  +6.188336e-222  +2.136820e-214  +7.941627e-217  +1.276301e-225  +8.593323e-228  +4.157455e-215  +5.468296e-181  +1.004867e-157  +4.821632e-141  +2.558720e-131  +1.784139e-123  +2.460507e-124  +4.742069e-136  +5.130821e-157  +2.295468e-166  +1.110866e-182  +7.466036e-210  +6.968775e-248  +9.033599e-297  +0.000000e+00  +0.000000e+00  +0.000000e+00  +0.000000e+00  +0.000000e+00 
+0.000000e+00  +0.000000e+00  +0.000000e+00  +3.210114e-293  +5.828010e-246  +1.469461e-209  +5.145573e-184  +2.913708e-169  +5.967092e-159  +2.133886e-152  +7.930720e-155  +6.553865e-162  +1.316487e-163  +5.321886e-165  +1.404249e-131  +2.595083e-108  +3.488636e-94  +1.802680e-84  +2.645339e-78  +3.648637e-79  +8.704503e-91  +4.479958e-108  +1.550911e-113  +7.505462e-130  +5.044358e-157  +4.708388e-195  +6.103467e-244  +1.098801e-303  +0.000000e+00  +0.000000e+00  +0.000000e+00  +0.000000e+00 
+0.000000e+00  +0.000000e+00  +1.115899e-297  +1.458770e-239  +2.648419e-192  +6.677662e-156  +2.338300e-130  +1.143380e-115  +8.942151e-107  +2.959475e-101  +1.099916e-103  +4.674052e-109  +2.800981e-110  +2.847199e-116  +5.300075e-93  +9.361625e-70  +2.864129e-57  +1.775766e-48  +5.450256e-44  +7.536202e-45  +1.532552e-55  +4.176269e-66  +1.455260e-71  +7.042570e-88  +4.733252e-115  +4.418003e-153  +5.727042e-202  +1.031033e-261  +0.000000e+00  +0.000000e+00  +0.000000e+00  +0.000000e+00 
+0.000000e+00  +9.881313e-324  +7.042646e-255  +9.206430e-197  +1.671441e-149  +4.214333e-113  +1.475722e-87  +7.177906e-73  +1.882265e-65  +5.700585e-61  +2.120241e-63  +4.629438e-67  +8.276403e-68  +8.372836e-74  +2.543269e-60  +4.771723e-42  +1.327498e-29  +2.429809e-23  +1.581774e-20  +2.327426e-21  +1.565287e-30  +5.442395e-35  +1.896411e-40  +9.177469e-57  +6.168099e-84  +5.757285e-122  +7.463149e-171  +1.343584e-230  +3.359354e-301  +0.000000e+00  +0.000000e+00  +0.000000e+00 
+9.881313e-324  +5.143575e-267  +4.648951e-221  +8.148041e-165  +1.465011e-117  +3.693781e-81  +1.293442e-55  +6.290181e-41  +5.547782e-35  +1.525877e-31  +5.944678e-34  +6.367990e-36  +3.396339e-36  +3.953449e-42  +2.028516e-35  +3.395453e-23  +1.000740e-12  +4.732784e-09  +9.552574e-08  +3.125147e-08  +3.130831e-15  +9.858560e-15  +3.432117e-20  +1.660936e-36  +1.116321e-63  +1.042440e-101  +1.366732e-150  +3.163312e-210  +5.239311e-280  +0.000000e+00  +0.000000e+00  +0.000000e+00 
+6.956419e-274  +4.132555e-217  +3.409490e-171  +3.906955e-136  +1.321491e-95  +4.547138e-60  +1.574475e-34  +7.656686e-20  +2.754150e-15  +5.708983e-13  +8.331309e-15  +1.216578e-15  +1.935614e-15  +8.611050e-20  +8.970345e-16  +8.599009e-10  +1.047944e-05  +1.908950e-04  +1.438971e-04  +6.323918e-05  +4.417231e-07  +2.569021e-05  +8.701723e-11  +5.084756e-27  +1.828058e-53  +3.682739e-90  +1.200305e-137  +5.469016e-196  +3.461611e-265  +0.000000e+00  +0.000000e+00  +0.000000e+00 
+7.762063e-235  +4.611159e-178  +3.804354e-132  +4.359028e-97  +6.936514e-73  +3.589913e-46  +2.376954e-23  +1.314980e-09  +1.001354e-05  +3.204835e-05  +1.952012e-05  +3.495172e-06  +1.532418e-05  +1.890595e-07  +3.389332e-06  +4.037323e-05  +1.268169e-04  +1.812037e-04  +8.692634e-05  +9.084538e-05  +1.029194e-04  +2.527372e-04  +8.250616e-09  +9.476273e-24  +1.611623e-49  +3.917473e-86  +1.651846e-133  +2.448692e-191  +1.245476e-259  +0.000000e+00  +0.000000e+00  +0.000000e+00 
+1.202836e-206  +7.145613e-150  +5.895360e-104  +6.754903e-69  +1.074894e-44  +2.387637e-31  +4.437579e-16  +4.031921e-06  +1.821817e-04  +1.324811e-04  +9.512015e-05  +2.757903e-05  +5.000922e-06  +6.407744e-05  +1.060217e-04  +1.493724e-04  +1.433320e-04  +3.165853e-04  +1.409534e-04  +3.123051e-04  +1.065864e-04  +8.074780e-05  +6.477700e-08  +8.062375e-22  +1.393619e-46  +3.345514e-82  +1.115372e-128  +5.164336e-186  +3.320835e-254  +0.000000e+00  +0.000000e+00  +0.000000e+00 
+2.588654e-189  +1.537825e-132  +1.268755e-86  +1.453739e-51  +2.313312e-27  +5.112430e-14  +1.338230e-10  +1.656595e-04  +2.480844e-04  +2.319726e-04  +9.175042e-05  +2.068663e-04  +2.500009e-04  +1.061442e-04  +8.387834e-05  +1.229257e-04  +1.858330e-04  +3.033321e-05  +8.088695e-05  +4.146662e-04  +5.704610e-05  +3.280965e-05  +1.082502e-11  +3.122058e-27  +5.313859e-52  +1.275635e-87  +4.252882e-134  +1.978847e-191  +3.180465e-253  +1.482197e-323  +0.000000e+00  +0.000000e+00 
+7.737132e-183  +4.596398e-126  +3.792469e-80  +4.347818e-45  +6.946016e-21  +1.578445e-07  +1.618343e-04  +1.308017e-04  +1.608699e-04  +1.756173e-04  +4.226555e-04  +1.746215e-04  +3.417654e-04  +2.623587e-05  +1.611949e-04  +2.290453e-05  +3.576826e-04  +2.340076e-04  +3.130213e-04  +2.906129e-04  +6.569083e-05  +1.444040e-05  +9.775352e-11  +1.167793e-25  +3.942496e-51  +2.387679e-78  +4.058910e-116  +9.582659e-165  +3.141960e-224  +1.430715e-294  +0.000000e+00  +0.000000e+00 
+3.223193e-187  +1.957161e-130  +1.864989e-84  +4.189474e-49  +3.011079e-24  +5.771885e-10  +6.432604e-05  +7.917676e-05  +2.351755e-04  +3.122308e-04  +2.872311e-04  +5.680157e-05  +1.418913e-04  +1.882794e-05  +2.199506e-04  +4.072009e-05  +1.670197e-04  +1.981080e-04  +2.897355e-04  +6.981164e-05  +2.433763e-04  +1.227996e-04  +3.573625e-08  +3.375437e-17  +2.676354e-33  +3.275812e-60  +5.568748e-98  +1.314723e-146  +4.310709e-206  +1.962914e-276  +0.000000e+00  +0.000000e+00 
+1.557031e-201  +5.943468e-144  +3.454684e-97  +2.943808e-61  +1.336867e-33  +6.685910e-15  +4.916773e-07  +5.232204e-05  +2.612059e-04  +2.112646e-04  +1.701268e-04  +2.654823e-04  +1.230987e-04  +1.555205e-04  +1.451430e-04  +8.300206e-05  +2.091280e-04  +1.784630e-04  +6.036850e-04  +2.647738e-04  +2.588736e-04  +4.504876e-04  +1.430558e-04  +5.812250e-10  +5.103115e-26  +6.242585e-53  +1.061547e-90  +2.678493e-139  +1.004748e-197  +6.821917e-266  +0.000000e+00  +0.000000e+00 
+2.256381e-224  +1.322429e-166  +6.813910e-116  +1.787538e-75  +6.513287e-46  +3.298444e-27  +1.835340e-14  +2.883012e-05  +3.590199e-04  +2.652250e-04  +6.627533e-05  +2.689256e-04  +6.081738e-05  +2.699379e-04  +8.241281e-05  +5.031074e-05  +7.400321e-05  +1.101868e-04  +1.234682e-04  +1.250421e-04  +6.628752e-05  +2.165709e-05  +1.098075e-04  +3.534601e-09  +5.017287e-23  +1.022406e-47  +3.061272e-83  +1.484215e-129  +1.348488e-186  +2.388735e-254  +0.000000e+00  +0.000000e+00 
+1.815210e-252  +2.469203e-190  +4.664724e-139  +1.223864e-98  +4.461296e-69  +1.192287e-41  +2.858277e-21  +5.669226e-09  +9.551128e-05  +1.908090e-05  +2.241931e-04  +6.374996e-04  +3.374791e-05  +1.173342e-04  +1.940400e-04  +1.607388e-08  +3.836618e-05  +1.198897e-04  +2.076021e-04  +9.296139e-05  +1.008256e-04  +6.582110e-05  +1.242051e-04  +1.882723e-07  +7.493980e-21  +4.867672e-45  +4.505912e-80  +5.815644e-126  +1.043130e-182  +2.598801e-250  +0.000000e+00  +0.000000e+00 
+1.726003e-286  +2.347863e-224  +4.435493e-173  +3.205861e-131  +6.903851e-86  +2.394474e-51  +1.153392e-27  +8.631337e-15  +1.560652e-05  +1.643245e-04  +1.583959e-05  +1.416372e-04  +8.699913e-05  +1.813025e-04  +2.373147e-05  +1.651167e-13  +9.630420e-06  +1.753907e-04  +1.393617e-04  +2.404147e-04  +2.110558e-04  +5.525950e-05  +7.767483e-08  +8.847316e-13  +6.788375e-27  +1.367179e-51  +8.803823e-87  +1.070355e-132  +1.904306e-189  +4.739246e-257  +0.000000e+00  +0.000000e+00 
+0.000000e+00  +3.869087e-247  +5.009841e-180  +9.009015e-124  +2.249928e-78  +7.803653e-44  +3.758939e-20  +2.514729e-07  +3.055976e-05  +1.108155e-05  +2.377328e-04  +5.807491e-05  +2.432029e-04  +2.766055e-04  +1.110264e-04  +3.225419e-10  +4.894801e-05  +2.881059e-04  +2.406043e-04  +4.686156e-05  +2.844932e-04  +2.877109e-04  +1.949522e-07  +1.744521e-15  +1.128640e-32  +1.101621e-60  +7.042673e-98  +7.745734e-145  +1.204811e-202  +2.603714e-271  +0.000000e+00  +0.000000e+00 
+0.000000e+00  +1.751198e-250  +2.267518e-183  +4.077595e-127  +1.018346e-81  +3.532041e-47  +1.704979e-23  +3.609587e-10  +6.893563e-05  +1.878064e-04  +1.779791e-04  +1.087116e-04  +1.824247e-04  +5.910804e-05  +1.394293e-04  +1.227085e-09  +1.659781e-05  +1.687319e-04  +1.451706e-04  +1.109285e-04  +6.750751e-05  +1.014961e-04  +1.605756e-04  +3.615489e-10  +1.270771e-24  +7.370474e-50  +5.943660e-86  +6.656826e-133  +1.035426e-190  +2.236707e-259  +0.000000e+00  +0.000000e+00 
+0.000000e+00  +1.100779e-264  +1.425330e-197  +2.563120e-141  +6.401873e-96  +4.059965e-61  +1.521623e-32  +2.226598e-14  +4.204493e-06  +1.706343e-06  +1.849120e-04  +3.026583e-04  +1.277155e-04  +2.750270e-05  +1.213698e-04  +1.158063e-04  +3.124405e-09  +9.500831e-05  +9.976736e-05  +8.387610e-05  +1.237418e-04  +1.246256e-04  +4.355678e-05  +4.037998e-09  +1.522527e-23  +8.798941e-49  +7.094400e-85  +7.945582e-132  +1.235883e-189  +2.669731e-258  +0.000000e+00  +0.000000e+00 
+0.000000e+00  +9.609544e-290  +1.244587e-222  +1.074625e-164  +5.115333e-114  +3.468931e-74  +3.672269e-45  +2.201844e-25  +8.683791e-15  +2.081399e-11  +1.078985e-05  +1.722003e-04  +3.239739e-05  +2.619277e-04  +1.873377e-04  +5.863208e-05  +4.455342e-07  +2.185418e-04  +1.442773e-04  +1.179774e-07  +1.987818e-04  +1.723182e-04  +1.411818e-08  +2.438616e-18  +2.577078e-33  +1.459919e-58  +1.176060e-94  +1.317112e-141  +2.048679e-199  +4.425514e-268  +0.000000e+00  +0.000000e+00 
+0.000000e+00  +3.557273e-322  +8.934265e-250  +3.127612e-188  +1.526547e-137  +1.263434e-97  +2.957251e-66  +8.939904e-45  +5.414607e-31  +6.857913e-13  +5.859400e-05  +2.181520e-04  +1.466144e-04  +1.883408e-04  +4.859677e-05  +5.350465e-04  +1.367222e-04  +1.174075e-04  +1.845859e-04  +1.854562e-04  +1.552313e-04  +7.605134e-05  +1.552789e-05  +1.671919e-14  +4.311743e-34  +1.619451e-64  +8.472730e-106  +6.157698e-158  +5.337835e-220  +1.018822e-288  +0.000000e+00  +0.000000e+00 
+0.000000e+00  +0.000000e+00  +3.688323e-284  +1.296071e-222  +1.193515e-171  +8.081024e-129  +1.776026e-96  +7.501195e-61  +7.584697e-32  +2.788847e-13  +6.718019e-05  +8.969458e-06  +1.741332e-05  +1.398850e-04  +8.153465e-06  +1.318998e-04  +3.829737e-04  +1.216397e-04  +1.199509e-04  +1.194086e-04  +2.398779e-04  +1.222520e-04  +4.177505e-07  +5.165703e-16  +1.401405e-35  +5.280397e-66  +2.763170e-107  +2.008105e-159  +2.026764e-222  +2.840914e-296  +0.000000e+00  +0.000000e+00 
+0.000000e+00  +0.000000e+00  +0.000000e+00  +4.561739e-267  +4.294169e-213  +6.855683e-160  +4.367074e-108  +3.865513e-67  +4.752164e-37  +8.118511e-18  +1.949373e-09  +2.218397e-10  +2.049643e-04  +2.258214e-04  +5.428830e-05  +3.039543e-04  +1.897559e-04  +3.674983e-04  +1.265441e-04  +6.087804e-05  +2.249272e-04  +3.389060e-06  +6.169097e-15  +3.051280e-28  +6.347382e-48  +2.391632e-78  +1.251513e-119  +9.095240e-172  +9.179753e-235  +1.286725e-308  +0.000000e+00  +0.000000e+00 
+0.000000e+00  +0.000000e+00  +0.000000e+00  +2.578442e-311  +8.520744e-238  +3.910529e-175  +2.492479e-123  +2.206305e-82  +2.712301e-52  +4.630808e-33  +5.254382e-24  +3.026058e-09  +1.140143e-04  +1.109393e-04  +2.131152e-04  +4.899766e-05  +9.918171e-05  +2.947939e-04  +1.040010e-04  +4.057401e-04  +2.054099e-04  +7.670364e-06  +2.879854e-16  +1.285974e-35  +1.215554e-65  +1.504412e-101  +7.872287e-143  +5.721104e-195  +5.774264e-258  +0.000000e+00  +0.000000e+00  +0.000000e+00 
+0.000000e+00  +0.000000e+00  +0.000000e+00  +0.000000e+00  +6.754232e-264  +3.099802e-201  +1.975741e-149  +1.748896e-108  +2.149987e-78  +1.690043e-58  +2.395384e-31  +2.437524e-14  +7.783922e-08  +2.006726e-05  +1.357528e-04  +1.938325e-04  +2.522846e-04  +2.499906e-04  +1.464791e-04  +2.054301e-04  +6.141748e-05  +2.836341e-05  +2.000454e-13  +5.789505e-32  +3.735021e-54  +3.166720e-85  +4.318022e-127  +9.288668e-180  +3.026460e-243  +1.439033e-317  +0.000000e+00  +0.000000e+00 
+0.000000e+00  +0.000000e+00  +0.000000e+00  +0.000000e+00  +7.435537e-301  +3.412482e-238  +2.175036e-186  +1.925309e-145  +3.607326e-112  +1.941036e-73  +1.453342e-45  +1.514451e-28  +1.555271e-18  +6.064328e-12  +3.836566e-05  +2.628613e-04  +1.463948e-04  +3.547772e-04  +2.718559e-04  +3.149416e-04  +8.696473e-05  +2.851159e-05  +2.159593e-09  +9.172649e-19  +6.260702e-39  +6.793341e-70  +1.128056e-111  +2.755239e-164  +9.631702e-228  +4.745706e-302  +0.000000e+00  +0.000000e+00 
+0.000000e+00  +0.000000e+00  +0.000000e+00  +0.000000e+00  +0.000000e+00  +5.217287e-286  +3.325376e-234  +7.987870e-187  +3.100936e-137  +1.671833e-98  +1.251794e-70  +3.835031e-53  +1.045178e-38  +4.975153e-20  +7.611337e-08  +1.380668e-04  +2.677300e-04  +4.562587e-04  +1.962263e-04  +2.058214e-04  +1.895601e-04  +1.969315e-05  +4.734168e-05  +2.581518e-14  +2.179473e-34  +2.730113e-65  +4.921060e-107  +1.253803e-159  +4.473966e-223  +2.225898e-297  +0.000000e+00  +0.000000e+00 
+0.000000e+00  +0.000000e+00  +0.000000e+00  +0.000000e+00  +0.000000e+00  +0.000000e+00  +3.418279e-283  +9.555023e-223  +3.709317e-173  +1.999834e-134  +1.498255e-106  +4.901911e-79  +2.655758e-44  +2.017062e-20  +2.209187e-07  +4.029444e-05  +9.192186e-05  +3.118752e-04  +4.775299e-04  +2.559679e-04  +1.574398e-05  +8.411690e-05  +3.943439e-08  +1.467563e-20  +1.300281e-40  +1.712196e-71  +3.162932e-113  +8.153109e-166  +2.925174e-229  +1.459019e-303  +0.000000e+00  +0.000000e+00 
+0.000000e+00  +0.000000e+00  +0.000000e+00  +0.000000e+00  +0.000000e+00  +0.000000e+00  +0.000000e+00  +1.587343e-269  +6.162161e-220  +3.323380e-181  +3.318023e-128  +1.571988e-82  +1.484150e-47  +3.103158e-23  +1.189208e-09  +1.408508e-05  +1.579715e-04  +6.995772e-05  +1.939038e-04  +1.544486e-04  +6.028643e-05  +1.516173e-04  +2.186150e-10  +1.945881e-26  +8.351226e-52  +8.421716e-88  +2.869326e-130  +7.418620e-183  +2.665401e-246  +1.330519e-320  +0.000000e+00  +0.000000e+00 
+0.000000e+00  +0.000000e+00  +0.000000e+00  +0.000000e+00  +0.000000e+00  +0.000000e+00  +0.000000e+00  +0.000000e+00  +4.446112e-266  +2.550157e-198  +2.648530e-141  +4.172662e-95  +9.344233e-60  +2.922702e-35  +1.398415e-21  +1.395491e-11  +1.815363e-06  +2.029056e-08  +4.199959e-09  +2.507005e-08  +4.063598e-11  +1.990334e-11  +3.741302e-17  +9.826119e-34  +3.586623e-61  +1.819774e-99  +1.452681e-148  +2.872557e-207  +3.436729e-274  +0.000000e+00  +0.000000e+00  +0.000000e+00 
+0.000000e+00  +0.000000e+00  +0.000000e+00  +0.000000e+00  +0.000000e+00  +0.000000e+00  +0.000000e+00  +0.000000e+00  +4.011231e-289  +3.373044e-221  +3.944188e-164  +6.407134e-118  +1.445572e-82  +4.535668e-58  +4.713779e-39  +3.996017e-26  +3.178010e-17  +3.567561e-19  +5.699466e-23  +1.016640e-21  +4.339421e-28  +4.977966e-29  +9.420163e-35  +2.476024e-51  +9.038480e-79  +4.582205e-117  +3.226203e-166  +3.154619e-226  +4.284090e-297  +0.000000e+00  +0.000000e+00  +0.000000e+00 
+0.000000e+00  +0.000000e+00  +0.000000e+00  +0.000000e+00  +0.000000e+00  +0.000000e+00  +0.000000e+00  +0.000000e+00  +8.399116e-323  +7.260292e-255  +8.493047e-198  +1.379785e-151  +3.113187e-116  +3.260025e-88  +2.708643e-66  +9.611580e-48  +7.769145e-39  +8.721468e-41  +3.157438e-47  +5.726907e-46  +2.085606e-55  +1.741974e-57  +3.296900e-63  +8.665806e-80  +3.163372e-107  +1.603723e-145  +1.129137e-194  +1.104083e-254  +0.000000e+00  +0.000000e+00  +0.000000e+00  +0.000000e+00 
+0.000000e+00  +0.000000e+00  +0.000000e+00  +0.000000e+00  +0.000000e+00  +0.000000e+00  +0.000000e+00  +0.000000e+00  +0.000000e+00  +2.171461e-299  +2.540165e-242  +4.126767e-196  +4.440826e-159  +2.439361e-126  +5.606932e-100  +3.263255e-80  +2.637725e-71  +2.961051e-73  +2.470277e-82  +4.480340e-81  +1.128877e-90  +8.467077e-97  +1.602502e-102  +4.212130e-119  +1.537599e-146  +7.795111e-185  +5.488320e-234  +5.366543e-294  +0.000000e+00  +0.000000e+00  +0.000000e+00  +0.000000e+00 
