+0.000000e+00  +0.000000e+00  +0.000000e+00  +0.000000e+00  +0.000000e+00  +0.000000e+00  +0.000000e+00  +0.000000e+00  +0.000000e+00  +0.000000e+00  +0.000000e+00  +0.000000e+00  +3.705492e-322  +1.540706e-291  +8.891667e-272  +1.054743e-262  +4.882379e-261  +9.673085e-270  +2.661994e-289  +1.800663e-312  +0.000000e+00  +0.000000e+00  +0.000000e+00  +0.000000e+00  +0.000000e+00  +0.000000e+00  +0.000000e+00  +0.000000e+00  +0.000000e+00  +0.000000e+00  +0.000000e+00  +0.000000e+00 
+0.000000e+00  +0.000000e+00  +0.000000e+00  +0.000000e+00  +0.000000e+00  +0.000000e+00  +0.000000e+00  +0.000000e+00  +0.000000e+00  +0.000000e+00  +6.422853e-323  +1.967068e-286  +8.865097e-253  +3.683772e-222  +2.125930e-202  +2.155635e-193  +6.448361e-192  +1.277396e-200  +3.515519e-220  +3.426794e-238  +7.772685e-262  +2.448455e-296  +0.000000e+00  +0.000000e+00  +0.000000e+00  +0.000000e+00  +0.000000e+00  +0.000000e+00  +0.000000e+00  +0.000000e+00  +0.000000e+00  +0.000000e+00 
+0.000000e+00  +0.000000e+00  +0.000000e+00  +0.000000e+00  +0.000000e+00  +1.403131e-301  +7.504583e-279  +5.574332e-267  +5.750387e-266  +8.238331e-276  +1.521807e-256  +4.634779e-220  +4.904069e-194  +1.223218e-163  +7.059208e-144  +6.486269e-135  +1.182910e-133  +2.342743e-142  +1.328568e-161  +9.056965e-175  +2.054309e-198  +6.471231e-233  +2.831040e-278  +0.000000e+00  +0.000000e+00  +0.000000e+00  +0.000000e+00  +0.000000e+00  +0.000000e+00  +0.000000e+00  +0.000000e+00  +0.000000e+00 
+0.000000e+00  +0.000000e+00  +0.000000e+00  +1.880298e-296  +2.179694e-265  +8.394066e-232  +4.489528e-209  +3.334779e-197  +3.440101e-196  +4.928485e-206  +6.018015e-198  +1.516619e-164  +6.414813e-139  +5.640957e-116  +3.255388e-96  +2.820119e-87  +3.014224e-86  +5.967462e-95  +2.055125e-109  +3.324416e-122  +7.540471e-146  +2.375306e-180  +1.039151e-225  +6.313579e-282  +0.000000e+00  +0.000000e+00  +0.000000e+00  +0.000000e+00  +0.000000e+00  +0.000000e+00  +0.000000e+00  +0.000000e+00 
+0.000000e+00  +6.234838e-305  +1.048547e-260  +2.449000e-227  +8.437231e-205  +6.974042e-173  +3.730034e-150  +2.770634e-138  +2.858139e-137  +4.094733e-147  +4.624996e-140  +6.892269e-120  +2.915208e-94  +5.325206e-79  +2.084916e-59  +1.745639e-50  +1.067065e-49  +2.125826e-58  +1.038041e-67  +1.694673e-80  +3.843874e-104  +1.210850e-138  +5.297235e-184  +3.218446e-240  +2.715696e-307  +0.000000e+00  +0.000000e+00  +0.000000e+00  +0.000000e+00  +0.000000e+00  +0.000000e+00  +0.000000e+00 
+9.402939e-302  +1.127783e-246  +1.896655e-202  +4.429852e-169  +1.437427e-146  +8.066837e-125  +4.303907e-102  +3.196901e-90  +3.297869e-89  +4.724715e-99  +4.940619e-93  +3.923050e-83  +1.839895e-60  +1.080783e-45  +1.854441e-33  +1.522943e-24  +5.251600e-24  +6.687618e-32  +7.346097e-37  +1.199761e-49  +2.721308e-73  +8.572329e-108  +3.750230e-153  +2.278531e-209  +1.922604e-276  +0.000000e+00  +0.000000e+00  +0.000000e+00  +0.000000e+00  +0.000000e+00  +0.000000e+00  +0.000000e+00 
+4.093792e-251  +2.947765e-199  +4.764608e-155  +1.112827e-121  +3.609754e-99  +1.612394e-85  +6.896881e-65  +5.122916e-53  +5.284714e-52  +7.571181e-62  +7.329754e-57  +1.624036e-48  +1.619505e-37  +9.473270e-23  +3.770004e-18  +1.860971e-09  +3.730976e-09  +2.112882e-13  +7.222667e-17  +1.179617e-29  +2.675619e-53  +8.428404e-88  +3.687266e-133  +2.240275e-189  +8.580379e-237  +1.431833e-270  +3.318306e-315  +0.000000e+00  +0.000000e+00  +0.000000e+00  +0.000000e+00  +0.000000e+00 
+2.591753e-209  +7.263658e-159  +1.944918e-118  +3.882447e-85  +1.259341e-62  +6.653837e-51  +1.837868e-38  +1.140101e-26  +1.176109e-25  +1.684963e-35  +1.510203e-31  +3.308942e-23  +3.798096e-18  +1.153744e-10  +9.578372e-07  +4.641423e-05  +1.703256e-04  +2.508029e-05  +9.864530e-08  +1.610741e-20  +3.653497e-44  +1.150880e-78  +5.035362e-124  +3.361890e-154  +4.039537e-177  +6.740895e-211  +1.562218e-255  +5.028095e-311  +0.000000e+00  +0.000000e+00  +0.000000e+00  +0.000000e+00 
+2.280066e-178  +6.389255e-128  +2.486595e-88  +3.225035e-59  +6.101885e-37  +2.782707e-25  +4.557815e-19  +3.527686e-11  +3.635069e-10  +3.760154e-19  +5.088035e-17  +9.468147e-09  +4.525866e-07  +2.393408e-05  +2.891401e-04  +2.920521e-04  +1.535049e-04  +7.540899e-05  +1.917444e-09  +3.065495e-22  +1.946372e-40  +5.505280e-67  +2.540601e-93  +2.198095e-105  +2.641159e-128  +4.407381e-162  +1.021420e-206  +3.287505e-262  +0.000000e+00  +0.000000e+00  +0.000000e+00  +0.000000e+00 
+2.785732e-158  +7.806244e-108  +3.037966e-68  +1.641969e-39  +1.643066e-21  +1.851400e-10  +1.059680e-07  +4.849559e-05  +2.549691e-05  +3.657535e-07  +9.476987e-07  +4.018741e-05  +3.003493e-04  +1.430019e-04  +4.891545e-04  +1.680323e-04  +1.992617e-04  +6.123546e-05  +1.377827e-06  +5.991011e-12  +1.207506e-27  +3.859494e-53  +2.306946e-55  +1.995940e-67  +2.398256e-90  +4.002041e-124  +9.274821e-169  +2.985159e-224  +1.334343e-290  +0.000000e+00  +0.000000e+00  +0.000000e+00 
+4.726821e-149  +1.324561e-98  +5.154810e-59  +2.786066e-30  +2.091264e-12  +2.352915e-05  +2.099586e-04  +1.932513e-06  +1.001864e-04  +1.370179e-04  +1.395312e-04  +6.525216e-05  +3.660693e-04  +1.981418e-04  +3.813021e-04  +2.987881e-04  +2.155081e-04  +2.898426e-04  +5.845548e-05  +5.156516e-10  +1.337527e-25  +2.671486e-26  +2.909218e-28  +2.517019e-40  +3.024367e-63  +5.046851e-97  +1.169619e-141  +3.764492e-197  +1.682698e-263  +0.000000e+00  +0.000000e+00  +0.000000e+00 
+1.041290e-140  +1.198620e-96  +1.388194e-60  +7.447506e-32  +7.060100e-14  +3.667208e-06  +7.725190e-05  +1.567179e-04  +3.866727e-04  +8.923655e-05  +1.117350e-04  +2.392760e-04  +1.055980e-04  +1.414545e-04  +6.072215e-04  +3.046116e-04  +1.313679e-04  +5.055255e-04  +2.059502e-04  +1.225843e-07  +3.977390e-10  +2.962626e-10  +5.095106e-12  +4.408220e-24  +5.296773e-47  +8.838883e-81  +2.048431e-125  +6.593003e-181  +2.947020e-247  +0.000000e+00  +0.000000e+00  +0.000000e+00 
+2.985988e-115  +6.041743e-76  +2.231737e-47  +7.537279e-24  +1.488672e-10  +2.428492e-05  +1.676870e-04  +3.004263e-05  +5.581724e-05  +2.492992e-04  +1.298580e-04  +3.059791e-04  +3.027186e-04  +2.195855e-04  +2.783887e-04  +4.523702e-04  +3.210481e-04  +2.146397e-04  +2.276905e-04  +7.401442e-05  +1.303973e-04  +5.312395e-05  +1.239453e-06  +1.072219e-18  +1.288808e-41  +2.318617e-75  +8.736977e-119  +5.587887e-172  +5.260460e-236  +1.153984e-290  +0.000000e+00  +0.000000e+00 
+1.208013e-100  +2.444252e-61  +6.868440e-33  +2.680497e-15  +4.360780e-07  +6.580651e-05  +2.429916e-06  +2.404806e-04  +2.316140e-04  +1.221476e-04  +1.742303e-04  +1.283035e-04  +5.554700e-05  +1.906018e-04  +2.612256e-04  +3.186434e-04  +1.792419e-04  +2.111585e-04  +1.912430e-04  +1.993825e-04  +2.049198e-04  +3.836916e-05  +5.841403e-06  +1.046269e-15  +2.648434e-36  +9.310553e-68  +4.545689e-110  +3.640796e-153  +1.435504e-197  +1.275959e-222  +1.430406e-256  +2.226999e-301 
+6.787245e-97  +1.373307e-57  +3.859047e-29  +1.506044e-11  +8.351873e-05  +3.159322e-05  +1.872824e-05  +5.615799e-05  +1.206192e-04  +1.179422e-04  +2.157178e-04  +1.841823e-04  +8.956317e-05  +1.798398e-04  +1.511907e-04  +7.987861e-05  +2.509951e-04  +2.384599e-04  +2.853814e-04  +3.843082e-04  +2.593621e-05  +5.549596e-05  +1.884675e-06  +1.976821e-16  +2.936840e-37  +4.872317e-61  +9.848288e-84  +2.765170e-117  +2.427318e-142  +1.959348e-165  +2.196515e-199  +3.419754e-244 
+2.191207e-95  +1.245884e-56  +9.838742e-29  +1.089581e-11  +3.960635e-05  +2.368906e-05  +2.985598e-06  +1.324563e-04  +9.157298e-05  +2.250347e-04  +2.078048e-04  +2.305986e-04  +1.677787e-04  +7.593465e-05  +1.465678e-04  +2.340206e-04  +1.879912e-04  +3.194298e-04  +2.045893e-04  +3.381215e-04  +2.339690e-05  +7.419054e-05  +1.853192e-07  +3.724315e-17  +4.802208e-24  +5.138083e-36  +1.038782e-58  +8.951085e-84  +5.176540e-96  +4.178538e-119  +4.684325e-153  +7.293025e-198 
+1.901145e-96  +1.080960e-57  +8.538573e-30  +1.028032e-12  +4.325328e-05  +1.908997e-05  +2.515075e-07  +6.522798e-05  +1.011759e-04  +2.265892e-05  +2.091438e-04  +1.114038e-04  +3.115240e-04  +7.927298e-05  +1.139224e-04  +1.844817e-04  +1.102039e-04  +2.469395e-04  +2.981091e-04  +2.779313e-04  +6.849226e-05  +1.940976e-06  +5.718118e-10  +2.846329e-06  +5.172290e-10  +7.526663e-22  +1.017364e-42  +2.638185e-48  +1.533170e-60  +1.237585e-83  +1.387388e-117  +2.160024e-162 
+2.451394e-108  +5.287167e-68  +7.780935e-37  +2.695893e-16  +1.384471e-06  +1.929546e-04  +3.089701e-05  +4.463602e-07  +8.468716e-05  +2.593380e-05  +3.399244e-04  +1.026151e-04  +2.117715e-05  +2.042519e-04  +1.462021e-04  +9.621581e-05  +2.485331e-04  +9.955633e-05  +2.152427e-04  +8.515597e-05  +4.911414e-04  +9.029948e-05  +6.436988e-05  +1.005111e-04  +1.051906e-06  +1.648962e-15  +1.154824e-19  +1.085010e-23  +6.306364e-36  +5.090539e-59  +5.706719e-93  +8.884791e-138 
+5.665965e-121  +1.091339e-78  +2.919506e-47  +1.084707e-26  +1.283855e-15  +6.710610e-11  +7.036705e-12  +7.110201e-07  +1.190736e-04  +5.517978e-05  +2.217718e-04  +4.268076e-05  +3.284182e-04  +5.683830e-05  +2.908388e-04  +1.817009e-04  +4.195179e-04  +4.260152e-04  +2.976006e-04  +1.164314e-05  +1.768868e-04  +2.306175e-04  +4.151032e-04  +2.713848e-04  +1.159928e-04  +8.271496e-06  +2.008358e-07  +6.198105e-10  +3.602514e-22  +2.907974e-45  +3.259967e-79  +5.075442e-124 
+3.187773e-142  +6.140474e-100  +1.642686e-68  +8.595149e-48  +9.584773e-33  +5.130594e-28  +4.218458e-14  +7.567891e-06  +1.275942e-04  +7.892746e-05  +2.090347e-04  +5.327234e-05  +1.454669e-04  +6.272191e-06  +1.067690e-04  +2.879955e-04  +3.010695e-04  +3.967087e-04  +3.970940e-04  +1.850104e-04  +4.396905e-05  +3.491452e-04  +2.068789e-05  +4.013799e-04  +1.939948e-04  +4.649848e-05  +1.618416e-05  +4.917263e-07  +2.858053e-19  +2.307040e-42  +2.586293e-76  +4.026600e-121 
+2.490981e-174  +4.798273e-132  +1.293385e-100  +2.703946e-76  +1.039733e-60  +4.866524e-43  +2.833307e-22  +6.822845e-10  +2.894873e-08  +4.278508e-06  +8.485579e-07  +7.385534e-07  +5.352626e-07  +2.908348e-04  +2.485945e-04  +1.078264e-04  +1.768570e-04  +2.467476e-04  +1.867978e-04  +4.497799e-04  +1.984026e-04  +2.937499e-04  +1.098264e-04  +3.962398e-04  +1.937643e-04  +5.330743e-06  +1.604860e-13  +5.417838e-15  +3.149002e-27  +2.541895e-50  +2.849577e-84  +4.436506e-129 
+2.703283e-217  +5.207958e-175  +1.484711e-141  +4.072961e-115  +4.364808e-93  +4.194640e-59  +7.429382e-36  +1.827507e-23  +6.288092e-22  +6.933182e-15  +1.011299e-15  +2.879957e-18  +3.808812e-09  +6.241434e-05  +4.488076e-06  +1.151271e-05  +1.965689e-04  +3.538387e-04  +1.490812e-04  +1.916653e-04  +2.051347e-04  +3.057311e-04  +1.664517e-04  +1.574467e-04  +2.281983e-04  +1.711881e-05  +3.306590e-07  +1.148556e-15  +5.591417e-35  +3.780757e-65  +4.363895e-103  +6.788621e-148 
+4.074287e-271  +2.328110e-228  +3.077336e-191  +1.341316e-162  +1.223503e-117  +1.560397e-83  +2.763777e-60  +6.798433e-48  +1.517095e-44  +1.568103e-34  +2.285997e-35  +3.609391e-32  +3.748291e-17  +5.506768e-13  +1.018508e-10  +1.609030e-04  +2.082137e-05  +2.858311e-05  +7.283067e-06  +1.248721e-04  +1.424824e-04  +1.183251e-04  +1.949567e-04  +1.335807e-04  +1.104967e-04  +1.632066e-04  +2.395410e-05  +3.437783e-14  +1.600443e-33  +1.080564e-63  +1.014571e-104  +1.323031e-156 
+0.000000e+00  +4.484674e-289  +9.046197e-252  +6.883371e-198  +6.321108e-153  +8.061636e-119  +1.427878e-95  +3.512343e-83  +4.692365e-75  +4.925546e-65  +7.180506e-66  +4.933766e-51  +5.123632e-36  +9.307952e-32  +1.592037e-15  +1.979775e-09  +1.158987e-04  +1.183945e-04  +7.476465e-06  +8.792690e-05  +1.079028e-04  +4.787792e-05  +4.877470e-05  +1.334963e-04  +1.210411e-04  +2.663908e-08  +2.591362e-11  +2.765449e-21  +4.695090e-42  +5.121116e-73  +4.051008e-114  +5.252706e-166 
+0.000000e+00  +0.000000e+00  +7.469185e-300  +4.938867e-244  +4.535439e-199  +5.784280e-165  +1.024512e-141  +2.520131e-129  +2.046961e-116  +2.148682e-106  +1.565801e-106  +9.366152e-81  +9.726589e-66  +4.038160e-48  +3.499331e-31  +7.776281e-16  +2.086663e-09  +2.927031e-09  +2.179076e-04  +2.600653e-05  +8.701451e-05  +2.332435e-06  +1.280574e-04  +1.716546e-04  +1.599556e-08  +3.384724e-15  +6.391963e-28  +6.788868e-38  +1.001610e-58  +2.054510e-90  +6.061453e-133  +5.202862e-186 
+0.000000e+00  +0.000000e+00  +0.000000e+00  +4.921431e-301  +4.519427e-256  +5.763859e-222  +1.020895e-198  +2.512875e-186  +1.240124e-168  +1.301751e-158  +3.302329e-147  +2.469345e-121  +1.975872e-102  +1.225984e-74  +1.035326e-48  +1.999986e-31  +3.018536e-22  +4.039633e-08  +7.850563e-05  +1.794340e-08  +1.049177e-04  +1.015631e-04  +4.649694e-05  +1.910295e-07  +4.539966e-17  +1.358797e-30  +1.884567e-47  +2.325505e-65  +3.430868e-86  +7.029569e-118  +2.000299e-160  +7.907030e-214 
+0.000000e+00  +0.000000e+00  +0.000000e+00  +0.000000e+00  +4.940656e-324  +7.976555e-290  +1.412808e-266  +1.415246e-252  +1.043420e-231  +1.095271e-221  +1.209146e-198  +9.041515e-173  +8.305905e-140  +2.658634e-103  +3.698029e-75  +1.702509e-53  +1.637551e-28  +2.187543e-14  +4.058413e-11  +1.285508e-12  +4.824024e-06  +1.168829e-06  +1.748354e-07  +9.022980e-15  +5.582655e-29  +5.426098e-51  +1.041723e-73  +2.034922e-101  +1.632159e-124  +3.344160e-156  +9.515893e-199  +3.760539e-252 
+0.000000e+00  +0.000000e+00  +0.000000e+00  +0.000000e+00  +0.000000e+00  +0.000000e+00  +0.000000e+00  +0.000000e+00  +1.219244e-305  +1.291253e-295  +6.148588e-261  +1.086825e-226  +1.316788e-179  +1.318832e-140  +1.855947e-106  +1.285437e-70  +1.236444e-45  +1.651719e-31  +3.064331e-28  +1.583338e-23  +6.188935e-17  +1.378636e-18  +1.355885e-20  +6.909390e-28  +4.894534e-46  +3.174992e-72  +4.090389e-106  +1.553639e-138  +1.078767e-173  +2.209446e-205  +6.287035e-248  +2.484542e-301 
+0.000000e+00  +0.000000e+00  +0.000000e+00  +0.000000e+00  +0.000000e+00  +0.000000e+00  +0.000000e+00  +0.000000e+00  +0.000000e+00  +0.000000e+00  +0.000000e+00  +1.257908e-277  +9.071616e-228  +3.902429e-181  +1.946179e-134  +1.347933e-98  +1.296558e-73  +1.732023e-59  +3.213315e-56  +2.821366e-45  +1.102810e-38  +2.336754e-41  +1.460540e-44  +7.441642e-52  +5.266572e-70  +5.176735e-99  +3.543974e-137  +4.616838e-182  +4.469229e-225  +2.027298e-265  +5.768730e-308  +0.000000e+00 
+0.000000e+00  +0.000000e+00  +0.000000e+00  +0.000000e+00  +0.000000e+00  +0.000000e+00  +0.000000e+00  +0.000000e+00  +0.000000e+00  +0.000000e+00  +0.000000e+00  +0.000000e+00  +1.582635e-277  +5.683169e-220  +2.834251e-173  +1.963017e-137  +1.888198e-112  +2.522372e-98  +7.160335e-95  +6.982057e-78  +2.729131e-71  +6.716832e-75  +2.189410e-79  +1.113104e-86  +7.877619e-105  +7.742695e-134  +1.056889e-173  +9.343316e-224  +1.342091e-279  +0.000000e+00  +0.000000e+00  +0.000000e+00 
+0.000000e+00  +0.000000e+00  +0.000000e+00  +0.000000e+00  +0.000000e+00  +0.000000e+00  +0.000000e+00  +0.000000e+00  +0.000000e+00  +0.000000e+00  +0.000000e+00  +0.000000e+00  +0.000000e+00  +1.149434e-269  +5.732337e-223  +3.970246e-187  +3.818924e-162  +5.101556e-148  +8.525949e-139  +2.399635e-121  +9.379642e-115  +6.763526e-119  +4.700342e-125  +2.312281e-132  +1.636439e-150  +1.608411e-179  +2.195494e-219  +4.162033e-270  +0.000000e+00  +0.000000e+00  +0.000000e+00  +0.000000e+00 
+0.000000e+00  +0.000000e+00  +0.000000e+00  +0.000000e+00  +0.000000e+00  +0.000000e+00  +0.000000e+00  +0.000000e+00  +0.000000e+00  +0.000000e+00  +0.000000e+00  +0.000000e+00  +0.000000e+00  +0.000000e+00  +1.610138e-283  +1.115190e-247  +1.072686e-222  +1.432960e-208  +4.069509e-193  +1.145368e-175  +4.476990e-169  +2.504470e-173  +2.031116e-181  +6.670887e-189  +4.721096e-207  +4.640235e-236  +6.333957e-276  +0.000000e+00  +0.000000e+00  +0.000000e+00  +0.000000e+00  +0.000000e+00 
