+0.000000e+00  +0.000000e+00  +0.000000e+00  +0.000000e+00  +0.000000e+00  +0.000000e+00  +0.000000e+00  +3.197760e-299  +3.952872e-261  +6.786059e-234  +1.618095e-217  +7.232786e-208  +4.487184e-205  +3.866448e-213  +4.626884e-232  +2.381561e-250  +1.689903e-272  +3.374807e-305  +0.000000e+00  +0.000000e+00  +0.000000e+00  +0.000000e+00  +0.000000e+00  +0.000000e+00  +0.000000e+00  +0.000000e+00  +0.000000e+00  +0.000000e+00  +0.000000e+00  +0.000000e+00  +0.000000e+00  +0.000000e+00 
+0.000000e+00  +0.000000e+00  +0.000000e+00  +0.000000e+00  +0.000000e+00  +0.000000e+00  +6.282282e-278  +1.526943e-237  +1.887382e-199  +3.240146e-172  +7.725210e-156  +2.272525e-147  +1.408380e-144  +1.213552e-152  +1.474626e-171  +1.144201e-184  +8.118997e-207  +2.172564e-232  +5.897930e-257  +2.223687e-292  +0.000000e+00  +0.000000e+00  +0.000000e+00  +0.000000e+00  +0.000000e+00  +0.000000e+00  +0.000000e+00  +0.000000e+00  +0.000000e+00  +0.000000e+00  +0.000000e+00  +0.000000e+00 
+0.000000e+00  +0.000000e+00  +0.000000e+00  +0.000000e+00  +1.482197e-323  +1.257705e-265  +1.510865e-218  +2.520738e-182  +1.251540e-148  +2.148570e-121  +5.122626e-105  +1.006434e-97  +6.139092e-95  +5.289881e-103  +1.494867e-118  +7.634502e-130  +5.418158e-152  +3.836972e-170  +1.041656e-194  +3.927339e-230  +2.056738e-276  +0.000000e+00  +0.000000e+00  +3.511909e-317  +8.190437e-308  +2.091722e-306  +4.407795e-311  +0.000000e+00  +0.000000e+00  +0.000000e+00  +0.000000e+00  +0.000000e+00 
+0.000000e+00  +0.000000e+00  +0.000000e+00  +0.000000e+00  +4.856421e-275  +4.200733e-217  +5.046285e-170  +8.418920e-134  +3.103219e-108  +1.978666e-81  +4.717551e-65  +7.552180e-59  +3.716510e-56  +3.203267e-64  +1.384634e-74  +7.074524e-86  +5.348306e-105  +9.411333e-119  +2.554978e-143  +9.634590e-179  +2.055049e-224  +2.645011e-272  +8.674584e-262  +1.456690e-241  +3.397267e-232  +6.953331e-231  +1.464784e-235  +4.292202e-251  +1.746725e-277  +9.872039e-315  +0.000000e+00  +0.000000e+00 
+0.000000e+00  +0.000000e+00  +0.000000e+00  +2.107986e-287  +2.252685e-237  +1.948539e-179  +2.340754e-132  +3.905175e-96  +9.048219e-71  +2.530953e-52  +6.033896e-36  +2.504330e-30  +3.126964e-28  +2.720890e-36  +1.781925e-41  +9.104626e-53  +1.645692e-64  +3.205914e-78  +8.704897e-103  +1.379672e-137  +1.801803e-175  +3.291173e-221  +4.997014e-197  +8.391299e-177  +1.956998e-167  +3.210360e-166  +6.760268e-171  +1.980936e-186  +8.061480e-213  +4.556141e-250  +3.576164e-298  +0.000000e+00 
+0.000000e+00  +1.447819e-312  +5.412190e-282  +7.688967e-231  +2.481281e-188  +1.542465e-152  +1.507919e-105  +2.515721e-69  +5.828881e-44  +1.875671e-29  +1.072608e-17  +3.693707e-12  +3.752642e-11  +1.299331e-18  +3.184797e-19  +3.382037e-29  +7.759602e-35  +1.516946e-48  +1.796667e-72  +2.368062e-100  +3.113489e-135  +3.306206e-174  +3.997702e-143  +6.713192e-123  +1.565631e-113  +2.058707e-112  +4.333034e-117  +1.269692e-132  +5.167053e-159  +2.920285e-196  +2.292164e-244  +2.498641e-303 
+2.341440e-280  +8.517253e-243  +4.302829e-216  +3.852140e-183  +1.256735e-142  +5.633432e-111  +5.071693e-84  +2.250727e-53  +5.214891e-28  +1.678053e-13  +1.895745e-09  +1.337232e-04  +1.385319e-04  +2.151336e-07  +7.933891e-08  +6.974665e-12  +5.098638e-16  +4.517965e-29  +6.015825e-47  +5.680936e-71  +7.472221e-106  +6.958703e-131  +4.441691e-100  +7.458765e-80  +1.739508e-70  +1.833691e-69  +3.857076e-74  +1.130224e-89  +4.599484e-116  +2.599510e-153  +2.040383e-201  +2.224181e-260 
+1.912961e-221  +6.958612e-184  +3.515420e-157  +2.552025e-141  +5.302791e-106  +3.962082e-76  +2.508136e-55  +1.728001e-36  +1.003876e-22  +2.230879e-08  +9.516056e-05  +4.493665e-05  +9.305076e-05  +1.727416e-04  +2.513885e-04  +5.203002e-05  +2.192689e-07  +2.993572e-15  +1.999256e-28  +1.894630e-52  +1.028106e-83  +6.912681e-91  +6.864210e-68  +1.150914e-47  +2.684118e-38  +2.268617e-37  +4.768286e-42  +1.397233e-57  +5.686083e-84  +3.213628e-121  +2.522411e-169  +2.749629e-228 
+2.170536e-173  +7.895573e-136  +3.988763e-109  +2.798538e-93  +1.964950e-76  +1.413993e-50  +2.409327e-31  +2.168431e-20  +1.135577e-10  +1.444880e-08  +1.996112e-05  +1.289785e-05  +1.473973e-04  +1.425465e-04  +1.870150e-05  +2.930359e-05  +4.482037e-05  +1.357167e-07  +2.050522e-19  +5.017624e-36  +8.380798e-61  +2.145444e-61  +3.075846e-41  +2.466366e-26  +5.751947e-17  +3.898667e-16  +8.186615e-21  +2.398893e-36  +9.762370e-63  +5.517440e-100  +4.330698e-148  +4.720806e-207 
+3.420315e-136  +1.244178e-98  +6.285462e-72  +4.409914e-56  +6.995824e-51  +9.495283e-32  +7.323016e-17  +2.825886e-08  +2.469109e-05  +7.560435e-05  +4.116944e-05  +4.343704e-05  +8.881236e-05  +8.289203e-05  +1.449829e-04  +6.820929e-06  +1.704941e-04  +6.467079e-05  +5.497121e-10  +9.846937e-24  +3.397850e-47  +1.635780e-37  +1.264445e-22  +2.647146e-13  +1.711870e-06  +9.307024e-06  +1.952021e-10  +5.719932e-26  +2.327744e-52  +1.315581e-89  +1.032614e-137  +1.125631e-196 
+7.485194e-110  +2.722824e-72  +1.375543e-45  +9.650882e-30  +1.059870e-24  +1.932514e-17  +9.738200e-09  +7.821760e-05  +1.309725e-04  +1.196887e-04  +3.654974e-04  +1.590352e-04  +1.611560e-04  +1.194423e-04  +3.611658e-05  +8.197967e-05  +2.717237e-05  +1.276458e-04  +1.167850e-06  +8.957545e-19  +4.576311e-24  +3.266285e-17  +8.558099e-11  +1.497493e-05  +1.033492e-04  +3.088909e-06  +6.464015e-11  +1.894126e-26  +7.708204e-53  +4.356478e-90  +3.419447e-138  +3.727470e-197 
+2.274982e-94  +8.275506e-57  +4.180701e-30  +2.933202e-14  +3.166895e-09  +1.007973e-10  +6.732330e-05  +2.951273e-04  +3.641706e-04  +6.963233e-05  +1.985734e-04  +2.506871e-04  +1.709806e-04  +1.543447e-04  +3.682656e-05  +3.672686e-04  +1.427924e-04  +1.931699e-05  +3.280162e-07  +5.516126e-08  +7.811991e-10  +1.387910e-07  +1.490554e-05  +1.202570e-04  +1.244158e-06  +1.897112e-13  +2.972750e-22  +8.710934e-38  +3.544942e-64  +2.003510e-101  +1.572577e-149  +1.714234e-208 
+9.655277e-90  +3.507577e-52  +1.777052e-25  +1.270007e-09  +1.500025e-04  +3.447368e-05  +1.698876e-04  +2.261432e-04  +2.576041e-04  +4.073798e-04  +2.319576e-04  +3.560003e-04  +2.193187e-04  +2.052605e-04  +3.101797e-04  +4.625899e-04  +3.098916e-04  +1.165563e-04  +3.270829e-04  +8.560693e-05  +1.275050e-04  +7.386620e-05  +6.020148e-05  +1.724956e-06  +1.949227e-13  +3.424661e-25  +5.454060e-43  +5.563634e-60  +2.264138e-86  +1.279633e-123  +1.004398e-171  +1.094873e-230 
+4.714320e-89  +9.916465e-52  +2.897935e-25  +1.179727e-09  +1.162119e-04  +2.440930e-04  +1.199159e-04  +2.514178e-04  +1.090513e-04  +3.442550e-04  +3.632272e-05  +1.776958e-04  +1.887760e-04  +3.747896e-04  +1.808023e-04  +4.416815e-04  +2.621660e-04  +2.649736e-04  +1.348859e-04  +1.168647e-04  +3.336698e-04  +1.149059e-04  +1.392805e-05  +8.970041e-07  +7.531648e-07  +2.285909e-13  +9.635946e-31  +5.644769e-59  +5.347906e-95  +1.096097e-138  +3.122659e-193  +1.235497e-258 
+6.131456e-97  +1.289672e-59  +3.767388e-33  +1.712798e-17  +7.992598e-09  +2.672546e-06  +9.319886e-06  +1.561648e-04  +2.941809e-04  +4.084278e-04  +1.230284e-04  +3.595425e-04  +2.612250e-04  +5.528996e-04  +3.283444e-04  +5.228529e-04  +3.294689e-04  +2.344202e-04  +2.996346e-04  +7.709378e-05  +1.873578e-04  +2.116137e-04  +1.852935e-04  +8.528114e-05  +4.692267e-05  +1.656937e-11  +2.772509e-23  +2.948722e-45  +4.355456e-78  +8.934523e-122  +2.545347e-176  +1.007072e-241 
+1.107514e-115  +2.329519e-78  +6.957958e-52  +4.195666e-33  +6.321827e-20  +1.613753e-17  +1.253522e-12  +5.137193e-08  +5.898641e-05  +1.999870e-04  +1.152002e-04  +1.615346e-04  +1.090737e-04  +1.846740e-04  +2.412848e-04  +1.543212e-04  +5.189219e-04  +3.798124e-04  +4.095760e-04  +4.102557e-04  +4.167247e-04  +1.697574e-04  +1.990130e-04  +3.402500e-05  +4.902561e-05  +4.099940e-06  +3.138616e-17  +3.338063e-39  +4.930536e-72  +1.011421e-115  +2.881426e-170  +1.140043e-235 
+2.778260e-145  +5.868221e-108  +4.269555e-79  +4.540260e-55  +7.674397e-42  +2.337821e-39  +3.561676e-27  +9.355939e-19  +1.039266e-10  +9.420729e-08  +3.744661e-11  +1.624468e-07  +1.655336e-05  +2.121417e-06  +9.169818e-05  +4.073411e-04  +2.784821e-04  +2.003328e-04  +9.892885e-05  +6.697028e-05  +2.099773e-04  +1.438048e-04  +2.817674e-04  +1.128243e-04  +4.601848e-05  +1.720590e-07  +4.561146e-20  +2.168502e-43  +8.583260e-77  +1.595965e-120  +4.530651e-175  +1.792344e-240 
+9.686651e-186  +8.540946e-147  +6.289210e-112  +7.654581e-88  +1.293857e-74  +1.500996e-67  +2.031196e-52  +3.859152e-36  +1.697370e-24  +3.445058e-21  +3.751472e-27  +6.806329e-17  +8.001915e-15  +3.179598e-08  +8.582061e-05  +4.186179e-04  +2.530725e-04  +2.612273e-04  +5.419504e-04  +4.215920e-04  +9.060621e-05  +7.462287e-05  +3.564740e-05  +1.605067e-04  +1.609124e-05  +2.242391e-15  +6.877327e-29  +2.505492e-52  +1.267666e-86  +8.907803e-132  +8.702315e-188  +1.217191e-254 
+3.629007e-236  +1.680302e-190  +1.472565e-155  +1.792262e-131  +3.029469e-118  +8.227809e-104  +4.912750e-83  +6.860040e-63  +8.782445e-49  +1.783309e-45  +9.786229e-50  +4.060160e-37  +3.533853e-24  +6.847417e-10  +3.307003e-05  +4.307912e-05  +2.511799e-04  +1.385423e-04  +1.477590e-04  +2.004659e-04  +2.126659e-04  +2.245720e-04  +1.007900e-04  +1.103699e-04  +4.397675e-08  +9.762777e-20  +1.697153e-40  +9.419549e-72  +2.683564e-106  +1.885651e-151  +1.840130e-207  +2.493869e-274 
+8.658739e-291  +5.463909e-245  +4.788424e-210  +5.828001e-186  +9.852025e-173  +8.034233e-151  +1.546801e-121  +4.319011e-98  +6.314382e-84  +1.282159e-80  +7.591556e-81  +8.740193e-61  +1.222625e-35  +1.900518e-19  +2.466529e-09  +6.341049e-06  +2.688740e-04  +4.778613e-04  +3.911105e-04  +1.773346e-04  +1.614368e-04  +9.874828e-05  +2.686311e-05  +3.570530e-05  +1.899993e-13  +4.829987e-29  +6.883299e-54  +3.252367e-87  +1.090925e-129  +6.054038e-182  +5.409959e-238  +7.331945e-305 
+0.000000e+00  +2.467513e-310  +2.162462e-275  +2.631938e-251  +9.824668e-235  +5.125908e-201  +4.160565e-169  +4.312324e-144  +6.304989e-130  +1.280251e-126  +3.516259e-105  +7.073218e-64  +1.976019e-33  +7.666623e-14  +4.175323e-05  +1.253675e-04  +3.047969e-04  +4.031300e-05  +1.668831e-04  +1.600251e-04  +1.622918e-04  +7.864713e-06  +8.734628e-07  +1.256124e-10  +4.430306e-21  +3.254190e-40  +3.562792e-70  +2.036329e-107  +5.608107e-154  +5.597984e-209  +3.622923e-273  +0.000000e+00 
+0.000000e+00  +0.000000e+00  +0.000000e+00  +0.000000e+00  +3.511701e-302  +3.794060e-261  +5.680293e-226  +5.980023e-201  +4.432024e-172  +1.357866e-144  +2.387065e-104  +6.604413e-64  +2.943542e-34  +7.433473e-15  +1.288802e-05  +1.600704e-04  +3.533031e-04  +5.251194e-04  +4.405063e-04  +4.157947e-04  +1.801638e-04  +3.970491e-05  +2.228200e-05  +2.345390e-08  +1.052463e-18  +6.694492e-40  +5.916592e-72  +7.281652e-115  +1.268579e-168  +3.477549e-233  +4.631506e-308  +0.000000e+00 
+0.000000e+00  +0.000000e+00  +0.000000e+00  +0.000000e+00  +0.000000e+00  +1.395273e-274  +1.595880e-214  +2.535008e-165  +5.592374e-127  +1.713370e-99  +7.294968e-83  +2.193136e-61  +9.689733e-32  +6.531833e-13  +7.915110e-05  +1.594748e-04  +1.071882e-04  +8.445091e-05  +1.888566e-04  +7.379350e-05  +1.231812e-04  +1.534020e-04  +2.374781e-04  +1.285288e-05  +3.044277e-15  +1.337289e-35  +8.469716e-67  +7.489630e-109  +9.204736e-162  +1.571248e-225  +3.724968e-300  +0.000000e+00 
+0.000000e+00  +0.000000e+00  +0.000000e+00  +0.000000e+00  +2.968851e-311  +2.445071e-240  +2.796614e-180  +4.442336e-131  +9.800052e-93  +3.002502e-65  +1.277545e-48  +9.798422e-38  +3.867860e-25  +1.974278e-14  +1.878289e-06  +7.283784e-05  +3.122719e-04  +2.338890e-04  +1.387174e-04  +1.268514e-04  +2.154525e-04  +9.930001e-06  +4.764966e-08  +3.532982e-08  +1.143500e-17  +5.246921e-38  +3.343731e-69  +2.959349e-111  +3.637465e-164  +6.209256e-228  +1.472035e-302  +0.000000e+00 
+0.000000e+00  +0.000000e+00  +0.000000e+00  +0.000000e+00  +7.225343e-288  +5.950610e-217  +6.806166e-157  +1.081139e-107  +2.385055e-69  +7.307239e-42  +3.109182e-25  +1.856026e-19  +3.976194e-11  +3.098850e-06  +1.149542e-04  +1.997190e-04  +2.839057e-05  +7.046772e-05  +2.379595e-04  +2.260357e-04  +2.306994e-04  +1.898519e-04  +3.871185e-06  +1.761134e-13  +7.415732e-31  +2.879641e-51  +1.835123e-82  +1.624164e-124  +1.996332e-177  +3.407794e-241  +8.078896e-316  +0.000000e+00 
+0.000000e+00  +0.000000e+00  +0.000000e+00  +0.000000e+00  +2.442117e-275  +2.011266e-204  +2.300438e-144  +3.654177e-95  +8.061325e-57  +2.469797e-29  +1.050883e-12  +6.245486e-07  +1.169319e-05  +8.669486e-05  +1.587844e-05  +3.985309e-05  +6.363886e-07  +1.985952e-09  +3.706288e-05  +4.435524e-04  +1.056799e-04  +5.305577e-05  +6.339918e-06  +1.921067e-13  +1.243625e-31  +1.118115e-60  +1.396117e-100  +1.240367e-148  +1.521614e-201  +2.597438e-265  +0.000000e+00  +0.000000e+00 
+0.000000e+00  +0.000000e+00  +0.000000e+00  +0.000000e+00  +1.146337e-273  +9.440946e-203  +1.079833e-142  +1.715282e-93  +3.784011e-55  +1.159331e-27  +4.932904e-11  +3.537318e-05  +1.138933e-05  +6.826719e-07  +2.374088e-06  +8.662561e-11  +1.399185e-10  +2.359266e-04  +1.339359e-04  +6.257358e-05  +3.604856e-05  +2.538991e-05  +2.408269e-11  +6.086207e-23  +1.885873e-42  +1.693801e-71  +2.114936e-111  +3.667500e-162  +8.832445e-224  +2.954405e-296  +0.000000e+00  +0.000000e+00 
+0.000000e+00  +0.000000e+00  +0.000000e+00  +0.000000e+00  +7.473024e-283  +6.154594e-212  +7.039478e-152  +1.118200e-102  +2.466814e-64  +7.557727e-37  +3.216471e-20  +1.701895e-13  +4.575386e-14  +1.971921e-17  +1.111850e-17  +2.271560e-24  +1.567545e-15  +4.140113e-07  +9.195887e-07  +2.827097e-11  +4.285531e-11  +8.770246e-13  +1.362182e-21  +8.750466e-39  +2.923304e-61  +3.699216e-93  +4.449510e-133  +7.715857e-184  +1.858211e-245  +6.215035e-318  +0.000000e+00  +0.000000e+00 
+0.000000e+00  +0.000000e+00  +0.000000e+00  +0.000000e+00  +6.765786e-303  +5.572131e-232  +6.373270e-172  +1.012375e-122  +2.233357e-84  +6.842475e-57  +2.935317e-40  +5.117762e-32  +1.512533e-32  +8.107971e-39  +2.259062e-39  +9.288322e-47  +4.665953e-28  +6.485719e-19  +5.267798e-19  +8.480816e-24  +9.941327e-28  +4.215617e-31  +6.547609e-40  +1.412353e-59  +6.143644e-88  +2.836567e-121  +3.131393e-165  +2.254591e-216  +5.429339e-278  +0.000000e+00  +0.000000e+00  +0.000000e+00 
+0.000000e+00  +0.000000e+00  +0.000000e+00  +0.000000e+00  +0.000000e+00  +7.006178e-263  +8.013499e-203  +1.272920e-153  +2.808136e-115  +8.603529e-88  +4.780012e-71  +2.390004e-61  +7.086159e-62  +5.022090e-71  +1.131818e-71  +1.019602e-70  +1.021263e-50  +1.420796e-41  +4.308196e-42  +6.652161e-47  +3.207869e-55  +2.814296e-60  +4.370887e-69  +9.428218e-89  +2.824411e-119  +8.350451e-159  +5.315520e-203  +4.857694e-258  +2.208473e-321  +0.000000e+00  +0.000000e+00  +0.000000e+00 
+0.000000e+00  +0.000000e+00  +0.000000e+00  +0.000000e+00  +0.000000e+00  +1.223429e-304  +1.399329e-244  +2.222792e-195  +4.903609e-157  +1.502822e-129  +7.922496e-112  +1.555035e-101  +4.610950e-102  +2.416714e-113  +8.582659e-115  +3.101657e-104  +3.107062e-84  +4.322590e-75  +5.229257e-76  +7.246520e-81  +1.439335e-93  +2.615463e-100  +4.052232e-109  +8.740864e-129  +2.618499e-159  +1.089403e-200  +2.205645e-251  +1.921275e-306  +0.000000e+00  +0.000000e+00  +0.000000e+00  +0.000000e+00 
+0.000000e+00  +0.000000e+00  +0.000000e+00  +0.000000e+00  +0.000000e+00  +0.000000e+00  +3.393561e-297  +5.390570e-248  +1.189191e-209  +3.686209e-182  +6.597281e-163  +1.405260e-152  +4.166852e-153  +1.716961e-164  +9.117866e-169  +1.310521e-148  +1.312805e-128  +1.826393e-119  +1.017652e-120  +1.096312e-125  +2.600406e-141  +3.762161e-151  +5.217435e-160  +1.125426e-179  +3.371437e-210  +1.402656e-251  +8.104477e-304  +0.000000e+00  +0.000000e+00  +0.000000e+00  +0.000000e+00  +0.000000e+00 
