+0.000000e+00  +0.000000e+00  +0.000000e+00  +0.000000e+00  +0.000000e+00  +0.000000e+00  +0.000000e+00  +0.000000e+00  +0.000000e+00  +0.000000e+00  +0.000000e+00  +0.000000e+00  +0.000000e+00  +0.000000e+00  +0.000000e+00  +2.237729e-307  +3.490943e-292  +1.953054e-265  +6.418938e-227  +3.153009e-199  +5.180359e-180  +1.657478e-170  +1.304529e-171  +1.181628e-164  +3.521343e-168  +1.457383e-182  +8.376783e-208  +6.686805e-244  +7.413068e-291  +0.000000e+00  +0.000000e+00  +0.000000e+00 
+0.000000e+00  +0.000000e+00  +0.000000e+00  +0.000000e+00  +0.000000e+00  +0.000000e+00  +0.000000e+00  +0.000000e+00  +0.000000e+00  +0.000000e+00  +0.000000e+00  +0.000000e+00  +0.000000e+00  +1.134735e-296  +3.011091e-260  +2.389128e-234  +2.644057e-219  +6.644885e-207  +2.979175e-171  +1.366135e-143  +1.552243e-125  +4.707628e-116  +2.406482e-117  +3.677223e-111  +1.095841e-114  +4.535373e-129  +2.606852e-154  +2.080932e-190  +2.306945e-237  +3.551869e-295  +0.000000e+00  +0.000000e+00 
+0.000000e+00  +0.000000e+00  +0.000000e+00  +0.000000e+00  +0.000000e+00  +0.000000e+00  +0.000000e+00  +0.000000e+00  +0.000000e+00  +0.000000e+00  +2.921722e-300  +1.027977e-278  +3.334729e-254  +3.203489e-226  +4.464716e-198  +3.542496e-172  +3.903754e-157  +1.025564e-146  +1.920325e-126  +8.767513e-99  +1.133882e-81  +1.857356e-72  +1.009558e-73  +1.589268e-68  +4.736141e-72  +1.960154e-86  +1.126662e-111  +8.993710e-148  +9.972187e-195  +1.540319e-252  +5.306265e-321  +0.000000e+00 
+0.000000e+00  +0.000000e+00  +0.000000e+00  +0.000000e+00  +0.000000e+00  +0.000000e+00  +0.000000e+00  +0.000000e+00  +6.609989e-306  +1.205783e-262  +3.054748e-230  +1.074780e-208  +2.845235e-193  +2.923767e-166  +9.444206e-147  +7.294865e-121  +8.038425e-106  +2.201368e-97  +1.896889e-92  +7.846524e-65  +5.290549e-48  +1.021580e-39  +7.640193e-41  +9.539253e-37  +2.842759e-40  +1.176553e-54  +6.764425e-80  +5.427813e-116  +6.628440e-163  +3.092818e-216  +2.792606e-277  +0.000000e+00 
+0.000000e+00  +0.000000e+00  +0.000000e+00  +0.000000e+00  +0.000000e+00  +0.000000e+00  +0.000000e+00  +7.833803e-301  +9.597877e-247  +1.750828e-203  +4.435573e-171  +1.560609e-149  +7.628851e-139  +1.100805e-116  +2.573270e-99  +2.086234e-80  +2.298881e-65  +6.596817e-59  +5.300756e-55  +9.754957e-42  +6.207728e-25  +8.287738e-18  +1.111848e-18  +7.953166e-16  +2.370769e-19  +9.893931e-34  +6.604857e-59  +2.377030e-93  +1.021383e-132  +6.641188e-183  +5.997095e-244  +7.520978e-316 
+0.000000e+00  +0.000000e+00  +0.000000e+00  +0.000000e+00  +0.000000e+00  +7.628257e-317  +2.392155e-281  +3.265170e-247  +2.167689e-198  +3.530660e-155  +8.944625e-123  +3.147070e-101  +1.537761e-90  +1.683572e-77  +4.229150e-61  +8.293988e-51  +9.130622e-36  +4.113708e-31  +2.194419e-27  +1.684326e-29  +1.068177e-12  +1.832427e-06  +3.180393e-07  +9.376812e-06  +3.500261e-09  +7.316602e-23  +1.930069e-42  +6.506369e-71  +3.046230e-110  +1.982066e-160  +1.867231e-221  +8.455770e-293 
+0.000000e+00  +0.000000e+00  +0.000000e+00  +0.000000e+00  +3.711682e-294  +9.601412e-250  +3.449834e-216  +4.943577e-186  +5.160366e-156  +1.186257e-117  +2.505028e-85  +8.813668e-64  +4.306643e-53  +1.779587e-47  +2.123740e-33  +1.244299e-26  +5.036529e-17  +7.864147e-13  +1.261652e-10  +3.294628e-15  +3.237374e-11  +6.714973e-05  +1.794265e-04  +6.973046e-05  +1.980469e-06  +3.293722e-13  +8.070295e-31  +4.314956e-59  +4.903990e-97  +1.957736e-145  +1.113162e-204  +3.922010e-272 
+0.000000e+00  +0.000000e+00  +0.000000e+00  +3.483938e-293  +6.488156e-238  +1.678352e-193  +6.029554e-160  +1.431202e-135  +1.993304e-112  +6.098405e-86  +1.298176e-58  +3.428035e-37  +1.675048e-26  +6.508470e-24  +7.411244e-16  +4.010961e-10  +6.431064e-09  +6.225953e-05  +1.030201e-04  +7.758343e-06  +8.007002e-05  +2.658340e-04  +1.546678e-04  +2.507343e-04  +1.181089e-04  +9.828326e-10  +1.499704e-25  +3.188573e-52  +2.700608e-88  +7.286365e-129  +2.465869e-178  +7.588809e-233 
+0.000000e+00  +0.000000e+00  +1.503700e-313  +8.879563e-248  +1.577936e-192  +4.074712e-148  +1.463767e-114  +7.303717e-92  +7.845939e-73  +1.753523e-60  +1.406639e-37  +2.876180e-21  +9.048255e-11  +1.418572e-10  +1.092916e-06  +3.027133e-04  +8.980781e-05  +1.468794e-04  +1.871105e-04  +1.798263e-04  +4.987015e-04  +4.678617e-04  +2.642763e-04  +2.291004e-04  +2.295509e-04  +3.965994e-08  +6.624941e-21  +7.015286e-40  +1.646180e-69  +3.457709e-103  +7.752400e-147  +2.413915e-201 
+0.000000e+00  +0.000000e+00  +8.188732e-277  +4.244600e-212  +7.976223e-158  +1.398627e-113  +4.938320e-80  +2.462323e-57  +4.459598e-44  +8.483237e-32  +8.318566e-24  +7.570286e-11  +1.305152e-05  +1.569062e-04  +3.095671e-04  +4.289737e-05  +4.108212e-05  +1.033637e-04  +1.504867e-04  +3.373213e-04  +6.994499e-04  +3.143543e-04  +2.167134e-04  +2.316791e-04  +3.374996e-04  +3.531505e-05  +3.804534e-13  +8.140107e-28  +9.461606e-50  +1.527477e-82  +3.424699e-126  +1.066370e-180 
+0.000000e+00  +4.979240e-278  +2.172459e-239  +5.144794e-186  +3.487809e-132  +3.881187e-89  +2.731241e-56  +1.160495e-33  +7.990897e-22  +6.433429e-14  +4.184743e-10  +9.070819e-07  +3.545683e-05  +2.068755e-04  +1.666509e-04  +1.539221e-04  +1.810925e-04  +1.909083e-04  +6.405049e-06  +1.882192e-04  +2.821182e-04  +3.584835e-04  +3.821883e-04  +3.284791e-04  +2.113815e-04  +1.365298e-04  +5.966314e-07  +4.993639e-18  +5.804823e-40  +9.371277e-73  +2.101099e-116  +6.542327e-171 
+2.308207e-268  +3.015878e-220  +1.307363e-181  +8.337733e-154  +6.247553e-117  +5.845716e-74  +7.735917e-42  +2.117749e-20  +5.537508e-09  +8.179979e-07  +7.702276e-05  +2.478801e-05  +2.217938e-04  +2.552140e-04  +2.574456e-04  +3.144780e-05  +1.181236e-04  +4.753609e-05  +7.258855e-05  +1.675349e-04  +3.136973e-04  +2.638812e-04  +2.792913e-04  +9.323531e-05  +1.245649e-05  +9.129820e-05  +6.896191e-08  +4.255956e-19  +4.945968e-41  +7.984742e-74  +1.790229e-117  +5.574352e-172 
+3.328939e-218  +2.963342e-172  +1.096195e-134  +6.639869e-107  +3.706077e-89  +1.463653e-69  +1.900889e-37  +3.435215e-16  +9.059637e-06  +9.536242e-05  +6.818450e-05  +2.845522e-04  +5.433292e-05  +2.196583e-04  +2.104954e-04  +1.961012e-04  +1.732893e-04  +1.769319e-04  +3.290402e-04  +1.288779e-04  +2.725867e-04  +1.623444e-04  +8.409412e-05  +2.179687e-04  +5.567117e-05  +3.214537e-06  +1.943867e-09  +3.068195e-23  +6.725766e-48  +2.056981e-83  +2.984093e-129  +6.601292e-184 
+6.955210e-179  +5.668291e-133  +7.684696e-98  +7.699198e-71  +8.497468e-54  +4.260187e-44  +1.577281e-34  +4.172087e-17  +3.196667e-06  +1.915724e-05  +1.534741e-04  +1.588347e-04  +8.857320e-05  +2.095494e-04  +1.686490e-04  +2.098341e-04  +4.243995e-05  +1.258765e-06  +1.158919e-04  +9.484774e-07  +3.923869e-06  +2.414694e-04  +1.467102e-04  +2.360926e-05  +4.153942e-05  +1.305076e-06  +1.350381e-18  +1.440957e-34  +3.158682e-59  +9.616097e-95  +4.065648e-141  +2.387254e-198 
+2.018930e-150  +1.645648e-104  +1.864005e-69  +4.174890e-45  +1.061676e-28  +4.202773e-21  +8.183749e-15  +4.992589e-13  +2.457630e-09  +1.126183e-04  +3.095242e-04  +1.161663e-04  +1.119170e-04  +9.785517e-05  +1.818340e-04  +7.619371e-06  +1.400167e-13  +5.399530e-11  +1.005571e-04  +2.033783e-04  +2.953415e-04  +1.766817e-04  +2.864618e-04  +1.028111e-04  +5.961534e-05  +1.047668e-09  +2.587988e-23  +3.531863e-46  +7.153548e-80  +6.271980e-117  +2.651768e-163  +1.557057e-220 
+8.279121e-133  +6.736938e-87  +7.642975e-52  +1.214550e-27  +5.069198e-14  +7.819697e-08  +7.092409e-06  +5.227373e-05  +1.602645e-06  +2.914830e-04  +3.952247e-04  +2.426139e-04  +2.727399e-04  +8.260521e-05  +3.287722e-06  +7.071369e-12  +5.816555e-06  +3.799165e-06  +1.333372e-05  +1.982615e-05  +2.242466e-06  +1.319783e-04  +5.635179e-05  +1.673122e-04  +4.486489e-05  +9.370634e-11  +8.938877e-26  +1.193273e-51  +2.212385e-88  +5.697151e-136  +2.249232e-194  +1.410419e-253 
+1.037604e-125  +7.496638e-80  +7.734841e-45  +1.163618e-20  +2.671804e-07  +2.121327e-04  +1.478536e-04  +1.448406e-04  +1.139941e-04  +3.419307e-04  +2.117764e-04  +2.322182e-04  +4.513853e-04  +2.938352e-05  +2.180834e-08  +4.023596e-06  +1.325063e-04  +4.869708e-05  +1.010201e-04  +1.598754e-04  +2.196749e-04  +1.099194e-04  +2.395448e-04  +1.174480e-04  +4.690192e-07  +1.165280e-17  +5.632924e-37  +1.566526e-63  +2.903940e-100  +7.477337e-148  +2.673893e-206  +1.327942e-275 
+3.467781e-128  +2.228422e-82  +1.996379e-47  +2.510251e-23  +4.519276e-10  +4.292530e-06  +9.312618e-05  +2.619081e-04  +1.339394e-04  +2.774227e-04  +1.646432e-04  +1.894125e-04  +4.562114e-04  +4.900100e-05  +5.153363e-13  +1.382225e-09  +1.550189e-04  +7.756456e-05  +2.023152e-04  +1.133121e-04  +1.497929e-04  +7.192405e-05  +5.066740e-07  +7.207500e-10  +3.538629e-16  +6.638378e-28  +1.813078e-50  +3.381761e-82  +7.943531e-123  +1.363080e-170  +4.874264e-229  +2.420718e-298 
+2.826867e-141  +1.809232e-95  +1.608594e-60  +1.988048e-36  +2.641085e-20  +7.572225e-08  +6.651336e-05  +3.010888e-04  +1.407050e-04  +7.842081e-05  +4.274011e-05  +3.344405e-04  +4.432057e-05  +6.278118e-05  +1.026473e-06  +7.007114e-05  +1.980762e-04  +1.182775e-04  +1.736743e-04  +7.835460e-05  +1.335724e-04  +1.174547e-04  +1.169290e-04  +1.842707e-06  +6.183108e-18  +2.882497e-40  +1.828107e-70  +6.707506e-104  +3.896651e-148  +5.307361e-201  +1.315342e-262  +0.000000e+00 
+3.234240e-165  +2.071194e-119  +1.123572e-77  +1.127886e-43  +1.572806e-20  +3.602310e-08  +1.872895e-04  +1.672396e-04  +5.305277e-05  +1.342983e-04  +2.044020e-04  +3.465396e-04  +2.734561e-04  +1.808526e-04  +1.453659e-04  +9.119441e-05  +7.418707e-05  +1.992095e-04  +2.693077e-04  +2.688118e-04  +1.885801e-04  +3.503241e-05  +1.008348e-06  +1.933855e-12  +2.700570e-25  +1.258007e-47  +8.144851e-81  +7.323540e-125  +5.856970e-179  +3.502235e-234  +5.472898e-300  +0.000000e+00 
+2.486852e-189  +1.294310e-133  +9.355919e-89  +9.740150e-55  +3.721018e-30  +5.134089e-15  +2.481054e-08  +2.918917e-04  +1.411742e-04  +1.885916e-04  +6.809709e-05  +2.334378e-04  +5.815571e-05  +2.862221e-04  +1.973375e-04  +2.629823e-04  +3.764036e-05  +2.235633e-04  +3.372408e-04  +1.059537e-04  +1.105198e-07  +1.302580e-13  +6.450605e-19  +1.456309e-25  +1.380255e-41  +7.646514e-66  +4.936685e-99  +4.438879e-143  +5.543055e-198  +9.613090e-264  +0.000000e+00  +0.000000e+00 
+2.875783e-211  +1.507987e-155  +7.095959e-110  +4.458514e-73  +4.588173e-47  +9.649216e-27  +2.787106e-12  +2.658504e-08  +1.689912e-05  +2.117912e-04  +1.265111e-04  +3.105120e-04  +1.385330e-04  +1.426338e-04  +3.043099e-04  +3.769263e-04  +1.199841e-04  +1.641876e-04  +7.780568e-05  +9.593756e-05  +1.550979e-04  +5.775269e-10  +3.441723e-26  +3.984927e-49  +1.257634e-65  +1.973044e-92  +4.198807e-128  +3.736488e-172  +4.665942e-227  +8.091950e-293  +0.000000e+00  +0.000000e+00 
+9.823476e-244  +2.002562e-185  +1.067431e-137  +7.980277e-101  +1.031452e-66  +2.144532e-41  +6.192342e-27  +3.271732e-20  +4.866743e-11  +1.161527e-04  +1.996200e-04  +2.739011e-04  +3.607062e-04  +2.354190e-04  +2.869412e-04  +1.311402e-05  +4.701809e-05  +2.722356e-04  +3.469428e-05  +6.858596e-05  +1.120488e-04  +3.767440e-11  +8.326773e-28  +6.815014e-55  +8.595852e-93  +2.489320e-127  +5.479635e-165  +4.535451e-212  +5.454665e-267  +0.000000e+00  +0.000000e+00  +0.000000e+00 
+1.283030e-282  +4.930264e-224  +2.236156e-175  +2.126883e-128  +3.184118e-92  +6.620222e-67  +1.913898e-52  +2.437835e-30  +3.528560e-12  +7.976861e-05  +8.879623e-05  +1.540093e-04  +1.820651e-04  +1.724544e-04  +3.185257e-04  +2.929832e-04  +2.234135e-04  +2.267787e-08  +1.586297e-07  +2.911997e-07  +1.235544e-07  +6.931999e-16  +2.405114e-33  +1.160314e-61  +7.776171e-101  +7.273170e-151  +1.064901e-210  +2.940481e-259  +1.010399e-317  +0.000000e+00  +0.000000e+00  +0.000000e+00 
+0.000000e+00  +1.089963e-269  +8.458905e-212  +9.118464e-165  +1.365108e-128  +2.845856e-103  +6.470789e-66  +7.644893e-37  +1.521928e-18  +7.238360e-07  +2.907933e-05  +1.967135e-04  +2.249491e-05  +1.060296e-04  +3.153205e-04  +2.645451e-04  +1.596766e-04  +1.625432e-06  +2.652227e-16  +1.619623e-18  +7.985886e-19  +5.722499e-30  +8.760608e-49  +4.223861e-77  +2.829965e-116  +2.633239e-166  +3.402810e-227  +6.106931e-299  +0.000000e+00  +0.000000e+00  +0.000000e+00  +0.000000e+00 
+0.000000e+00  +6.488743e-317  +5.036515e-259  +5.429223e-212  +6.270210e-174  +3.791704e-123  +7.472221e-82  +1.000528e-47  +1.945137e-24  +7.421553e-11  +1.028159e-04  +1.609832e-04  +8.297895e-05  +7.103046e-05  +4.871968e-05  +8.201068e-05  +2.552938e-05  +1.692160e-06  +5.636856e-17  +1.231331e-37  +7.332767e-41  +5.023075e-52  +5.221316e-74  +2.136077e-103  +1.430737e-142  +1.331279e-192  +1.720349e-253  +0.000000e+00  +0.000000e+00  +0.000000e+00  +0.000000e+00  +0.000000e+00 
+0.000000e+00  +0.000000e+00  +4.164703e-317  +9.901571e-264  +9.888198e-199  +7.171361e-143  +1.309741e-97  +3.321536e-59  +2.609414e-31  +2.849461e-14  +3.492398e-06  +1.189914e-04  +6.765473e-05  +5.897810e-05  +2.092822e-05  +1.457831e-04  +9.160438e-05  +4.417915e-10  +2.440790e-25  +4.945377e-48  +9.350852e-74  +6.405482e-85  +6.093862e-107  +9.550676e-140  +1.004709e-179  +9.347296e-230  +1.207906e-290  +0.000000e+00  +0.000000e+00  +0.000000e+00  +0.000000e+00  +0.000000e+00 
+0.000000e+00  +0.000000e+00  +0.000000e+00  +2.842243e-292  +3.945107e-222  +1.156670e-161  +4.711408e-112  +2.665204e-73  +3.391997e-45  +1.109295e-22  +1.352928e-10  +2.515286e-09  +1.565636e-06  +1.077535e-06  +6.286834e-07  +1.703783e-04  +1.742004e-06  +2.544178e-15  +1.111716e-33  +1.030497e-60  +1.659624e-98  +1.134418e-128  +1.079224e-150  +1.425912e-183  +3.595952e-227  +9.115332e-278  +0.000000e+00  +0.000000e+00  +0.000000e+00  +0.000000e+00  +0.000000e+00  +0.000000e+00 
+0.000000e+00  +0.000000e+00  +0.000000e+00  +2.081054e-318  +4.394894e-247  +1.288997e-186  +5.339715e-137  +4.076115e-94  +2.584242e-60  +2.275636e-37  +2.782988e-25  +5.998727e-23  +1.189559e-18  +1.601247e-18  +7.272393e-16  +1.085475e-09  +2.295223e-14  +7.285347e-27  +2.424652e-46  +1.452072e-76  +7.483390e-117  +1.242231e-165  +2.654427e-205  +3.507094e-238  +6.435331e-282  +0.000000e+00  +0.000000e+00  +0.000000e+00  +0.000000e+00  +0.000000e+00  +0.000000e+00  +0.000000e+00 
+0.000000e+00  +0.000000e+00  +0.000000e+00  +0.000000e+00  +6.805155e-283  +7.779574e-220  +2.550924e-164  +1.164642e-119  +7.384568e-86  +6.502732e-63  +7.952516e-51  +2.091207e-46  +1.418619e-41  +4.535796e-41  +8.934302e-32  +1.336181e-25  +2.775301e-30  +8.038394e-46  +8.182045e-69  +4.521696e-99  +3.763685e-140  +4.364989e-192  +2.727336e-254  +1.197966e-303  +0.000000e+00  +0.000000e+00  +0.000000e+00  +0.000000e+00  +0.000000e+00  +0.000000e+00  +0.000000e+00  +0.000000e+00 
+0.000000e+00  +0.000000e+00  +0.000000e+00  +0.000000e+00  +1.284571e-322  +3.079440e-256  +1.012345e-200  +4.621931e-156  +2.930598e-122  +2.580638e-99  +3.155991e-87  +1.200502e-80  +2.485810e-75  +2.019209e-74  +1.527471e-58  +2.284430e-52  +4.744828e-57  +1.368679e-72  +5.493447e-99  +2.005999e-132  +1.630850e-173  +1.887363e-225  +3.034862e-288  +0.000000e+00  +0.000000e+00  +0.000000e+00  +0.000000e+00  +0.000000e+00  +0.000000e+00  +0.000000e+00  +0.000000e+00  +0.000000e+00 
+0.000000e+00  +0.000000e+00  +0.000000e+00  +0.000000e+00  +0.000000e+00  +1.697231e-303  +5.579532e-248  +2.547374e-203  +1.615197e-169  +1.422316e-146  +1.739428e-134  +1.194556e-125  +6.367092e-120  +3.367891e-113  +3.626799e-96  +5.424107e-90  +1.126603e-94  +3.249762e-110  +1.301878e-136  +7.260275e-174  +9.880502e-218  +1.135416e-269  +0.000000e+00  +0.000000e+00  +0.000000e+00  +0.000000e+00  +0.000000e+00  +0.000000e+00  +0.000000e+00  +0.000000e+00  +0.000000e+00  +0.000000e+00 
