+0.000000e+00  +0.000000e+00  +0.000000e+00  +0.000000e+00  +0.000000e+00  +0.000000e+00  +0.000000e+00  +0.000000e+00  +0.000000e+00  +0.000000e+00  +0.000000e+00  +0.000000e+00  +0.000000e+00  +0.000000e+00  +0.000000e+00  +0.000000e+00  +0.000000e+00  +0.000000e+00  +0.000000e+00  +0.000000e+00  +0.000000e+00  +0.000000e+00  +0.000000e+00  +0.000000e+00  +0.000000e+00  +0.000000e+00  +0.000000e+00  +0.000000e+00  +0.000000e+00  +0.000000e+00  +0.000000e+00  +0.000000e+00 
+0.000000e+00  +0.000000e+00  +0.000000e+00  +0.000000e+00  +0.000000e+00  +0.000000e+00  +0.000000e+00  +0.000000e+00  +0.000000e+00  +0.000000e+00  +0.000000e+00  +0.000000e+00  +0.000000e+00  +0.000000e+00  +1.825353e-309  +8.805256e-298  +1.232452e-292  +2.182420e-297  +5.522427e-313  +6.760185e-316  +6.140310e-302  +4.055229e-293  +1.183474e-289  +1.228017e-295  +1.770890e-312  +0.000000e+00  +0.000000e+00  +0.000000e+00  +0.000000e+00  +0.000000e+00  +0.000000e+00  +0.000000e+00 
+0.000000e+00  +0.000000e+00  +0.000000e+00  +0.000000e+00  +0.000000e+00  +0.000000e+00  +0.000000e+00  +0.000000e+00  +0.000000e+00  +0.000000e+00  +2.553018e-298  +7.576230e-283  +3.122413e-278  +3.741297e-257  +2.449635e-235  +1.089382e-223  +5.552436e-219  +9.835465e-224  +2.937327e-239  +1.995024e-241  +1.805395e-227  +1.305479e-219  +2.077656e-216  +2.154547e-222  +3.107018e-239  +2.752520e-251  +1.477699e-268  +1.101741e-296  +0.000000e+00  +0.000000e+00  +0.000000e+00  +0.000000e+00 
+0.000000e+00  +0.000000e+00  +0.000000e+00  +0.000000e+00  +0.000000e+00  +0.000000e+00  +0.000000e+00  +0.000000e+00  +3.464569e-290  +5.330556e-253  +1.139026e-226  +3.380127e-211  +1.393061e-206  +5.226706e-193  +4.784329e-172  +1.965278e-160  +3.474569e-156  +6.171820e-161  +3.921137e-176  +8.176655e-178  +7.396408e-164  +5.886474e-157  +5.068210e-154  +5.249830e-160  +8.015588e-177  +1.720023e-184  +9.233997e-202  +6.884672e-230  +7.128773e-269  +1.025142e-318  +0.000000e+00  +0.000000e+00 
+0.000000e+00  +0.000000e+00  +0.000000e+00  +0.000000e+00  +0.000000e+00  +7.949516e-320  +5.773826e-288  +2.849611e-266  +2.146679e-229  +3.302861e-192  +7.057511e-166  +2.094357e-150  +8.631534e-146  +1.217146e-139  +1.817120e-119  +5.015258e-108  +3.021080e-104  +5.481224e-109  +1.681681e-123  +4.654159e-125  +4.209848e-111  +3.707703e-105  +1.718697e-102  +1.776530e-108  +3.864081e-122  +1.492711e-128  +8.013668e-146  +5.974821e-174  +6.186662e-213  +8.896636e-263  +1.976263e-323  +0.000000e+00 
+0.000000e+00  +0.000000e+00  +0.000000e+00  +1.190698e-321  +7.385627e-281  +8.477224e-251  +1.536604e-219  +1.550412e-198  +2.889956e-178  +2.842144e-142  +6.073057e-116  +1.802215e-100  +7.427525e-96  +4.025737e-97  +2.592800e-77  +1.801367e-66  +3.653847e-63  +7.675064e-68  +1.401601e-81  +3.684651e-83  +3.327880e-69  +3.287966e-64  +8.109133e-62  +8.349064e-68  +4.654121e-77  +1.799100e-83  +9.658527e-101  +7.201193e-129  +7.456526e-168  +1.125005e-217  +3.816320e-275  +0.000000e+00 
+0.000000e+00  +4.841843e-322  +3.100379e-285  +3.856563e-258  +2.220052e-217  +1.912243e-187  +5.679350e-162  +5.728975e-141  +3.089174e-125  +3.396564e-103  +7.257734e-77  +2.153775e-61  +8.876623e-57  +9.315457e-63  +1.023832e-45  +9.604975e-36  +6.174459e-33  +2.603285e-37  +1.722937e-50  +3.016160e-50  +3.653498e-38  +4.458723e-34  +5.331706e-32  +5.449304e-38  +7.790321e-43  +3.011430e-49  +1.616696e-66  +1.205419e-94  +2.932059e-133  +8.770513e-179  +6.343698e-235  +1.534250e-294 
+7.967637e-302  +5.395377e-256  +3.471828e-219  +3.102654e-193  +9.267840e-165  +7.982827e-135  +3.870166e-115  +2.940714e-94  +5.769886e-83  +1.005845e-69  +1.204572e-48  +3.574638e-33  +1.474103e-28  +2.610547e-33  +6.431879e-25  +1.094280e-15  +1.490275e-13  +2.876667e-17  +3.001627e-30  +5.397375e-25  +5.573986e-18  +1.453362e-14  +4.901247e-13  +4.939719e-19  +1.811043e-19  +7.000488e-26  +3.762076e-43  +1.065208e-69  +3.889622e-104  +2.238749e-149  +2.253550e-193  +3.311928e-247 
+4.923393e-241  +1.391043e-200  +5.399326e-164  +4.825192e-138  +1.136561e-122  +4.628275e-93  +5.536408e-74  +2.096389e-58  +3.160542e-48  +2.175860e-38  +2.481059e-30  +8.239587e-16  +3.446496e-11  +2.147214e-14  +5.702877e-15  +4.939853e-06  +6.424423e-05  +7.639501e-08  +9.331781e-17  +1.802897e-10  +1.226553e-07  +1.858872e-05  +6.385647e-05  +3.655972e-09  +5.878127e-07  +2.323452e-13  +1.233359e-27  +3.327162e-51  +8.379947e-82  +6.384315e-114  +6.756006e-157  +9.928958e-211 
+4.287768e-191  +4.807066e-151  +1.173646e-119  +1.042159e-93  +1.293442e-78  +3.743390e-62  +4.458460e-43  +2.149601e-33  +2.982952e-23  +6.704233e-18  +2.586308e-13  +2.698819e-09  +1.526567e-04  +1.075174e-05  +6.019462e-10  +5.216750e-06  +1.483278e-04  +6.504738e-05  +1.744789e-06  +2.471373e-05  +1.433021e-04  +8.469567e-05  +1.841210e-04  +2.397117e-04  +7.920740e-05  +2.823313e-07  +5.489622e-20  +6.358371e-35  +3.488534e-56  +2.658147e-88  +2.812894e-131  +4.133959e-185 
+5.186043e-152  +5.814110e-112  +9.055992e-83  +3.126211e-60  +3.879754e-45  +7.555247e-41  +5.129786e-23  +8.289995e-15  +4.128131e-09  +4.036692e-07  +1.082750e-05  +9.897639e-05  +3.949970e-05  +2.731227e-04  +6.935019e-06  +1.796915e-04  +8.596568e-05  +5.013037e-04  +1.976669e-04  +7.794346e-05  +2.273656e-04  +2.408977e-04  +1.159017e-04  +1.450984e-04  +1.150093e-04  +3.379329e-06  +9.356260e-10  +3.689982e-20  +2.022191e-41  +1.539631e-73  +1.628386e-116  +2.392271e-170 
+8.711218e-124  +9.766208e-84  +1.520586e-54  +3.418275e-36  +1.616217e-22  +2.785803e-18  +1.089415e-12  +1.540333e-05  +2.494377e-05  +1.133958e-04  +1.546889e-04  +1.176828e-04  +7.077661e-06  +4.354761e-04  +1.943414e-05  +3.410410e-04  +1.220615e-04  +1.127561e-04  +6.825151e-05  +2.547078e-04  +1.127178e-04  +4.596467e-05  +3.161228e-04  +9.796002e-05  +1.606439e-04  +9.398733e-05  +1.501644e-05  +4.989603e-16  +2.383962e-37  +1.632308e-69  +1.594083e-112  +2.208860e-166 
+2.032168e-106  +2.278278e-66  +3.547250e-37  +7.670932e-19  +1.170080e-10  +1.611721e-06  +5.544392e-07  +2.323379e-04  +1.405673e-04  +1.404023e-04  +2.892747e-04  +2.951758e-04  +1.825538e-04  +1.824877e-04  +4.835790e-05  +3.444333e-04  +3.251354e-04  +2.132100e-04  +1.421406e-04  +4.036843e-04  +3.913976e-04  +1.368275e-04  +6.927440e-05  +1.339929e-04  +1.967309e-04  +4.801276e-05  +1.620014e-10  +4.311980e-21  +1.623054e-42  +8.498186e-75  +6.193977e-118  +6.290839e-172 
+6.748432e-100  +7.392564e-60  +1.149351e-30  +2.486393e-12  +8.529926e-05  +2.630868e-05  +7.188737e-06  +2.268166e-04  +1.712481e-04  +3.236862e-04  +3.706138e-04  +3.440828e-04  +3.198540e-04  +2.597158e-04  +1.678840e-04  +2.888702e-04  +4.053636e-05  +1.127964e-04  +8.390104e-05  +2.558245e-05  +1.183162e-04  +4.296473e-05  +8.057134e-05  +1.557320e-04  +1.108636e-04  +3.043282e-06  +3.305450e-14  +5.162831e-33  +4.682263e-58  +2.439043e-90  +1.764563e-133  +1.772968e-187 
+6.441257e-95  +4.458141e-56  +4.291525e-28  +5.836881e-11  +1.321811e-04  +9.071983e-05  +1.408583e-04  +2.273491e-04  +1.395663e-04  +4.347747e-04  +1.860120e-04  +3.856613e-04  +3.880177e-04  +3.335343e-04  +2.023332e-04  +1.899768e-04  +1.229352e-04  +6.508605e-05  +6.049948e-05  +5.886910e-05  +7.581894e-05  +1.105368e-04  +2.666507e-04  +8.359162e-05  +5.434295e-05  +4.063668e-08  +1.076166e-21  +7.139439e-44  +1.539717e-73  +4.647209e-114  +7.147737e-160  +7.181341e-214 
+2.497597e-94  +1.077726e-55  +6.458602e-28  +5.376411e-11  +6.660656e-05  +5.716582e-05  +1.256847e-04  +2.266898e-04  +2.212891e-04  +4.246900e-04  +3.275520e-04  +2.328529e-04  +3.429539e-04  +3.020566e-04  +2.769661e-04  +7.264599e-05  +1.373364e-04  +1.289616e-04  +3.240015e-05  +2.406384e-05  +4.537461e-05  +2.862939e-05  +4.392468e-06  +1.127771e-04  +3.585675e-05  +3.866457e-14  +2.919075e-30  +1.072941e-54  +5.478155e-90  +1.274324e-135  +3.705456e-187  +2.192909e-249 
+3.600079e-97  +1.553438e-58  +9.309232e-31  +7.748067e-14  +1.384674e-06  +1.092744e-04  +2.787289e-05  +4.689410e-05  +2.827304e-04  +3.547813e-04  +2.895148e-04  +3.142991e-04  +1.741881e-04  +2.357298e-04  +1.311583e-04  +2.540324e-04  +7.712543e-05  +2.404208e-05  +1.367863e-04  +1.484893e-04  +2.524724e-04  +1.904816e-04  +1.164697e-04  +1.137069e-05  +2.935906e-08  +1.150540e-19  +1.725957e-39  +3.648853e-70  +2.074842e-109  +1.463630e-155  +1.441330e-212  +2.028319e-280 
+7.206854e-111  +3.109766e-72  +2.116916e-44  +4.299387e-21  +1.014941e-07  +2.239655e-04  +5.465874e-05  +2.148471e-04  +1.531925e-04  +6.513094e-06  +2.657873e-05  +4.727485e-05  +2.134711e-04  +2.299003e-04  +1.408310e-04  +2.121463e-04  +2.295731e-04  +3.280041e-04  +1.153682e-04  +3.389191e-04  +7.798001e-05  +1.263185e-06  +3.633269e-05  +3.549654e-08  +6.809382e-18  +2.150938e-31  +1.919206e-55  +1.493701e-86  +4.384823e-128  +1.787757e-180  +8.554626e-243  +1.031518e-310 
+6.758032e-134  +5.771587e-88  +7.054705e-53  +1.197570e-28  +2.836079e-15  +8.920371e-09  +6.416782e-05  +1.092454e-04  +1.166890e-04  +1.495487e-05  +4.774245e-12  +1.114572e-07  +2.199264e-04  +7.830507e-05  +2.409902e-04  +1.292131e-04  +3.549940e-04  +4.009265e-04  +3.606101e-04  +3.520444e-04  +3.333591e-04  +1.307237e-04  +2.840634e-06  +2.031372e-17  +2.876091e-31  +8.315034e-52  +3.709268e-76  +2.872801e-111  +2.523715e-155  +1.016417e-207  +5.755252e-271  +0.000000e+00 
+2.536838e-152  +2.232741e-106  +2.729116e-71  +4.632822e-47  +9.581689e-33  +3.730629e-16  +1.452247e-08  +3.781565e-09  +9.421684e-09  +1.677881e-09  +4.170493e-20  +1.667226e-12  +6.404814e-09  +9.695225e-06  +3.364253e-04  +1.971455e-04  +7.812123e-04  +3.519849e-04  +4.030760e-04  +1.719366e-04  +2.769360e-04  +4.947186e-04  +1.301350e-05  +5.738605e-12  +5.447793e-23  +3.840218e-43  +3.759642e-74  +5.111814e-116  +9.652539e-169  +2.531314e-232  +9.264545e-307  +0.000000e+00 
+1.362931e-181  +1.199553e-135  +1.466234e-100  +2.530876e-76  +4.754328e-49  +1.320897e-30  +5.142337e-23  +1.154196e-23  +1.369586e-23  +7.594246e-24  +1.877313e-34  +1.481833e-22  +2.857683e-08  +9.167513e-05  +2.302084e-04  +4.350267e-04  +3.915335e-04  +3.649450e-04  +3.890673e-04  +2.866787e-04  +2.977218e-04  +1.530822e-04  +1.143264e-04  +1.284518e-05  +6.519322e-15  +4.595758e-35  +4.499353e-66  +6.117601e-108  +1.155182e-160  +3.029410e-224  +1.103326e-298  +0.000000e+00 
+1.016934e-221  +8.950321e-176  +1.094833e-140  +1.170259e-103  +2.341160e-74  +6.504567e-56  +2.529278e-48  +4.927702e-49  +4.138234e-49  +4.773781e-49  +2.445098e-40  +1.134047e-23  +1.268866e-12  +8.159458e-08  +1.906873e-04  +4.352567e-04  +2.932828e-04  +1.969499e-04  +3.816828e-04  +2.102693e-04  +3.528678e-04  +8.859211e-05  +4.236340e-05  +2.684036e-05  +1.498155e-14  +1.171167e-34  +1.271519e-65  +1.917201e-107  +4.014696e-160  +1.167556e-223  +4.715666e-298  +0.000000e+00 
+1.053780e-272  +9.275146e-227  +5.555946e-180  +8.003305e-140  +1.601101e-110  +4.448422e-92  +1.727980e-84  +2.921980e-85  +2.653699e-85  +2.515020e-56  +8.427495e-29  +3.936982e-12  +2.617626e-06  +4.133673e-05  +7.719123e-05  +6.127529e-05  +4.180472e-04  +7.158837e-05  +3.374200e-04  +1.694919e-04  +5.138045e-05  +1.230913e-04  +5.647223e-05  +5.709847e-06  +1.355171e-16  +4.771870e-38  +2.427325e-70  +2.991166e-113  +3.086350e-166  +8.558939e-230  +3.449425e-304  +0.000000e+00 
+0.000000e+00  +5.087567e-278  +5.276957e-227  +7.601422e-187  +1.520702e-157  +4.225046e-139  +1.639750e-131  +2.406445e-132  +6.707520e-94  +2.024042e-55  +9.471907e-28  +6.877427e-11  +7.589371e-05  +1.597978e-06  +1.470692e-05  +3.346238e-06  +3.747600e-05  +7.153441e-05  +2.026655e-04  +9.122903e-05  +2.220721e-05  +1.899168e-04  +1.470435e-05  +1.606933e-09  +3.980686e-20  +1.405005e-41  +6.887094e-74  +4.688479e-117  +4.432675e-171  +5.820199e-236  +1.061323e-311  +0.000000e+00 
+0.000000e+00  +0.000000e+00  +6.960605e-285  +1.002671e-244  +2.005892e-215  +5.573076e-197  +2.161255e-189  +5.971959e-152  +2.009265e-102  +9.460713e-64  +6.211034e-36  +5.674381e-19  +7.207040e-13  +1.527575e-17  +1.388113e-14  +5.102990e-15  +1.250012e-13  +8.431667e-12  +1.868142e-08  +3.714903e-05  +1.184489e-04  +2.058096e-04  +6.405262e-06  +6.401639e-12  +2.646771e-28  +2.097728e-55  +2.821976e-88  +1.921089e-131  +1.816274e-185  +2.384807e-250  +0.000000e+00  +0.000000e+00 
+0.000000e+00  +0.000000e+00  +0.000000e+00  +1.836791e-313  +3.674591e-284  +1.020931e-265  +3.669805e-231  +9.029618e-171  +3.085842e-121  +1.464658e-82  +9.654879e-55  +8.838950e-38  +1.123816e-31  +1.984460e-36  +1.866367e-34  +6.082508e-34  +8.500402e-32  +4.233497e-28  +3.341200e-20  +6.027673e-14  +7.529722e-11  +1.914970e-10  +3.771488e-15  +1.469167e-23  +5.783519e-40  +3.325702e-67  +2.656007e-105  +2.956799e-154  +1.034012e-210  +1.357084e-275  +0.000000e+00  +0.000000e+00 
+0.000000e+00  +0.000000e+00  +0.000000e+00  +0.000000e+00  +0.000000e+00  +0.000000e+00  +7.952874e-261  +1.957181e-200  +6.689229e-151  +3.175113e-112  +2.093054e-84  +1.916194e-67  +2.436333e-61  +4.302012e-66  +3.485047e-65  +1.014095e-63  +2.423467e-60  +1.467365e-53  +7.535268e-40  +1.776611e-33  +6.774800e-28  +4.021681e-27  +7.310800e-32  +1.209102e-45  +1.757361e-62  +1.009210e-89  +8.059849e-128  +8.939451e-177  +1.376996e-236  +2.945834e-307  +0.000000e+00  +0.000000e+00 
+0.000000e+00  +0.000000e+00  +0.000000e+00  +0.000000e+00  +0.000000e+00  +0.000000e+00  +2.394448e-301  +5.892678e-241  +2.013993e-191  +9.559634e-153  +6.301769e-125  +5.769280e-108  +7.335315e-102  +1.295251e-106  +9.037708e-107  +2.349548e-104  +1.073696e-99  +1.825604e-87  +2.363640e-70  +5.243670e-62  +8.465521e-56  +1.187657e-54  +2.159448e-59  +5.464440e-75  +7.745731e-96  +4.253358e-123  +3.396742e-161  +3.767441e-210  +5.803210e-270  +0.000000e+00  +0.000000e+00  +0.000000e+00 
+0.000000e+00  +0.000000e+00  +0.000000e+00  +0.000000e+00  +0.000000e+00  +0.000000e+00  +0.000000e+00  +2.463955e-292  +8.421281e-243  +3.997251e-204  +2.635012e-176  +2.412358e-159  +3.067178e-153  +5.415942e-158  +3.254962e-159  +7.560639e-156  +6.653739e-150  +7.920956e-129  +1.029679e-111  +9.025851e-101  +1.469104e-94  +4.872128e-93  +8.858758e-98  +2.236996e-113  +1.930781e-139  +2.492446e-167  +1.988092e-205  +2.205058e-254  +3.396580e-314  +0.000000e+00  +0.000000e+00  +0.000000e+00 
+0.000000e+00  +0.000000e+00  +0.000000e+00  +0.000000e+00  +0.000000e+00  +0.000000e+00  +0.000000e+00  +0.000000e+00  +4.890309e-305  +2.321237e-266  +1.530174e-238  +1.400877e-221  +1.781136e-215  +3.145083e-220  +1.628064e-222  +3.378893e-218  +5.236982e-209  +4.792212e-181  +6.231456e-164  +2.175252e-150  +3.540772e-144  +2.775791e-142  +5.047091e-147  +1.274482e-162  +4.469757e-189  +2.110810e-222  +1.616075e-260  +1.792386e-309  +0.000000e+00  +0.000000e+00  +0.000000e+00  +0.000000e+00 
+0.000000e+00  +0.000000e+00  +0.000000e+00  +0.000000e+00  +0.000000e+00  +0.000000e+00  +0.000000e+00  +0.000000e+00  +0.000000e+00  +0.000000e+00  +1.234061e-311  +1.129785e-294  +1.436458e-288  +2.536461e-293  +1.130928e-296  +2.097190e-291  +4.301761e-272  +4.026544e-244  +5.855507e-227  +7.280782e-211  +1.185228e-204  +2.196307e-202  +3.993442e-207  +1.008416e-222  +3.536472e-249  +1.779549e-286  +0.000000e+00  +0.000000e+00  +0.000000e+00  +0.000000e+00  +0.000000e+00  +0.000000e+00 
+0.000000e+00  +0.000000e+00  +0.000000e+00  +0.000000e+00  +0.000000e+00  +0.000000e+00  +0.000000e+00  +0.000000e+00  +0.000000e+00  +0.000000e+00  +0.000000e+00  +0.000000e+00  +0.000000e+00  +0.000000e+00  +0.000000e+00  +0.000000e+00  +0.000000e+00  +4.698584e-318  +2.948831e-299  +3.384421e-282  +5.510512e-276  +2.413444e-273  +4.388253e-278  +1.108113e-293  +3.886320e-320  +0.000000e+00  +0.000000e+00  +0.000000e+00  +0.000000e+00  +0.000000e+00  +0.000000e+00  +0.000000e+00 
