+0.000000e+00  +0.000000e+00  +0.000000e+00  +0.000000e+00  +0.000000e+00  +0.000000e+00  +2.177270e-297  +1.796217e-255  +2.920443e-224  +6.703115e-204  +2.138362e-194  +1.623398e-187  +1.946939e-175  +4.318781e-173  +2.134791e-177  +1.126276e-183  +2.288989e-192  +6.460714e-212  +2.051475e-219  +8.082863e-209  +1.982454e-195  +4.848477e-189  +6.468492e-187  +2.121906e-189  +9.666900e-203  +6.116265e-227  +5.374318e-262  +6.558407e-308  +0.000000e+00  +0.000000e+00  +0.000000e+00  +0.000000e+00 
+0.000000e+00  +0.000000e+00  +0.000000e+00  +0.000000e+00  +0.000000e+00  +1.385377e-289  +4.667537e-238  +9.441220e-197  +1.282848e-165  +2.918985e-145  +9.307144e-136  +2.106790e-132  +2.526603e-120  +4.930749e-118  +2.410251e-122  +7.847512e-127  +1.594891e-135  +4.501609e-155  +7.678142e-157  +2.849795e-148  +1.399184e-137  +3.421977e-131  +1.706663e-129  +5.598482e-132  +2.550536e-145  +1.613729e-169  +1.417972e-204  +1.730384e-250  +2.932618e-307  +0.000000e+00  +0.000000e+00  +0.000000e+00 
+0.000000e+00  +0.000000e+00  +0.000000e+00  +0.000000e+00  +5.559956e-303  +1.132786e-240  +3.300159e-189  +1.840366e-148  +8.603099e-118  +1.774613e-97  +5.627982e-88  +4.046230e-88  +4.553654e-76  +7.829978e-74  +3.779312e-78  +7.593765e-81  +1.543320e-89  +4.356051e-109  +3.991555e-105  +1.395601e-98  +1.371521e-90  +3.354183e-84  +6.253675e-83  +2.051410e-85  +9.345738e-99  +5.913066e-123  +5.195768e-158  +6.340518e-204  +1.074608e-260  +0.000000e+00  +0.000000e+00  +0.000000e+00 
+0.000000e+00  +0.000000e+00  +0.000000e+00  +0.000000e+00  +6.378740e-265  +1.295318e-202  +3.699960e-151  +1.558228e-110  +1.602980e-80  +1.584911e-60  +4.743964e-51  +2.102544e-52  +1.139781e-42  +1.729751e-40  +8.236777e-45  +1.020517e-45  +2.074050e-54  +5.909564e-74  +2.881818e-64  +9.494085e-60  +1.905125e-54  +4.565988e-48  +3.183211e-47  +1.043933e-49  +4.755911e-63  +3.009074e-87  +2.644051e-122  +3.317143e-168  +2.315656e-219  +1.093885e-279  +0.000000e+00  +0.000000e+00 
+0.000000e+00  +0.000000e+00  +0.000000e+00  +8.711080e-311  +1.027115e-237  +2.061669e-175  +5.846660e-124  +2.364192e-83  +1.493798e-53  +3.131666e-34  +5.764897e-25  +2.448128e-26  +3.962059e-20  +5.317041e-18  +2.620177e-22  +1.904696e-21  +3.870976e-30  +5.869766e-44  +2.889560e-34  +9.202698e-32  +3.964909e-28  +8.632213e-23  +2.261977e-22  +7.377865e-25  +3.361180e-38  +2.126629e-62  +5.347714e-96  +1.046509e-134  +9.308625e-184  +4.634965e-231  +2.500421e-278  +0.000000e+00 
+0.000000e+00  +0.000000e+00  +0.000000e+00  +2.140246e-290  +1.278019e-218  +1.101786e-157  +2.502329e-107  +5.330275e-67  +2.999948e-37  +3.012319e-18  +1.339691e-09  +4.096728e-11  +1.919460e-08  +2.284705e-06  +7.280421e-10  +4.942906e-08  +2.457255e-16  +6.933647e-22  +4.044428e-15  +4.499340e-14  +4.759723e-11  +2.266787e-08  +2.482919e-08  +7.241813e-11  +3.305054e-24  +5.849732e-44  +1.438537e-71  +1.939164e-108  +8.372668e-144  +3.252315e-180  +1.754524e-227  +1.314510e-285 
+0.000000e+00  +0.000000e+00  +0.000000e+00  +3.685250e-280  +2.196879e-208  +1.818795e-147  +2.091254e-97  +3.340833e-58  +7.493960e-30  +3.051631e-12  +1.423987e-04  +4.071007e-05  +1.032389e-04  +7.517775e-05  +1.135932e-04  +5.760814e-05  +8.265514e-07  +1.298607e-10  +4.210078e-06  +1.062902e-05  +8.769217e-05  +9.541195e-05  +2.156220e-04  +3.123154e-07  +1.564874e-13  +1.137452e-29  +2.417680e-53  +2.917139e-78  +8.159207e-104  +3.169397e-140  +1.709792e-187  +1.280996e-245 
+0.000000e+00  +0.000000e+00  +0.000000e+00  +8.874823e-281  +5.253862e-209  +4.349666e-148  +5.001189e-98  +7.987448e-59  +1.784430e-30  +7.190249e-13  +4.283875e-05  +1.851974e-04  +1.016704e-04  +2.571162e-04  +2.276935e-04  +2.797637e-04  +1.342233e-04  +1.226682e-04  +1.007299e-04  +1.226245e-04  +9.391470e-05  +1.180128e-04  +1.951545e-04  +1.745602e-04  +8.066461e-08  +1.703326e-19  +1.960665e-34  +3.948019e-49  +1.104257e-74  +4.289421e-111  +2.314011e-158  +1.733684e-216 
+0.000000e+00  +0.000000e+00  +1.575051e-308  +2.945969e-241  +7.657995e-185  +2.764976e-139  +2.523130e-103  +1.693605e-62  +1.670584e-32  +2.288562e-13  +4.359096e-05  +8.354635e-05  +1.846613e-04  +1.555153e-04  +9.702169e-05  +3.239502e-05  +2.355982e-04  +1.219289e-04  +2.767867e-04  +1.448892e-04  +1.449722e-04  +3.240687e-05  +1.790878e-04  +1.971829e-04  +1.845829e-05  +7.132804e-11  +3.684853e-16  +7.420603e-31  +2.075534e-56  +8.062294e-93  +4.349360e-140  +3.258592e-198 
+0.000000e+00  +0.000000e+00  +1.311493e-277  +2.039754e-210  +5.127293e-154  +1.840961e-108  +9.222998e-74  +6.421991e-50  +1.833930e-36  +2.007405e-19  +1.193530e-07  +5.984188e-05  +1.279819e-04  +2.842561e-04  +2.831860e-04  +1.386431e-04  +1.351773e-04  +2.611286e-04  +1.766393e-04  +2.273905e-04  +1.712268e-04  +7.238636e-05  +5.107937e-05  +3.980323e-05  +5.961824e-05  +1.144825e-04  +9.623462e-09  +1.937035e-23  +5.417861e-49  +2.104537e-85  +1.135333e-132  +8.506049e-191 
+0.000000e+00  +0.000000e+00  +6.075742e-256  +2.002618e-189  +1.241241e-133  +2.151549e-88  +8.887200e-54  +5.973559e-30  +5.743895e-17  +1.585779e-10  +2.129708e-08  +4.937797e-05  +1.952622e-04  +2.158711e-04  +1.818171e-04  +1.830496e-04  +2.647060e-04  +1.507958e-04  +1.085724e-04  +2.851338e-04  +2.046014e-04  +3.452139e-04  +4.131242e-04  +9.982758e-05  +9.633905e-05  +2.086200e-04  +1.324339e-10  +8.845408e-27  +1.967925e-52  +7.629549e-89  +4.115847e-136  +3.083640e-194 
+0.000000e+00  +8.547336e-322  +1.873477e-244  +5.709935e-178  +2.421093e-122  +1.440973e-77  +1.267473e-43  +2.073637e-20  +9.425579e-08  +1.785307e-05  +8.428107e-05  +1.632495e-04  +3.909056e-04  +2.226025e-04  +1.603811e-04  +3.531590e-04  +1.310955e-04  +9.304844e-05  +2.108678e-04  +9.565112e-05  +6.941096e-05  +3.021675e-04  +3.072675e-04  +1.164015e-04  +5.446092e-06  +1.108935e-06  +2.016822e-16  +4.075557e-34  +4.810691e-62  +1.351818e-100  +7.627168e-150  +1.584452e-208 
+0.000000e+00  +3.715374e-321  +8.154152e-244  +2.484941e-177  +1.051889e-121  +6.186046e-77  +5.056403e-43  +5.754923e-20  +9.589034e-08  +1.250861e-04  +6.903357e-06  +2.576360e-04  +1.549487e-04  +3.266142e-04  +2.524150e-04  +2.108796e-04  +1.192205e-04  +5.302628e-06  +1.626598e-04  +1.960566e-04  +3.694856e-04  +3.251765e-05  +3.275371e-04  +1.802663e-05  +8.668054e-06  +1.507451e-14  +6.718786e-27  +1.214636e-48  +1.082470e-78  +4.440867e-118  +9.952330e-168  +5.366732e-228 
+0.000000e+00  +2.519735e-322  +9.736249e-245  +5.179541e-178  +3.826740e-122  +3.926490e-77  +5.595247e-43  +1.107522e-19  +3.086178e-07  +5.326948e-05  +1.107876e-04  +9.408103e-05  +2.559097e-04  +2.709583e-04  +1.497610e-04  +1.533153e-06  +7.160573e-08  +3.061524e-06  +7.001094e-05  +6.107020e-05  +1.344365e-04  +1.159604e-04  +1.593360e-04  +2.746133e-09  +8.807195e-13  +2.094074e-23  +2.363318e-44  +7.866922e-69  +1.871382e-101  +1.606144e-144  +3.203779e-195  +2.500917e-256 
+0.000000e+00  +0.000000e+00  +5.182230e-253  +2.747885e-186  +2.062997e-130  +4.503213e-85  +2.286205e-49  +2.961904e-24  +6.089097e-10  +3.802773e-06  +1.099007e-04  +3.080825e-04  +2.545341e-04  +1.935287e-04  +1.651462e-04  +5.312841e-07  +4.471047e-12  +6.998334e-06  +1.471504e-04  +1.223678e-04  +1.872149e-04  +5.209911e-05  +1.884878e-04  +9.480420e-06  +1.461581e-14  +3.269474e-26  +5.818397e-48  +1.438027e-80  +4.935923e-124  +5.891517e-176  +2.710212e-230  +8.043458e-294 
+0.000000e+00  +4.669360e-312  +5.736003e-237  +9.786054e-173  +2.325207e-119  +1.082693e-76  +2.186098e-43  +2.012009e-20  +3.755122e-08  +1.063953e-04  +2.848832e-04  +2.033880e-04  +1.469080e-04  +1.874944e-04  +6.271068e-05  +1.450374e-11  +7.791070e-05  +1.146757e-04  +2.852110e-04  +2.475408e-04  +1.608757e-04  +2.376420e-04  +6.762116e-06  +1.092155e-04  +1.653524e-06  +2.118737e-17  +3.770531e-39  +9.318929e-72  +3.198655e-115  +1.524779e-169  +1.009449e-234  +9.281102e-311 
+0.000000e+00  +1.364793e-303  +1.676559e-228  +2.860281e-164  +6.776985e-111  +2.229987e-68  +1.019076e-36  +6.468389e-16  +5.801522e-06  +1.271933e-04  +1.203633e-04  +1.686247e-04  +2.745267e-04  +1.358164e-04  +5.185777e-06  +4.714586e-09  +1.125971e-04  +1.236962e-05  +8.232864e-05  +1.189250e-04  +1.759734e-04  +4.997730e-05  +5.674073e-05  +1.059174e-04  +5.112353e-07  +3.248743e-19  +3.443839e-41  +8.389560e-74  +2.878773e-117  +1.372284e-171  +9.084924e-237  +8.352887e-313 
+0.000000e+00  +5.540057e-306  +6.805596e-231  +1.161064e-166  +2.750958e-113  +9.052108e-71  +4.136697e-39  +2.626706e-18  +3.908934e-08  +5.194156e-05  +2.590422e-04  +1.094756e-04  +1.233407e-04  +3.200792e-04  +3.977068e-06  +6.396781e-13  +1.346460e-05  +1.691417e-04  +1.359426e-04  +2.140616e-05  +2.928106e-04  +2.276367e-04  +2.550059e-07  +1.027032e-06  +3.246262e-13  +2.530984e-26  +9.506224e-50  +4.969268e-84  +3.952341e-129  +2.076678e-184  +1.140575e-249  +0.000000e+00 
+0.000000e+00  +3.123187e-319  +3.836644e-244  +6.545479e-180  +1.550848e-126  +5.103113e-84  +2.336593e-52  +1.275406e-27  +5.505717e-11  +4.676601e-05  +1.217668e-04  +4.693309e-05  +2.162989e-05  +1.699308e-04  +3.489992e-06  +4.236792e-07  +1.223150e-06  +2.346560e-04  +2.112878e-04  +1.926249e-05  +1.550186e-04  +2.038799e-05  +7.453117e-12  +3.564631e-17  +2.124042e-26  +3.101694e-43  +2.490107e-67  +1.298768e-101  +9.409278e-147  +9.467171e-203  +1.323074e-269  +0.000000e+00 
+0.000000e+00  +0.000000e+00  +3.003891e-268  +5.158355e-202  +5.636304e-142  +8.649758e-93  +1.852566e-54  +5.614529e-27  +2.551944e-10  +2.898997e-04  +2.916237e-04  +1.639077e-04  +2.651173e-04  +7.713708e-06  +3.952564e-04  +1.211047e-04  +6.607881e-05  +1.210057e-05  +1.681994e-04  +1.784424e-04  +1.511371e-04  +7.738126e-05  +2.417361e-09  +1.558247e-23  +3.975588e-48  +2.901065e-67  +5.871430e-95  +4.725358e-130  +3.422556e-175  +3.443603e-231  +4.811867e-298  +0.000000e+00 
+0.000000e+00  +0.000000e+00  +8.284969e-278  +6.579955e-207  +7.257601e-147  +1.111736e-97  +2.365111e-59  +6.988392e-32  +2.897245e-15  +2.734509e-07  +2.085670e-04  +1.627200e-04  +1.206009e-04  +6.135165e-05  +2.908478e-04  +5.905384e-06  +2.762800e-04  +1.012988e-04  +6.150168e-06  +8.096837e-05  +2.659835e-05  +1.594307e-04  +2.589324e-08  +5.101907e-22  +1.520169e-46  +6.313708e-82  +3.724938e-128  +2.188811e-168  +1.729597e-214  +1.739584e-270  +0.000000e+00  +0.000000e+00 
+0.000000e+00  +0.000000e+00  +1.487271e-293  +1.181196e-222  +1.302842e-162  +1.995721e-113  +4.245715e-75  +5.012719e-45  +7.140567e-21  +1.443614e-07  +1.741069e-04  +1.898238e-04  +3.025876e-05  +2.000103e-04  +4.454460e-04  +1.621505e-04  +8.626798e-05  +1.735993e-04  +8.782265e-05  +2.017915e-04  +1.354837e-06  +1.002065e-07  +3.370941e-12  +1.576290e-27  +1.035092e-53  +1.418496e-90  +2.977265e-137  +2.295378e-194  +2.712338e-262  +1.221330e-320  +0.000000e+00  +0.000000e+00 
+0.000000e+00  +0.000000e+00  +3.707963e-320  +2.944822e-249  +4.115652e-189  +4.559525e-133  +3.327978e-87  +3.373537e-52  +5.431525e-28  +1.679786e-11  +5.777898e-05  +1.743595e-04  +2.687632e-04  +3.152091e-04  +3.773634e-04  +1.561752e-04  +2.916683e-04  +3.005274e-04  +5.018692e-05  +2.429486e-04  +7.633814e-06  +2.022392e-16  +8.401865e-26  +3.927838e-41  +2.550172e-67  +2.299446e-104  +2.879517e-152  +5.010274e-211  +1.237364e-280  +0.000000e+00  +0.000000e+00  +0.000000e+00 
+0.000000e+00  +0.000000e+00  +0.000000e+00  +2.170435e-275  +8.213550e-208  +4.319974e-151  +3.312730e-104  +3.824178e-65  +6.775247e-37  +1.670245e-19  +3.416591e-08  +1.749946e-04  +6.452519e-04  +3.035023e-04  +3.951130e-04  +2.884254e-04  +4.895144e-05  +7.927952e-05  +2.385248e-04  +1.515442e-04  +8.022179e-08  +2.025897e-19  +8.836679e-41  +1.359624e-65  +8.827438e-92  +7.959549e-129  +9.967360e-177  +1.733444e-235  +4.186754e-305  +0.000000e+00  +0.000000e+00  +0.000000e+00 
+0.000000e+00  +0.000000e+00  +0.000000e+00  +3.623894e-273  +1.220636e-203  +5.709982e-145  +3.709551e-97  +3.346924e-60  +4.193821e-34  +7.302290e-19  +3.730212e-08  +1.612676e-04  +2.841747e-04  +1.726637e-04  +3.673985e-04  +6.326666e-05  +2.682540e-04  +9.893748e-05  +9.759964e-05  +2.889274e-06  +4.165146e-14  +2.534624e-29  +1.533174e-53  +1.129135e-86  +4.253182e-127  +3.826411e-164  +4.791631e-212  +8.333224e-271  +0.000000e+00  +0.000000e+00  +0.000000e+00  +0.000000e+00 
+0.000000e+00  +0.000000e+00  +0.000000e+00  +5.440816e-264  +1.832629e-194  +8.572812e-136  +5.569418e-88  +5.024982e-51  +6.296736e-25  +1.100415e-09  +3.885263e-05  +1.209768e-04  +2.693116e-04  +9.525388e-05  +3.855317e-04  +4.409603e-04  +1.365725e-04  +5.092538e-05  +1.405489e-06  +2.074154e-13  +4.477946e-25  +9.152955e-44  +1.942743e-72  +1.246732e-107  +1.555390e-153  +3.283010e-208  +3.199076e-258  +5.563579e-317  +0.000000e+00  +0.000000e+00  +0.000000e+00  +0.000000e+00 
+0.000000e+00  +0.000000e+00  +0.000000e+00  +1.134463e-265  +3.821212e-196  +1.787515e-137  +1.161280e-89  +1.047879e-52  +1.324962e-26  +3.991309e-11  +4.623241e-05  +4.334702e-05  +3.159997e-04  +2.354446e-04  +3.607894e-04  +1.155891e-04  +4.193838e-05  +8.370316e-05  +2.845311e-12  +2.439739e-25  +5.696556e-43  +1.389766e-65  +3.945065e-95  +1.576831e-135  +2.218753e-183  +3.169490e-240  +8.404671e-308  +0.000000e+00  +0.000000e+00  +0.000000e+00  +0.000000e+00  +0.000000e+00 
+0.000000e+00  +0.000000e+00  +0.000000e+00  +3.285148e-278  +1.106537e-208  +5.176512e-150  +3.376785e-102  +4.025746e-65  +1.015090e-37  +8.452074e-19  +2.531329e-07  +9.838560e-05  +5.747736e-05  +2.247235e-04  +4.235446e-05  +2.079358e-05  +5.068297e-05  +6.640867e-10  +4.614687e-18  +2.174052e-36  +2.350596e-65  +3.017625e-94  +8.319317e-128  +3.279729e-168  +1.795725e-219  +8.977382e-281  +0.000000e+00  +0.000000e+00  +0.000000e+00  +0.000000e+00  +0.000000e+00  +0.000000e+00 
+0.000000e+00  +0.000000e+00  +0.000000e+00  +1.321199e-301  +4.458858e-232  +2.404293e-173  +1.782296e-124  +1.709702e-84  +7.239066e-51  +1.015372e-25  +2.975269e-11  +2.315636e-07  +1.655116e-07  +3.703301e-09  +1.044044e-13  +4.210419e-14  +1.993266e-13  +1.944665e-18  +3.677488e-34  +4.911571e-53  +3.213558e-82  +2.920053e-122  +3.083162e-167  +9.605271e-212  +5.258934e-263  +0.000000e+00  +0.000000e+00  +0.000000e+00  +0.000000e+00  +0.000000e+00  +0.000000e+00  +0.000000e+00 
+0.000000e+00  +0.000000e+00  +0.000000e+00  +0.000000e+00  +1.683873e-265  +2.265946e-204  +1.326245e-147  +1.433788e-100  +2.172944e-64  +4.573583e-39  +1.339246e-24  +8.409959e-21  +1.092693e-20  +3.801899e-24  +6.966461e-31  +1.873237e-33  +1.090316e-32  +1.063731e-37  +1.441283e-53  +4.253117e-80  +1.008265e-109  +9.161746e-150  +1.156165e-200  +8.102084e-262  +2.138984e-317  +0.000000e+00  +0.000000e+00  +0.000000e+00  +0.000000e+00  +0.000000e+00  +0.000000e+00  +0.000000e+00 
+0.000000e+00  +0.000000e+00  +0.000000e+00  +0.000000e+00  +1.850002e-298  +1.046524e-229  +8.223200e-172  +8.973680e-125  +1.359998e-88  +2.862498e-63  +8.376098e-49  +4.508547e-45  +1.001873e-44  +1.911695e-48  +4.511465e-57  +1.165029e-63  +8.282809e-63  +8.080852e-68  +1.094900e-83  +2.060297e-110  +9.777630e-148  +3.992131e-188  +5.037863e-239  +8.829291e-301  +0.000000e+00  +0.000000e+00  +0.000000e+00  +0.000000e+00  +0.000000e+00  +0.000000e+00  +0.000000e+00  +0.000000e+00 
+0.000000e+00  +0.000000e+00  +0.000000e+00  +0.000000e+00  +0.000000e+00  +9.096550e-265  +7.147735e-207  +7.800064e-160  +1.182132e-123  +2.488125e-98  +7.277557e-84  +3.528044e-80  +1.275750e-79  +2.419987e-83  +4.099422e-94  +1.006354e-104  +8.738579e-104  +8.525508e-109  +1.155148e-124  +2.173667e-151  +5.680498e-189  +4.477509e-237  +3.048673e-288  +0.000000e+00  +0.000000e+00  +0.000000e+00  +0.000000e+00  +0.000000e+00  +0.000000e+00  +0.000000e+00  +0.000000e+00  +0.000000e+00 
