+0.000000e+00  +0.000000e+00  +0.000000e+00  +0.000000e+00  +0.000000e+00  +0.000000e+00  +0.000000e+00  +0.000000e+00  +1.396393e-316  +5.036767e-285  +2.523097e-264  +1.756002e-254  +7.315297e-243  +1.163022e-235  +2.568060e-239  +7.875174e-254  +2.387311e-270  +5.449876e-283  +1.727835e-306  +0.000000e+00  +0.000000e+00  +0.000000e+00  +0.000000e+00  +0.000000e+00  +0.000000e+00  +0.000000e+00  +0.000000e+00  +0.000000e+00  +0.000000e+00  +0.000000e+00  +0.000000e+00  +0.000000e+00 
+0.000000e+00  +0.000000e+00  +0.000000e+00  +0.000000e+00  +0.000000e+00  +0.000000e+00  +0.000000e+00  +1.068518e-290  +1.758923e-248  +6.344404e-217  +3.178139e-196  +2.211095e-186  +1.765979e-177  +2.802329e-170  +6.187800e-174  +1.897542e-188  +3.714922e-200  +8.480615e-213  +2.688704e-236  +1.183850e-270  +7.239158e-316  +0.000000e+00  +0.000000e+00  +0.000000e+00  +0.000000e+00  +0.000000e+00  +0.000000e+00  +0.000000e+00  +0.000000e+00  +0.000000e+00  +0.000000e+00  +0.000000e+00 
+0.000000e+00  +0.000000e+00  +0.000000e+00  +0.000000e+00  +0.000000e+00  +0.000000e+00  +4.885318e-272  +7.379590e-228  +3.078521e-191  +1.109859e-159  +5.559680e-139  +3.867909e-129  +6.319556e-123  +9.377527e-116  +2.070644e-119  +6.349854e-134  +8.028389e-141  +1.832762e-153  +5.810609e-177  +2.558440e-211  +1.564468e-256  +1.328606e-312  +0.000000e+00  +0.000000e+00  +0.000000e+00  +0.000000e+00  +0.000000e+00  +0.000000e+00  +0.000000e+00  +0.000000e+00  +0.000000e+00  +0.000000e+00 
+0.000000e+00  +0.000000e+00  +0.000000e+00  +0.000000e+00  +0.000000e+00  +1.176447e-274  +1.279597e-219  +1.932912e-175  +4.062455e-142  +2.696390e-113  +1.350718e-92  +9.397161e-83  +9.924755e-79  +4.358082e-72  +9.623044e-76  +4.416892e-90  +2.409600e-92  +5.500760e-105  +1.743967e-128  +7.678773e-163  +4.695516e-208  +3.987611e-264  +0.000000e+00  +0.000000e+00  +0.000000e+00  +0.000000e+00  +0.000000e+00  +0.000000e+00  +0.000000e+00  +0.000000e+00  +0.000000e+00  +0.000000e+00 
+0.000000e+00  +0.000000e+00  +0.000000e+00  +0.000000e+00  +5.464220e-299  +4.279479e-233  +4.654700e-178  +7.031215e-134  +1.475051e-100  +1.339534e-77  +4.557403e-57  +3.170756e-47  +1.720753e-44  +2.812823e-39  +6.210942e-43  +6.110453e-53  +1.004384e-54  +2.292858e-67  +7.269304e-91  +3.200711e-125  +1.957212e-170  +1.662139e-226  +3.678606e-251  +3.931341e-276  +5.834936e-312  +0.000000e+00  +0.000000e+00  +0.000000e+00  +0.000000e+00  +0.000000e+00  +0.000000e+00  +0.000000e+00 
+0.000000e+00  +0.000000e+00  +0.000000e+00  +1.773440e-300  +1.772742e-263  +2.162097e-202  +2.351517e-147  +3.552112e-103  +7.451837e-70  +2.171095e-47  +2.136421e-32  +1.485874e-22  +5.862448e-21  +2.521734e-17  +5.567247e-21  +3.537142e-26  +5.814229e-28  +1.327302e-40  +4.208094e-64  +1.852844e-98  +1.133001e-143  +5.792474e-172  +4.457420e-186  +4.763663e-211  +7.070276e-247  +1.457369e-293  +0.000000e+00  +0.000000e+00  +0.000000e+00  +0.000000e+00  +0.000000e+00  +0.000000e+00 
+0.000000e+00  +1.610666e-297  +6.813501e-267  +6.674854e-238  +6.672121e-201  +9.307296e-175  +3.079235e-127  +2.504150e-83  +5.228431e-50  +1.523254e-27  +6.177360e-16  +9.670988e-09  +6.197563e-08  +3.164726e-06  +6.931435e-10  +2.844227e-10  +4.674365e-12  +1.067088e-24  +3.383108e-48  +1.490304e-82  +2.671700e-110  +9.747704e-118  +7.501046e-132  +8.016397e-157  +1.189802e-192  +2.452494e-239  +7.020679e-297  +0.000000e+00  +0.000000e+00  +0.000000e+00  +0.000000e+00  +0.000000e+00 
+2.705313e-273  +8.240326e-232  +3.485855e-201  +2.047951e-181  +3.487605e-149  +4.841583e-123  +1.895159e-101  +5.313027e-70  +3.793241e-39  +2.032343e-18  +6.019398e-07  +1.268606e-05  +7.271581e-05  +1.177890e-04  +1.713635e-07  +6.737852e-05  +5.222777e-07  +1.240826e-19  +9.388752e-40  +2.184871e-54  +1.006997e-70  +2.278130e-74  +1.753065e-88  +1.873507e-113  +2.780678e-149  +5.731708e-196  +1.640799e-253  +6.819445e-313  +0.000000e+00  +0.000000e+00  +0.000000e+00  +0.000000e+00 
+1.922181e-218  +5.854924e-177  +2.476773e-146  +1.455087e-126  +2.531795e-108  +3.514703e-82  +6.776225e-67  +1.549027e-47  +4.896079e-29  +1.938181e-13  +6.848820e-05  +1.817376e-05  +8.624843e-06  +2.669899e-04  +1.654284e-04  +1.425819e-04  +2.525540e-05  +1.711592e-14  +3.868075e-19  +6.771802e-31  +1.340227e-38  +7.394225e-42  +5.689998e-56  +6.080923e-81  +9.025367e-117  +1.860372e-163  +3.766847e-208  +5.343713e-258  +1.053027e-318  +0.000000e+00  +0.000000e+00  +0.000000e+00 
+1.896746e-174  +5.777449e-133  +2.443999e-102  +1.435833e-82  +1.171541e-73  +3.543463e-52  +6.831655e-37  +4.187142e-29  +2.457242e-15  +3.293517e-08  +1.146658e-04  +2.150039e-04  +1.689256e-04  +1.845015e-04  +8.088637e-05  +2.983549e-05  +6.232879e-06  +1.435230e-05  +2.313754e-09  +3.191009e-13  +6.103081e-17  +3.333072e-20  +2.564863e-34  +2.741156e-59  +4.166560e-95  +4.019118e-125  +4.098777e-164  +5.815404e-214  +1.145987e-274  +0.000000e+00  +0.000000e+00  +0.000000e+00 
+2.599334e-141  +7.917516e-100  +3.349298e-69  +1.967690e-49  +1.605487e-40  +5.256501e-33  +9.565402e-18  +2.704447e-13  +1.983047e-07  +7.909817e-05  +1.077373e-04  +3.574616e-04  +4.814689e-04  +2.320078e-04  +2.901687e-04  +4.714955e-04  +2.720413e-04  +1.060310e-04  +1.448713e-05  +2.214894e-06  +3.958316e-06  +2.087655e-09  +1.906116e-23  +5.109460e-46  +8.371254e-64  +6.067245e-92  +6.194517e-131  +8.789345e-181  +1.732039e-241  +1.607259e-289  +0.000000e+00  +0.000000e+00 
+4.947124e-119  +1.506884e-77  +6.374478e-47  +3.744962e-27  +3.055750e-18  +3.633102e-17  +2.843832e-09  +5.057033e-05  +9.967920e-05  +1.393952e-04  +2.624398e-04  +5.461627e-05  +2.904363e-04  +2.174424e-04  +5.162420e-04  +9.270676e-05  +2.157770e-04  +1.861523e-04  +1.429686e-04  +1.057014e-04  +1.909395e-05  +2.267892e-06  +6.341458e-15  +3.686422e-24  +1.740347e-41  +1.272939e-69  +1.300211e-108  +1.844896e-158  +3.272457e-194  +2.895619e-225  +3.558334e-267  +6.073055e-320 
+1.307620e-107  +3.982983e-66  +1.684897e-35  +9.898654e-16  +8.078147e-07  +1.449242e-06  +1.161580e-04  +1.715109e-05  +8.590963e-05  +2.160625e-05  +1.535838e-04  +2.236937e-04  +2.877485e-04  +2.038200e-04  +4.352130e-04  +2.016588e-04  +3.008739e-04  +2.514943e-04  +2.704720e-04  +2.231171e-04  +1.125120e-04  +4.955446e-05  +5.642179e-06  +9.993355e-13  +5.054398e-30  +3.711135e-58  +6.196705e-97  +1.285103e-120  +8.187804e-141  +7.244941e-172  +8.903078e-214  +1.519440e-266 
+4.800076e-107  +1.462093e-65  +6.185004e-35  +3.633648e-15  +2.966792e-06  +1.352892e-05  +2.127416e-07  +1.395069e-06  +4.560058e-06  +4.927579e-05  +1.351605e-04  +2.879108e-04  +2.505383e-04  +9.623600e-05  +3.319032e-04  +3.065922e-04  +5.815300e-04  +5.330073e-04  +2.562101e-04  +2.042340e-04  +7.734101e-05  +1.156752e-04  +3.780217e-05  +2.479091e-10  +2.905339e-24  +4.804938e-49  +9.733701e-69  +4.465494e-78  +2.845109e-98  +2.517481e-129  +3.093653e-171  +5.279769e-224 
+2.447106e-117  +7.453834e-76  +3.153150e-45  +1.852454e-25  +1.514815e-16  +2.177499e-15  +1.697517e-18  +2.590043e-11  +8.408408e-06  +7.688128e-05  +9.557952e-05  +2.138768e-04  +3.319513e-04  +1.541586e-04  +1.731989e-04  +4.918954e-05  +2.151422e-04  +3.365918e-04  +4.377294e-04  +3.370377e-04  +3.468685e-04  +3.912195e-05  +7.277239e-05  +1.628740e-08  +1.957081e-22  +1.421981e-38  +4.697290e-37  +2.154958e-46  +1.372993e-66  +1.214886e-97  +1.492935e-139  +2.547911e-192 
+1.732588e-138  +5.277427e-97  +2.232478e-66  +1.311566e-46  +1.077791e-37  +4.932274e-36  +3.025946e-38  +6.430257e-22  +2.610528e-16  +3.694636e-09  +8.729318e-05  +1.052218e-05  +1.126822e-06  +1.561319e-04  +3.188950e-04  +9.158925e-05  +1.917499e-04  +1.048747e-04  +2.666164e-04  +2.728487e-04  +4.071264e-04  +9.352507e-05  +1.992403e-04  +3.226076e-08  +1.963866e-22  +9.530182e-18  +3.148145e-16  +1.444263e-25  +9.201860e-46  +8.142223e-77  +1.000572e-118  +1.707622e-171 
+1.703632e-170  +5.189228e-129  +2.195168e-98  +1.289646e-78  +1.076405e-69  +1.553098e-67  +1.036735e-59  +2.217121e-43  +2.069966e-27  +3.759360e-12  +8.820094e-07  +6.873272e-10  +1.300445e-04  +2.117803e-04  +2.232127e-04  +2.658075e-04  +6.414559e-04  +3.610790e-04  +5.090916e-04  +2.561216e-04  +3.445136e-04  +2.861840e-04  +8.052805e-05  +6.929025e-10  +1.521282e-10  +8.870564e-08  +2.930219e-06  +1.344285e-15  +8.564873e-36  +7.578588e-67  +9.313087e-109  +1.589414e-161 
+2.326453e-213  +7.086328e-172  +2.997686e-141  +1.761120e-121  +1.542646e-112  +6.792850e-110  +4.964375e-92  +3.392165e-67  +4.209505e-41  +1.947694e-25  +2.559261e-14  +1.317478e-05  +3.380795e-04  +1.442996e-04  +3.843234e-04  +4.120343e-04  +4.782130e-04  +5.467898e-04  +5.192653e-04  +4.308829e-04  +3.889150e-04  +2.016701e-04  +7.702755e-05  +1.172905e-04  +9.336531e-05  +3.725961e-05  +2.151633e-06  +1.784271e-16  +1.107314e-36  +9.796523e-68  +1.203863e-109  +2.054566e-162 
+4.412155e-267  +1.343933e-225  +5.685158e-195  +3.339993e-175  +3.367418e-166  +2.556598e-162  +1.045577e-123  +9.404831e-84  +4.208935e-51  +2.566782e-26  +2.099661e-10  +9.167295e-05  +4.818579e-04  +2.656130e-04  +2.736606e-04  +7.378645e-04  +6.480144e-04  +2.881162e-04  +4.940278e-04  +1.619498e-04  +3.549711e-04  +1.130058e-04  +9.769891e-05  +8.793439e-06  +6.229122e-06  +5.155586e-08  +3.097308e-10  +8.136301e-22  +2.968498e-44  +1.521513e-77  +3.219453e-121  +3.698770e-174 
+0.000000e+00  +3.539746e-290  +1.497397e-259  +8.797117e-240  +6.388087e-218  +1.930348e-156  +8.101071e-106  +4.721663e-66  +3.822767e-37  +1.579098e-18  +2.729553e-07  +2.437892e-05  +2.958905e-04  +4.012254e-04  +3.185561e-04  +5.084136e-04  +8.143847e-04  +1.574330e-04  +2.942893e-04  +4.210629e-04  +6.197879e-04  +2.420773e-06  +5.075833e-09  +2.790209e-13  +4.335797e-16  +3.475118e-20  +7.515140e-25  +1.974128e-36  +7.202052e-59  +3.649010e-92  +2.567626e-136  +2.509158e-191 
+0.000000e+00  +0.000000e+00  +0.000000e+00  +3.163547e-283  +6.893047e-211  +2.088870e-149  +8.816701e-99  +5.198134e-59  +4.304987e-30  +5.061021e-12  +8.607633e-05  +1.207947e-04  +2.182366e-04  +2.790810e-04  +6.557860e-04  +4.766550e-04  +2.038189e-04  +3.796830e-04  +2.278176e-04  +3.333200e-04  +1.403842e-04  +9.361278e-08  +3.759889e-19  +7.959739e-29  +3.856611e-36  +1.319851e-41  +2.532595e-50  +6.652147e-62  +2.426849e-84  +1.229593e-117  +8.652035e-162  +8.454988e-217 
+0.000000e+00  +0.000000e+00  +0.000000e+00  +2.723912e-278  +7.154561e-207  +2.609822e-146  +1.322144e-96  +9.302739e-58  +9.099191e-30  +1.255679e-12  +8.425091e-06  +1.773290e-04  +1.851246e-04  +1.097569e-04  +3.613830e-04  +3.712513e-04  +9.857403e-05  +4.131564e-04  +1.004042e-04  +4.130014e-06  +3.308783e-11  +1.143291e-18  +2.644258e-30  +1.477945e-52  +7.550515e-67  +7.207600e-74  +1.206207e-86  +3.113051e-98  +1.135709e-120  +5.754213e-154  +4.048953e-198  +3.956739e-253 
+0.000000e+00  +0.000000e+00  +0.000000e+00  +1.316219e-277  +3.457148e-206  +1.261089e-145  +6.388687e-96  +4.494852e-57  +4.391978e-29  +5.986039e-12  +4.271244e-05  +1.835397e-04  +7.251947e-06  +3.230291e-04  +5.279012e-05  +1.455943e-04  +2.159265e-04  +2.468705e-04  +1.060415e-04  +3.184598e-06  +9.568256e-15  +4.005881e-34  +2.587129e-52  +1.440852e-74  +4.735159e-107  +5.467647e-117  +1.515391e-131  +2.023246e-145  +7.381244e-168  +3.739800e-201  +2.631510e-245  +2.571579e-300 
+0.000000e+00  +0.000000e+00  +0.000000e+00  +8.832856e-288  +2.320016e-216  +8.462946e-156  +4.301004e-106  +7.925069e-67  +2.446098e-36  +1.688797e-16  +1.658748e-07  +6.504911e-05  +1.280768e-04  +1.390083e-04  +5.601816e-07  +9.365996e-07  +1.787148e-05  +3.608140e-07  +1.081726e-09  +1.387400e-16  +3.145348e-25  +1.312870e-44  +7.610493e-75  +1.955102e-107  +1.514296e-140  +5.805223e-171  +1.587964e-185  +1.826203e-203  +6.662387e-226  +3.375582e-259  +2.375229e-303  +0.000000e+00 
+0.000000e+00  +0.000000e+00  +0.000000e+00  +8.293730e-309  +1.040425e-236  +1.532247e-173  +3.951982e-121  +1.416322e-79  +7.049322e-49  +4.872752e-29  +1.320776e-19  +2.829210e-12  +1.370621e-10  +8.177393e-12  +1.455750e-15  +7.115532e-18  +6.402130e-15  +1.076163e-16  +9.152061e-25  +2.442836e-34  +1.435987e-46  +5.993710e-66  +3.474455e-96  +2.797149e-137  +2.853662e-184  +3.069575e-228  +2.322900e-250  +2.290109e-272  +8.351571e-295  +0.000000e+00  +0.000000e+00  +0.000000e+00 
+0.000000e+00  +0.000000e+00  +0.000000e+00  +0.000000e+00  +3.302718e-260  +6.136814e-197  +1.583625e-144  +5.675444e-103  +2.824784e-72  +1.953080e-52  +1.070460e-38  +3.014668e-30  +2.040675e-27  +7.427058e-30  +7.649561e-34  +8.660011e-40  +6.502699e-35  +1.177541e-36  +3.098380e-49  +2.621713e-60  +9.393550e-79  +3.800210e-98  +2.202919e-128  +1.773485e-169  +1.982871e-221  +8.341362e-283  +0.000000e+00  +0.000000e+00  +0.000000e+00  +0.000000e+00  +0.000000e+00  +0.000000e+00 
+0.000000e+00  +0.000000e+00  +0.000000e+00  +0.000000e+00  +1.838008e-294  +3.415221e-231  +8.813092e-179  +3.158463e-137  +1.572031e-106  +2.112206e-86  +1.535803e-67  +4.605746e-59  +4.219878e-55  +9.992800e-59  +5.590672e-63  +1.475710e-72  +9.866813e-66  +1.795835e-67  +4.540924e-80  +4.232215e-97  +1.475755e-117  +3.346246e-141  +1.939762e-171  +1.561627e-212  +1.746000e-264  +0.000000e+00  +0.000000e+00  +0.000000e+00  +0.000000e+00  +0.000000e+00  +0.000000e+00  +0.000000e+00 
+0.000000e+00  +0.000000e+00  +0.000000e+00  +0.000000e+00  +0.000000e+00  +2.639567e-276  +6.811490e-224  +2.441123e-182  +1.215055e-151  +1.514938e-126  +3.156900e-107  +1.358178e-98  +1.211899e-93  +2.324981e-98  +5.688836e-103  +5.704328e-116  +2.089161e-107  +3.803648e-109  +9.617804e-122  +1.286644e-144  +3.303785e-165  +4.257822e-195  +2.372117e-225  +1.909700e-266  +2.135169e-318  +0.000000e+00  +0.000000e+00  +0.000000e+00  +0.000000e+00  +0.000000e+00  +0.000000e+00  +0.000000e+00 
+0.000000e+00  +0.000000e+00  +0.000000e+00  +0.000000e+00  +0.000000e+00  +0.000000e+00  +7.311289e-280  +2.620242e-238  +4.236186e-207  +4.318132e-177  +9.013265e-158  +2.028317e-148  +4.833601e-143  +2.335566e-148  +8.078293e-154  +9.150129e-168  +6.145187e-160  +1.118851e-161  +2.829097e-174  +9.934882e-198  +1.028708e-223  +4.974506e-255  +4.028672e-290  +0.000000e+00  +0.000000e+00  +0.000000e+00  +0.000000e+00  +0.000000e+00  +0.000000e+00  +0.000000e+00  +0.000000e+00  +0.000000e+00 
+0.000000e+00  +0.000000e+00  +0.000000e+00  +0.000000e+00  +0.000000e+00  +0.000000e+00  +0.000000e+00  +3.906122e-305  +1.139303e-268  +1.712191e-238  +3.573898e-219  +9.891459e-209  +2.677400e-203  +1.035866e-208  +1.607819e-215  +1.694496e-229  +2.510409e-223  +4.570693e-225  +1.155734e-237  +4.058554e-261  +4.468261e-293  +0.000000e+00  +0.000000e+00  +0.000000e+00  +0.000000e+00  +0.000000e+00  +0.000000e+00  +0.000000e+00  +0.000000e+00  +0.000000e+00  +0.000000e+00  +0.000000e+00 
+0.000000e+00  +0.000000e+00  +0.000000e+00  +0.000000e+00  +0.000000e+00  +0.000000e+00  +0.000000e+00  +0.000000e+00  +0.000000e+00  +9.428653e-311  +1.968101e-291  +7.535237e-280  +2.059651e-274  +7.834319e-280  +4.520674e-288  +4.589587e-302  +1.424270e-297  +2.593164e-299  +6.557006e-312  +0.000000e+00  +0.000000e+00  +0.000000e+00  +0.000000e+00  +0.000000e+00  +0.000000e+00  +0.000000e+00  +0.000000e+00  +0.000000e+00  +0.000000e+00  +0.000000e+00  +0.000000e+00  +0.000000e+00 
+0.000000e+00  +0.000000e+00  +0.000000e+00  +0.000000e+00  +0.000000e+00  +0.000000e+00  +0.000000e+00  +0.000000e+00  +0.000000e+00  +0.000000e+00  +0.000000e+00  +0.000000e+00  +0.000000e+00  +0.000000e+00  +0.000000e+00  +0.000000e+00  +0.000000e+00  +0.000000e+00  +0.000000e+00  +0.000000e+00  +0.000000e+00  +0.000000e+00  +0.000000e+00  +0.000000e+00  +0.000000e+00  +0.000000e+00  +0.000000e+00  +0.000000e+00  +0.000000e+00  +0.000000e+00  +0.000000e+00  +0.000000e+00 
