+0.000000e+00  +0.000000e+00  +0.000000e+00  +0.000000e+00  +0.000000e+00  +0.000000e+00  +0.000000e+00  +0.000000e+00  +0.000000e+00  +0.000000e+00  +0.000000e+00  +0.000000e+00  +0.000000e+00  +1.860997e-319  +3.417873e-276  +1.380677e-243  +7.745826e-222  +6.035057e-211  +6.530298e-211  +9.847495e-222  +3.028359e-241  +3.697503e-269  +6.679898e-308  +0.000000e+00  +0.000000e+00  +0.000000e+00  +0.000000e+00  +0.000000e+00  +0.000000e+00  +0.000000e+00  +0.000000e+00  +0.000000e+00 
+0.000000e+00  +0.000000e+00  +0.000000e+00  +0.000000e+00  +0.000000e+00  +0.000000e+00  +0.000000e+00  +0.000000e+00  +0.000000e+00  +0.000000e+00  +0.000000e+00  +0.000000e+00  +3.933727e-304  +4.896284e-255  +6.677685e-215  +2.663355e-182  +1.494186e-160  +1.164175e-149  +1.259710e-149  +2.041112e-160  +1.309953e-178  +1.644754e-206  +5.567909e-245  +2.987360e-293  +0.000000e+00  +0.000000e+00  +0.000000e+00  +0.000000e+00  +0.000000e+00  +0.000000e+00  +0.000000e+00  +0.000000e+00 
+0.000000e+00  +0.000000e+00  +0.000000e+00  +0.000000e+00  +0.000000e+00  +0.000000e+00  +0.000000e+00  +0.000000e+00  +0.000000e+00  +0.000000e+00  +0.000000e+00  +4.350924e-310  +3.897668e-250  +4.849155e-201  +8.555111e-163  +7.137174e-132  +4.002945e-110  +3.118841e-99  +3.374915e-99  +1.402193e-109  +7.982427e-127  +1.359027e-154  +3.052161e-192  +2.986325e-240  +4.279522e-299  +0.000000e+00  +0.000000e+00  +0.000000e+00  +0.000000e+00  +0.000000e+00  +0.000000e+00  +0.000000e+00 
+0.000000e+00  +0.000000e+00  +0.000000e+00  +0.000000e+00  +0.000000e+00  +0.000000e+00  +0.000000e+00  +0.000000e+00  +0.000000e+00  +0.000000e+00  +0.000000e+00  +6.207030e-267  +5.363466e-207  +6.672771e-158  +1.152942e-119  +5.421279e-92  +1.489344e-70  +1.160396e-59  +1.256798e-59  +7.725879e-69  +7.665389e-86  +6.314168e-113  +4.104982e-150  +4.227175e-198  +6.065028e-257  +2.322109e-322  +0.000000e+00  +0.000000e+00  +0.000000e+00  +0.000000e+00  +0.000000e+00  +0.000000e+00 
+0.000000e+00  +0.000000e+00  +1.645974e-292  +1.788841e-271  +2.699966e-261  +5.659563e-262  +1.647576e-273  +6.661149e-296  +0.000000e+00  +0.000000e+00  +5.679850e-287  +2.655712e-224  +1.734789e-172  +1.275441e-125  +2.203642e-87  +5.289047e-60  +7.871822e-42  +5.995938e-31  +6.625700e-31  +9.288091e-39  +2.794453e-55  +1.091897e-81  +8.054042e-119  +8.336563e-167  +4.674441e-216  +1.797302e-273  +0.000000e+00  +0.000000e+00  +0.000000e+00  +0.000000e+00  +0.000000e+00  +0.000000e+00 
+4.475288e-298  +2.521702e-255  +1.973352e-223  +2.144634e-202  +3.236979e-192  +6.785228e-193  +1.975272e-204  +8.014715e-227  +1.497943e-256  +1.083323e-294  +9.529315e-254  +4.455597e-191  +2.893264e-139  +2.609240e-98  +5.939435e-66  +1.409942e-38  +4.748972e-22  +4.304964e-13  +6.934015e-13  +2.849263e-19  +5.648723e-35  +2.960342e-61  +9.182281e-96  +1.825492e-131  +5.195819e-178  +3.318114e-233  +1.393000e-293  +0.000000e+00  +0.000000e+00  +0.000000e+00  +0.000000e+00  +0.000000e+00 
+7.451445e-240  +4.198685e-197  +3.285671e-165  +3.570859e-144  +5.389635e-134  +1.129754e-134  +3.288875e-146  +3.667229e-168  +1.217632e-195  +8.808632e-234  +2.220366e-231  +1.038170e-168  +6.741411e-117  +6.079542e-76  +7.614417e-46  +1.933826e-26  +2.011010e-11  +1.327762e-05  +7.429958e-05  +5.755981e-10  +3.341400e-25  +9.582413e-44  +1.375696e-68  +1.097253e-103  +2.957025e-146  +1.670417e-193  +4.751662e-251  +1.657091e-316  +0.000000e+00  +0.000000e+00  +0.000000e+00  +0.000000e+00 
+1.723050e-192  +9.708916e-150  +7.597688e-118  +8.257150e-97  +1.246283e-86  +2.612411e-87  +7.612121e-99  +2.642743e-118  +1.375005e-145  +9.999975e-184  +1.665629e-179  +5.505918e-157  +2.197597e-105  +1.967473e-64  +2.463940e-34  +4.286221e-15  +1.643541e-06  +2.518720e-04  +1.681006e-04  +1.171379e-06  +1.949771e-13  +2.105422e-27  +9.156387e-50  +5.135164e-79  +3.959531e-115  +3.655717e-160  +3.995574e-214  +2.498894e-272  +0.000000e+00  +0.000000e+00  +0.000000e+00  +0.000000e+00 
+5.533416e-156  +3.117928e-113  +2.439927e-81  +2.651707e-60  +4.002324e-50  +8.389519e-51  +3.546022e-62  +4.139775e-79  +2.156406e-106  +2.598263e-129  +2.401837e-123  +1.494463e-126  +6.098807e-95  +7.882326e-58  +1.141205e-29  +2.339362e-12  +2.930123e-05  +2.826874e-04  +9.542090e-06  +3.039403e-04  +3.781335e-07  +2.032909e-17  +3.176175e-33  +5.800389e-58  +1.102003e-90  +2.275596e-130  +2.267527e-177  +3.025401e-222  +3.674361e-272  +0.000000e+00  +0.000000e+00  +0.000000e+00 
+2.467895e-130  +1.390591e-87  +1.088204e-55  +1.182657e-34  +1.785030e-24  +3.742601e-25  +2.414830e-34  +9.016543e-51  +4.697047e-78  +1.840345e-83  +4.833968e-78  +2.987119e-81  +7.511008e-71  +2.896385e-43  +1.305265e-24  +5.674412e-10  +1.470685e-04  +1.952646e-04  +2.095860e-04  +5.441249e-04  +1.531504e-05  +4.029648e-09  +3.295828e-21  +7.667062e-42  +5.423112e-68  +3.969344e-104  +3.320021e-136  +2.903366e-175  +3.526149e-225  +5.947541e-286  +0.000000e+00  +0.000000e+00 
+1.528615e-115  +8.613325e-73  +6.740337e-41  +7.325382e-20  +1.105648e-09  +2.586861e-10  +7.271624e-17  +2.777745e-33  +2.525220e-48  +1.829856e-48  +1.375013e-43  +8.291984e-47  +1.305232e-57  +5.028277e-30  +2.693388e-13  +1.845610e-06  +2.489235e-04  +3.951135e-04  +3.079206e-04  +3.319305e-04  +2.080102e-04  +1.073674e-05  +1.096247e-12  +2.537326e-27  +1.355327e-52  +7.027077e-72  +4.424841e-100  +3.869533e-139  +4.699568e-189  +1.810948e-248  +7.236670e-313  +0.000000e+00 
+1.314944e-111  +7.409350e-69  +5.798169e-37  +6.301436e-16  +9.511582e-06  +1.152335e-04  +1.857043e-09  +4.431392e-19  +9.313073e-24  +2.534460e-24  +5.760558e-20  +3.196715e-23  +2.769735e-37  +2.156522e-26  +4.272711e-10  +1.839050e-04  +5.294654e-04  +3.964379e-04  +4.528632e-04  +4.874424e-04  +3.327407e-04  +1.625824e-04  +2.327240e-08  +1.751361e-22  +2.868695e-29  +1.300677e-46  +8.190159e-75  +7.624816e-114  +1.002095e-157  +3.015375e-211  +1.260121e-275  +0.000000e+00 
+1.570922e-118  +8.851713e-76  +6.926887e-44  +7.528124e-23  +1.181201e-12  +9.821213e-06  +5.943065e-06  +3.695975e-08  +5.047970e-10  +4.996046e-11  +3.969431e-07  +1.711563e-10  +1.482926e-24  +5.175497e-17  +1.174626e-08  +1.749100e-04  +5.581371e-04  +4.389299e-04  +5.238309e-04  +2.409408e-04  +5.972236e-04  +4.570754e-05  +2.080931e-09  +2.259015e-08  +7.374239e-15  +3.344518e-32  +7.171326e-57  +1.118471e-88  +2.423371e-131  +7.292143e-185  +3.051773e-249  +0.000000e+00 
+2.606392e-136  +1.468630e-93  +1.149273e-61  +1.982493e-40  +2.833140e-18  +1.533105e-06  +1.370237e-05  +3.138685e-05  +1.359008e-04  +1.362886e-05  +1.217910e-04  +1.473522e-08  +5.147540e-19  +8.048833e-10  +9.472875e-05  +1.078080e-04  +1.919425e-04  +3.589497e-04  +6.922616e-04  +3.986379e-04  +3.717753e-04  +9.939173e-05  +9.246804e-05  +8.440987e-05  +6.315474e-10  +2.143420e-20  +2.407839e-41  +3.779948e-73  +2.187412e-115  +1.116101e-166  +1.254028e-228  +1.961081e-301 
+6.005689e-165  +9.725903e-121  +2.904225e-76  +1.307606e-42  +8.181567e-20  +7.132082e-08  +1.304725e-04  +7.202025e-05  +1.585610e-04  +2.116531e-04  +1.133253e-04  +8.636324e-08  +1.226728e-07  +5.684241e-07  +1.701779e-04  +2.424382e-04  +2.032948e-04  +3.477472e-04  +5.757612e-04  +3.317325e-04  +3.416287e-04  +2.897662e-04  +1.923079e-05  +8.876875e-06  +1.436396e-05  +8.350382e-15  +2.209487e-33  +9.283384e-63  +5.419804e-103  +4.394401e-154  +4.948274e-216  +7.738303e-289 
+1.818473e-165  +5.594876e-112  +2.390668e-69  +1.418847e-37  +1.170410e-16  +1.359908e-06  +1.631373e-05  +1.365637e-04  +1.733773e-04  +2.165840e-04  +2.111512e-04  +2.046811e-04  +2.053889e-04  +1.312875e-04  +1.000459e-04  +1.933206e-04  +2.003252e-04  +5.016861e-04  +5.399286e-04  +4.266703e-04  +3.059198e-04  +5.848094e-05  +1.475416e-04  +1.358475e-04  +4.950993e-05  +4.283573e-13  +1.215612e-31  +5.088913e-61  +2.970166e-101  +2.408177e-152  +2.711702e-214  +4.240664e-287 
+3.206973e-166  +9.895577e-113  +4.315454e-70  +2.941687e-38  +5.094636e-17  +4.591849e-06  +4.852777e-05  +2.928184e-05  +4.238470e-04  +7.329316e-05  +2.969445e-04  +3.066341e-04  +2.606014e-04  +1.311761e-04  +2.161551e-04  +2.312374e-04  +2.677726e-04  +5.693022e-04  +3.048224e-04  +4.774911e-04  +3.669596e-04  +1.078276e-04  +4.276069e-05  +8.361892e-05  +4.224881e-08  +5.469522e-17  +1.131837e-36  +3.256437e-67  +1.320805e-108  +9.028864e-161  +2.617773e-223  +3.286680e-296 
+2.301090e-172  +1.035147e-117  +6.467120e-74  +5.611257e-41  +6.763742e-19  +1.225781e-07  +1.085916e-04  +1.807131e-04  +1.414678e-04  +1.987168e-04  +1.954179e-04  +2.808373e-04  +4.983944e-04  +1.421603e-04  +2.673437e-04  +2.751433e-04  +4.362299e-04  +7.093184e-04  +4.345990e-04  +2.148041e-04  +3.295495e-04  +2.147052e-04  +1.730941e-04  +6.404287e-05  +3.148878e-07  +2.889548e-19  +3.683095e-42  +6.519891e-76  +1.641021e-120  +2.170575e-174  +1.628860e-237  +1.741464e-311 
+1.519943e-165  +3.434845e-113  +1.679421e-71  +1.461319e-39  +4.458031e-18  +2.592299e-07  +2.056383e-04  +1.961630e-04  +1.714846e-04  +4.560203e-04  +1.751975e-04  +2.034525e-04  +3.349117e-04  +2.379262e-04  +4.954867e-04  +5.345327e-04  +5.556010e-04  +5.667895e-04  +3.210645e-04  +2.051430e-04  +1.996711e-04  +4.111728e-05  +1.450748e-04  +9.202894e-05  +4.120829e-12  +2.496131e-28  +3.130700e-51  +5.541947e-85  +1.362452e-129  +4.651770e-185  +2.205734e-251  +0.000000e+00 
+1.821997e-158  +4.072373e-106  +1.264111e-64  +5.449592e-34  +3.263878e-14  +2.765679e-05  +9.791808e-05  +7.804027e-06  +3.917242e-05  +5.418834e-05  +2.314675e-04  +1.368341e-04  +1.639710e-04  +4.792237e-04  +3.983849e-04  +3.203272e-04  +1.877164e-04  +2.905596e-04  +3.253193e-04  +2.082393e-04  +1.575483e-04  +3.901264e-05  +6.669288e-05  +1.976673e-05  +6.053003e-15  +5.143278e-35  +2.254124e-64  +3.381892e-104  +1.608381e-149  +5.491419e-205  +2.603871e-271  +0.000000e+00 
+3.033888e-162  +6.781089e-110  +2.105068e-68  +9.201198e-38  +2.130457e-17  +2.761368e-06  +7.626224e-05  +2.279295e-05  +8.516614e-05  +1.650531e-04  +3.232407e-04  +2.846361e-05  +1.196134e-04  +2.032540e-04  +1.438764e-04  +4.864525e-04  +2.431907e-04  +2.015680e-04  +3.202760e-04  +1.271679e-05  +6.547013e-05  +2.247736e-04  +8.076893e-05  +1.567334e-07  +1.621254e-18  +5.508261e-35  +2.630036e-62  +1.744002e-100  +1.606090e-149  +2.054145e-209  +3.648633e-280  +0.000000e+00 
+7.726318e-175  +3.574878e-120  +2.317989e-76  +2.087462e-43  +2.610740e-21  +4.546099e-10  +3.467481e-05  +1.240979e-04  +3.157851e-08  +3.350784e-05  +7.334140e-05  +4.038891e-08  +1.398476e-04  +2.452266e-05  +3.051751e-11  +8.932755e-07  +4.515723e-05  +1.449663e-04  +1.920998e-04  +5.817856e-06  +1.259183e-04  +1.896890e-05  +4.915138e-06  +6.660005e-05  +1.611569e-10  +5.540618e-27  +2.645486e-54  +1.754247e-92  +1.615525e-141  +2.066212e-201  +3.670066e-272  +0.000000e+00 
+1.748993e-189  +8.166189e-135  +5.295276e-91  +4.768654e-58  +5.964414e-36  +2.067931e-20  +6.124180e-10  +1.400903e-06  +1.358780e-09  +1.851834e-04  +3.562572e-05  +1.520598e-13  +3.860977e-07  +3.518913e-08  +2.664476e-19  +4.208430e-14  +2.944341e-09  +6.232686e-06  +3.077690e-07  +2.024515e-08  +2.931280e-12  +2.881952e-13  +2.592463e-07  +3.954728e-05  +3.085274e-13  +7.742430e-30  +3.695620e-57  +2.450600e-95  +2.256813e-144  +2.886400e-204  +5.126909e-275  +0.000000e+00 
+5.548855e-215  +2.590805e-160  +1.679979e-116  +1.512962e-83  +2.442463e-57  +8.136505e-36  +1.353057e-21  +3.179828e-18  +1.650198e-11  +1.239593e-06  +2.974788e-12  +6.893130e-21  +1.488492e-18  +1.338861e-19  +1.673128e-31  +3.076382e-32  +9.361495e-24  +1.706647e-15  +1.678312e-17  +1.062262e-21  +1.997257e-30  +1.068278e-26  +1.170707e-13  +1.781777e-11  +3.766140e-20  +1.105698e-39  +5.224073e-70  +4.779878e-109  +4.378417e-158  +5.599848e-218  +9.946615e-289  +0.000000e+00 
+2.444875e-251  +1.141531e-196  +7.402322e-153  +5.564671e-116  +2.092485e-83  +2.521509e-58  +4.266877e-44  +2.884243e-39  +1.505789e-23  +1.131103e-18  +1.179991e-24  +4.538838e-39  +7.979806e-41  +7.177627e-42  +8.966178e-54  +7.614285e-59  +9.180473e-45  +6.495573e-36  +6.382910e-38  +7.740788e-46  +7.228344e-56  +6.699703e-44  +7.342142e-31  +1.117449e-28  +2.361952e-37  +6.933492e-57  +2.826644e-87  +1.600411e-128  +1.270209e-180  +1.646229e-242  +2.680197e-313  +0.000000e+00 
+1.496056e-298  +6.985316e-244  +2.445546e-196  +1.040313e-152  +9.063186e-117  +1.104314e-91  +1.868711e-77  +3.528018e-62  +1.908231e-46  +1.433406e-41  +1.495358e-47  +2.166915e-64  +5.941229e-74  +5.343980e-75  +6.675615e-87  +4.407647e-95  +4.852505e-76  +3.433438e-67  +3.373886e-69  +8.294139e-81  +7.313002e-91  +5.835365e-72  +6.394922e-59  +9.732858e-57  +2.057233e-65  +6.038993e-85  +2.461974e-115  +1.393928e-156  +1.096063e-208  +1.196929e-271  +0.000000e+00  +0.000000e+00 
+0.000000e+00  +2.073314e-298  +9.990357e-244  +6.283146e-197  +5.512528e-161  +6.716800e-136  +1.296043e-121  +6.209199e-96  +3.358426e-80  +2.522748e-75  +2.631782e-81  +3.812976e-98  +6.143250e-118  +5.525692e-119  +6.902607e-131  +6.992040e-138  +3.562178e-118  +2.520454e-109  +2.476738e-111  +3.391029e-124  +9.047965e-135  +7.058599e-111  +7.735452e-98  +1.177310e-95  +2.488479e-104  +7.304912e-124  +2.978064e-154  +1.686130e-195  +1.325824e-247  +1.447834e-310  +0.000000e+00  +0.000000e+00 
+0.000000e+00  +0.000000e+00  +8.401354e-299  +5.307439e-252  +4.656490e-216  +5.673751e-191  +3.896871e-167  +1.517673e-140  +8.208778e-125  +6.166186e-120  +6.432691e-126  +9.319803e-143  +1.884070e-170  +7.934992e-174  +9.912267e-186  +7.128167e-191  +3.631643e-171  +2.569605e-162  +2.525036e-164  +3.445934e-177  +1.502719e-184  +1.185788e-160  +1.299493e-147  +1.977786e-145  +4.180443e-154  +1.227166e-173  +5.002906e-204  +2.832561e-245  +2.227277e-297  +0.000000e+00  +0.000000e+00  +0.000000e+00 
+0.000000e+00  +0.000000e+00  +0.000000e+00  +6.226309e-318  +5.462664e-282  +6.660760e-257  +1.322808e-222  +5.151800e-196  +2.786501e-180  +2.093135e-175  +2.183601e-181  +3.163643e-198  +6.365601e-226  +1.582502e-239  +1.976837e-251  +1.009261e-254  +5.141960e-235  +3.638245e-226  +3.575140e-228  +4.879016e-241  +3.505936e-245  +2.766516e-221  +3.031799e-208  +4.614297e-206  +9.753235e-215  +2.863055e-234  +1.167209e-264  +6.608542e-306  +0.000000e+00  +0.000000e+00  +0.000000e+00  +0.000000e+00 
+0.000000e+00  +0.000000e+00  +0.000000e+00  +0.000000e+00  +0.000000e+00  +0.000000e+00  +6.236133e-289  +2.428721e-262  +1.313644e-246  +9.867700e-242  +1.029419e-247  +1.491441e-264  +3.000945e-292  +4.383087e-316  +0.000000e+00  +0.000000e+00  +1.011096e-309  +7.154107e-301  +7.030021e-303  +9.593912e-316  +1.135974e-316  +8.963911e-293  +9.823466e-280  +1.495099e-277  +3.160188e-286  +9.276711e-306  +0.000000e+00  +0.000000e+00  +0.000000e+00  +0.000000e+00  +0.000000e+00  +0.000000e+00 
+0.000000e+00  +0.000000e+00  +0.000000e+00  +0.000000e+00  +0.000000e+00  +0.000000e+00  +0.000000e+00  +0.000000e+00  +9.881313e-324  +6.460600e-319  +0.000000e+00  +0.000000e+00  +0.000000e+00  +0.000000e+00  +0.000000e+00  +0.000000e+00  +0.000000e+00  +0.000000e+00  +0.000000e+00  +0.000000e+00  +0.000000e+00  +0.000000e+00  +0.000000e+00  +0.000000e+00  +0.000000e+00  +0.000000e+00  +0.000000e+00  +0.000000e+00  +0.000000e+00  +0.000000e+00  +0.000000e+00  +0.000000e+00 
+0.000000e+00  +0.000000e+00  +0.000000e+00  +0.000000e+00  +0.000000e+00  +0.000000e+00  +0.000000e+00  +0.000000e+00  +0.000000e+00  +0.000000e+00  +0.000000e+00  +0.000000e+00  +0.000000e+00  +0.000000e+00  +0.000000e+00  +0.000000e+00  +0.000000e+00  +0.000000e+00  +0.000000e+00  +0.000000e+00  +0.000000e+00  +0.000000e+00  +0.000000e+00  +0.000000e+00  +0.000000e+00  +0.000000e+00  +0.000000e+00  +0.000000e+00  +0.000000e+00  +0.000000e+00  +0.000000e+00  +0.000000e+00 
