+0.000000e+00  +0.000000e+00  +0.000000e+00  +0.000000e+00  +0.000000e+00  +0.000000e+00  +0.000000e+00  +0.000000e+00  +0.000000e+00  +0.000000e+00  +0.000000e+00  +0.000000e+00  +0.000000e+00  +0.000000e+00  +0.000000e+00  +0.000000e+00  +0.000000e+00  +1.323445e-308  +1.295770e-286  +1.761927e-275  +3.327254e-275  +8.726133e-286  +3.178306e-307  +0.000000e+00  +0.000000e+00  +0.000000e+00  +0.000000e+00  +0.000000e+00  +0.000000e+00  +0.000000e+00  +0.000000e+00  +0.000000e+00 
+0.000000e+00  +0.000000e+00  +0.000000e+00  +0.000000e+00  +0.000000e+00  +0.000000e+00  +0.000000e+00  +0.000000e+00  +0.000000e+00  +0.000000e+00  +0.000000e+00  +0.000000e+00  +0.000000e+00  +0.000000e+00  +0.000000e+00  +4.175860e-314  +2.119786e-270  +1.494432e-237  +1.463181e-215  +1.989565e-204  +3.757129e-204  +9.853534e-215  +3.588937e-236  +1.815422e-268  +2.896434e-307  +1.724381e-303  +1.425804e-310  +0.000000e+00  +0.000000e+00  +0.000000e+00  +0.000000e+00  +0.000000e+00 
+0.000000e+00  +0.000000e+00  +0.000000e+00  +0.000000e+00  +0.000000e+00  +0.000000e+00  +0.000000e+00  +0.000000e+00  +0.000000e+00  +0.000000e+00  +0.000000e+00  +0.000000e+00  +0.000000e+00  +0.000000e+00  +1.791620e-308  +6.548685e-254  +3.324300e-210  +2.343604e-177  +2.294597e-155  +3.120084e-144  +5.892021e-144  +1.545255e-154  +5.628259e-176  +2.846989e-208  +3.782600e-232  +2.252056e-228  +1.862113e-235  +2.138310e-253  +3.410481e-282  +2.403629e-320  +0.000000e+00  +0.000000e+00 
+0.000000e+00  +0.000000e+00  +0.000000e+00  +0.000000e+00  +0.000000e+00  +0.000000e+00  +0.000000e+00  +9.691661e-317  +6.551756e-314  +6.175821e-322  +0.000000e+00  +0.000000e+00  +0.000000e+00  +7.266749e-312  +3.902043e-259  +1.426265e-204  +7.240130e-161  +5.104232e-128  +4.997496e-106  +6.795360e-95  +1.283247e-94  +3.365475e-105  +1.225802e-126  +6.200575e-159  +6.860794e-168  +4.084728e-164  +3.377457e-171  +3.878418e-189  +6.850968e-218  +4.655328e-253  +4.520867e-298  +0.000000e+00 
+0.000000e+00  +0.000000e+00  +0.000000e+00  +7.941611e-320  +5.625097e-303  +1.731506e-278  +6.068865e-254  +2.954126e-240  +1.997048e-237  +1.874934e-245  +1.182727e-255  +1.251994e-257  +1.840597e-270  +3.990982e-241  +4.734149e-217  +4.314041e-166  +2.189931e-122  +1.543883e-89  +1.511599e-67  +2.055401e-56  +3.881454e-56  +1.017959e-66  +3.707697e-88  +2.938447e-119  +1.728209e-114  +1.028928e-110  +8.507691e-118  +9.773263e-136  +1.864230e-162  +1.292709e-196  +1.255409e-241  +1.693196e-297 
+0.000000e+00  +1.172096e-311  +3.544089e-273  +1.488278e-245  +8.698055e-229  +7.347652e-213  +2.569071e-188  +1.250540e-174  +8.453901e-172  +7.936967e-180  +2.495388e-187  +2.641530e-189  +3.883390e-202  +3.044089e-181  +3.610006e-157  +6.116830e-138  +9.199250e-95  +6.485396e-62  +6.349778e-40  +8.634130e-29  +1.630484e-28  +4.276145e-39  +1.557790e-60  +1.430479e-78  +6.045832e-72  +3.599522e-68  +2.976269e-75  +4.833667e-93  +7.129504e-117  +4.985426e-151  +4.841574e-196  +6.529933e-252 
+1.401155e-297  +3.050632e-248  +9.224256e-210  +3.873565e-182  +2.259110e-165  +4.593539e-154  +1.510368e-133  +7.351981e-120  +4.970085e-117  +4.666177e-125  +7.311886e-130  +7.740105e-132  +1.137895e-144  +3.224578e-132  +3.824049e-108  +6.475462e-95  +1.011331e-75  +3.783524e-45  +3.704406e-23  +5.037076e-12  +9.512103e-12  +2.495572e-22  +4.601986e-35  +1.045671e-48  +2.937338e-40  +1.748810e-36  +1.448095e-43  +7.600407e-59  +3.818522e-82  +2.670187e-116  +2.593139e-161  +3.497422e-217 
+5.064680e-245  +1.102693e-195  +3.334234e-157  +1.400153e-129  +8.165694e-113  +1.642602e-103  +1.233183e-89  +6.002732e-76  +4.057966e-73  +3.809832e-81  +2.975491e-83  +3.149751e-85  +4.630540e-98  +4.743800e-94  +5.625704e-70  +9.265427e-57  +5.755185e-45  +4.534564e-35  +3.001349e-17  +4.081210e-06  +8.660449e-06  +1.479980e-11  +3.888035e-16  +1.078630e-29  +1.982285e-19  +1.179996e-15  +2.531618e-22  +5.641117e-35  +2.840355e-58  +1.986181e-92  +1.928871e-137  +2.601509e-193 
+1.621046e-202  +5.535896e-154  +1.673781e-115  +7.028751e-88  +4.099167e-71  +8.483707e-64  +1.410010e-56  +6.806623e-43  +4.601411e-40  +4.320047e-48  +1.681612e-47  +1.780096e-49  +2.616974e-62  +9.692240e-67  +1.149392e-42  +1.893027e-29  +4.616011e-25  +3.602638e-15  +3.947355e-16  +1.996908e-09  +7.460987e-05  +1.268624e-04  +5.555421e-08  +4.582568e-17  +1.160091e-08  +1.111897e-05  +1.608259e-09  +5.827463e-22  +2.934187e-45  +2.051796e-79  +1.992592e-124  +2.687513e-180 
+1.804777e-165  +5.225028e-121  +1.168986e-84  +4.900258e-57  +2.857830e-40  +2.876736e-34  +7.707746e-30  +1.072297e-20  +7.246233e-18  +6.803538e-26  +1.319871e-22  +1.397214e-24  +2.055861e-37  +3.750599e-40  +3.275666e-26  +5.371388e-13  +1.230017e-10  +3.975704e-06  +8.815223e-07  +4.158129e-05  +2.041034e-04  +1.473260e-04  +1.915929e-06  +6.212273e-09  +5.746625e-05  +6.116157e-05  +2.536273e-07  +9.417303e-20  +6.050055e-43  +3.660952e-72  +1.598080e-111  +9.728312e-162 
+3.309636e-139  +9.510987e-95  +3.796979e-61  +4.956057e-37  +2.767475e-20  +2.246772e-14  +7.291431e-12  +3.119568e-09  +1.587299e-06  +4.733147e-12  +1.439787e-08  +1.554066e-10  +1.960705e-22  +7.864022e-18  +4.008054e-16  +4.930110e-07  +5.972105e-05  +1.245868e-04  +5.067658e-05  +1.935723e-04  +1.479710e-04  +3.030633e-04  +3.393725e-04  +2.464018e-04  +1.721956e-04  +1.287690e-04  +7.498666e-07  +1.119438e-13  +2.544587e-31  +1.889027e-59  +1.499120e-96  +2.843102e-144 
+8.428974e-124  +2.422256e-79  +9.667261e-46  +5.358343e-23  +8.146557e-11  +3.183259e-05  +9.688083e-05  +4.368132e-05  +4.823612e-05  +8.000435e-05  +4.466216e-05  +4.375852e-06  +2.901041e-08  +2.292081e-06  +1.100374e-08  +8.672863e-05  +1.712732e-04  +3.095625e-05  +1.042725e-04  +3.700627e-04  +2.203210e-04  +1.918161e-04  +2.804776e-04  +1.224696e-04  +7.141077e-05  +1.865120e-04  +5.119904e-05  +1.533182e-09  +1.085771e-24  +1.070965e-50  +1.473866e-87  +2.902999e-135 
+2.981311e-119  +8.567470e-75  +3.419290e-41  +1.895210e-18  +1.458920e-06  +1.228637e-04  +3.957112e-05  +3.174058e-05  +2.110905e-04  +1.577704e-04  +1.201092e-04  +9.873009e-05  +1.867761e-04  +2.931992e-04  +2.521404e-04  +8.186686e-05  +1.200153e-04  +1.679989e-04  +1.797310e-04  +4.773671e-04  +2.152117e-04  +5.194608e-04  +2.276849e-04  +1.128466e-04  +1.575990e-04  +2.699537e-04  +1.937928e-04  +2.910271e-08  +1.376850e-22  +9.057042e-48  +8.532133e-84  +5.478888e-130 
+1.464460e-125  +4.208458e-81  +1.679602e-47  +9.309921e-25  +6.400980e-12  +2.421392e-05  +5.238467e-05  +7.390719e-05  +6.862691e-05  +1.663207e-04  +2.023965e-04  +2.146442e-04  +2.517129e-04  +1.469977e-04  +5.270577e-05  +2.083014e-04  +1.039120e-04  +1.656424e-04  +1.268225e-04  +4.542700e-04  +1.678029e-04  +2.803505e-04  +6.151753e-04  +5.441270e-05  +7.752021e-05  +3.053625e-05  +1.055540e-04  +2.896739e-07  +1.833671e-19  +1.612146e-42  +1.968454e-76  +3.337984e-121 
+9.990473e-143  +2.870988e-98  +1.147795e-64  +8.207702e-37  +1.982105e-16  +2.398668e-06  +8.085224e-05  +4.262367e-04  +6.769360e-05  +3.258632e-04  +1.569347e-04  +9.890961e-05  +3.221569e-04  +1.089241e-04  +8.846951e-05  +1.378846e-04  +6.203964e-05  +2.739160e-04  +4.830851e-04  +4.090591e-04  +4.575049e-04  +3.123569e-04  +3.997615e-04  +2.052213e-04  +1.556923e-04  +3.354282e-05  +1.312800e-04  +2.143421e-07  +5.822015e-20  +2.252924e-43  +1.277530e-77  +1.114401e-122 
+5.464988e-156  +4.220038e-104  +4.525795e-63  +6.740818e-33  +1.394340e-13  +4.007433e-05  +1.901635e-04  +2.080437e-04  +3.304016e-04  +9.159140e-05  +4.171174e-04  +2.936294e-04  +4.924078e-04  +2.053019e-04  +3.159103e-04  +2.627739e-04  +1.847042e-04  +1.697216e-04  +9.470959e-05  +2.613144e-04  +1.837800e-04  +5.275822e-04  +2.172853e-04  +2.168336e-04  +1.291754e-04  +1.175302e-05  +8.081424e-05  +5.261143e-08  +7.525862e-22  +1.052976e-45  +5.099235e-80  +3.632950e-125 
+5.782260e-151  +3.675132e-100  +3.273622e-60  +4.197662e-31  +8.674774e-13  +6.390772e-05  +2.635672e-04  +9.313865e-05  +1.470063e-04  +2.472221e-04  +1.947828e-04  +1.301431e-04  +1.650832e-04  +1.675360e-04  +1.012458e-04  +1.934669e-04  +2.900142e-04  +2.285829e-04  +3.475648e-04  +4.847004e-04  +2.693948e-04  +4.974921e-04  +1.720189e-04  +9.803304e-06  +5.604549e-05  +6.057393e-05  +7.065317e-10  +3.441152e-13  +3.235621e-27  +4.225223e-52  +7.662689e-88  +1.930194e-134 
+2.335090e-147  +2.114899e-98  +2.786541e-60  +2.080563e-32  +2.952685e-14  +3.142703e-06  +1.323703e-04  +1.766883e-05  +4.000410e-04  +1.510574e-04  +2.579986e-05  +6.066575e-06  +1.070311e-04  +8.296405e-05  +8.083325e-06  +3.150241e-06  +1.005586e-04  +2.552826e-04  +3.476490e-04  +3.333433e-04  +2.531817e-04  +3.108611e-04  +4.024429e-05  +1.949290e-12  +1.279507e-06  +1.041734e-04  +2.073609e-08  +6.301375e-23  +2.996276e-43  +3.912639e-68  +7.095770e-104  +1.787176e-150 
+7.211113e-141  +6.526650e-92  +8.203824e-54  +1.432123e-26  +3.472020e-10  +1.199133e-04  +1.153695e-04  +2.201518e-04  +2.605966e-04  +4.701387e-05  +1.131785e-04  +2.674915e-05  +2.115583e-04  +7.757217e-05  +8.884415e-05  +1.447786e-04  +1.813460e-04  +7.632637e-05  +3.505596e-04  +2.705075e-04  +2.625973e-04  +3.206801e-04  +2.564851e-06  +2.352175e-17  +5.446815e-15  +3.845824e-10  +8.421633e-14  +2.561342e-28  +1.081874e-53  +6.346399e-90  +9.125528e-131  +2.298399e-177 
+1.241036e-143  +4.064839e-95  +1.996956e-57  +1.907092e-30  +1.262958e-12  +7.142490e-05  +4.389957e-05  +4.629241e-05  +1.637385e-04  +1.884736e-04  +2.006679e-04  +1.467497e-04  +3.164981e-04  +3.681423e-05  +1.557347e-04  +7.299025e-05  +8.523019e-05  +3.264893e-05  +3.254426e-04  +1.720590e-05  +6.498457e-07  +4.541530e-06  +6.732593e-07  +1.538347e-17  +1.745057e-33  +2.170940e-26  +4.754239e-30  +1.445947e-44  +6.107472e-70  +3.582685e-106  +2.918728e-153  +3.302712e-211 
+1.611560e-138  +5.040555e-90  +2.189516e-52  +1.320857e-25  +1.106721e-09  +1.685236e-04  +2.362607e-04  +2.777077e-04  +2.910690e-04  +1.392113e-04  +2.211590e-05  +1.445234e-04  +1.591429e-04  +5.628468e-05  +2.331275e-04  +1.234135e-04  +1.981279e-04  +2.590608e-04  +1.318955e-04  +6.887041e-09  +2.373006e-16  +2.856347e-15  +4.415639e-17  +1.009282e-27  +3.203833e-49  +1.702042e-53  +3.727380e-57  +1.133639e-71  +4.788330e-97  +2.808867e-133  +2.288318e-180  +2.589044e-238 
+2.980621e-144  +9.322638e-96  +4.049600e-58  +2.443270e-31  +2.555960e-15  +3.007092e-06  +1.490322e-04  +3.916713e-05  +5.948961e-05  +2.183479e-04  +1.507300e-04  +1.956794e-04  +1.575241e-04  +3.009179e-04  +8.941449e-05  +5.217162e-05  +2.462566e-05  +8.551897e-08  +7.378624e-05  +4.468673e-07  +8.135554e-18  +2.744952e-35  +4.023422e-38  +9.196335e-49  +2.919254e-70  +1.853237e-91  +4.058488e-95  +1.234342e-109  +5.213684e-135  +3.058383e-171  +2.491592e-218  +2.819032e-276 
+3.533407e-144  +1.379713e-94  +7.482070e-56  +5.634988e-28  +5.895839e-11  +1.003099e-04  +1.976090e-04  +2.140245e-04  +1.175628e-04  +2.601572e-04  +1.470684e-04  +8.321971e-05  +2.185146e-04  +4.751360e-05  +1.834838e-04  +1.154941e-04  +4.945452e-05  +6.308596e-13  +2.208509e-07  +1.968876e-07  +3.700291e-18  +9.658106e-40  +5.126396e-70  +1.163737e-80  +3.694128e-102  +1.628575e-134  +6.137095e-144  +1.866526e-158  +7.883939e-184  +4.624773e-220  +3.767693e-267  +0.000000e+00 
+9.992052e-148  +3.901663e-98  +2.115840e-59  +1.593506e-31  +1.669010e-14  +2.197129e-06  +1.780873e-05  +1.034434e-04  +9.912862e-05  +1.001018e-05  +1.131734e-04  +3.834767e-07  +2.188162e-04  +2.088779e-05  +1.171263e-04  +4.806064e-06  +1.135184e-07  +1.087352e-18  +9.202290e-19  +1.243760e-18  +2.337517e-29  +6.101137e-51  +2.211591e-83  +2.046299e-123  +6.492170e-145  +2.862101e-177  +1.288841e-203  +3.919860e-218  +1.655693e-243  +9.712408e-280  +0.000000e+00  +0.000000e+00 
+3.924224e-162  +1.532318e-112  +8.309637e-74  +6.448827e-46  +1.302979e-25  +1.235961e-14  +2.079743e-14  +1.317784e-07  +1.184473e-04  +2.691068e-05  +6.142936e-06  +2.914881e-08  +3.051665e-05  +5.192789e-08  +7.063877e-05  +8.647168e-06  +2.908663e-16  +4.483382e-30  +8.063332e-41  +1.091173e-40  +2.050744e-51  +5.352634e-73  +1.940267e-105  +9.767728e-149  +1.584618e-198  +6.985554e-231  +8.035960e-274  +1.143260e-288  +4.828967e-314  +0.000000e+00  +0.000000e+00  +0.000000e+00 
+2.140379e-187  +8.357768e-138  +7.591882e-99  +1.505502e-66  +1.028772e-44  +9.763478e-34  +1.508022e-27  +4.576303e-14  +2.792176e-07  +4.845559e-05  +5.887176e-05  +2.688351e-05  +5.434782e-05  +3.017081e-10  +7.555226e-09  +1.106481e-10  +3.704606e-21  +1.722576e-42  +1.459093e-73  +1.329499e-73  +2.498655e-84  +6.521722e-106  +2.364048e-138  +1.190113e-181  +8.320668e-236  +2.367861e-295  +0.000000e+00  +0.000000e+00  +0.000000e+00  +0.000000e+00  +0.000000e+00  +0.000000e+00 
+1.621680e-223  +1.010697e-172  +3.356604e-129  +1.651617e-96  +1.128644e-74  +1.071134e-63  +7.828218e-45  +2.870355e-27  +2.102291e-14  +2.926923e-11  +8.062037e-07  +1.349301e-06  +8.617234e-11  +5.642881e-20  +1.305760e-23  +1.979690e-26  +6.628113e-37  +3.081956e-58  +1.990219e-90  +2.249680e-117  +4.228038e-128  +1.103558e-149  +4.000267e-182  +2.013821e-225  +1.407962e-279  +0.000000e+00  +0.000000e+00  +0.000000e+00  +0.000000e+00  +0.000000e+00  +0.000000e+00  +0.000000e+00 
+5.675149e-268  +1.443457e-213  +5.114174e-170  +2.516432e-137  +1.719621e-115  +2.583434e-97  +5.742452e-69  +3.028379e-45  +2.218224e-32  +3.917460e-25  +3.299738e-19  +1.631515e-18  +7.787199e-23  +2.039727e-37  +3.149526e-49  +4.919653e-53  +1.646932e-63  +7.657944e-85  +4.945232e-117  +4.435055e-160  +9.935953e-183  +2.593377e-204  +9.400687e-237  +4.732510e-280  +0.000000e+00  +0.000000e+00  +0.000000e+00  +0.000000e+00  +0.000000e+00  +0.000000e+00  +0.000000e+00  +0.000000e+00 
+1.197269e-319  +3.054342e-265  +1.082155e-221  +5.324747e-189  +3.638867e-167  +2.215831e-132  +8.414019e-98  +4.437712e-74  +3.251162e-61  +2.279234e-48  +1.899669e-42  +2.756092e-41  +1.317011e-45  +8.742325e-61  +5.734390e-85  +1.699641e-90  +5.683285e-101  +2.642628e-122  +1.706516e-154  +1.530463e-197  +3.244691e-248  +8.463971e-270  +3.068091e-302  +0.000000e+00  +0.000000e+00  +0.000000e+00  +0.000000e+00  +0.000000e+00  +0.000000e+00  +0.000000e+00  +0.000000e+00  +0.000000e+00 
+0.000000e+00  +0.000000e+00  +3.180102e-284  +1.564771e-251  +1.649124e-217  +4.508922e-172  +1.712342e-137  +9.031211e-114  +3.173610e-99  +1.844323e-82  +1.528350e-76  +6.472309e-75  +3.093417e-79  +2.053394e-94  +1.893207e-120  +8.236384e-139  +2.723712e-149  +1.266478e-170  +8.178471e-203  +7.334737e-246  +9.135554e-300  +0.000000e+00  +0.000000e+00  +0.000000e+00  +0.000000e+00  +0.000000e+00  +0.000000e+00  +0.000000e+00  +0.000000e+00  +0.000000e+00  +0.000000e+00  +0.000000e+00 
+0.000000e+00  +0.000000e+00  +0.000000e+00  +4.940656e-324  +4.660343e-268  +1.274376e-222  +4.839664e-188  +2.552530e-164  +3.492018e-144  +2.072636e-127  +1.712848e-121  +2.111216e-119  +1.009080e-123  +6.698220e-139  +6.174916e-165  +6.070135e-198  +1.812846e-208  +8.429413e-230  +5.443419e-262  +4.881847e-305  +0.000000e+00  +0.000000e+00  +0.000000e+00  +0.000000e+00  +0.000000e+00  +0.000000e+00  +0.000000e+00  +0.000000e+00  +0.000000e+00  +0.000000e+00  +0.000000e+00  +0.000000e+00 
+0.000000e+00  +0.000000e+00  +0.000000e+00  +0.000000e+00  +0.000000e+00  +5.002192e-284  +1.899669e-249  +1.014674e-225  +5.450050e-200  +3.234797e-183  +2.669927e-177  +9.564350e-175  +4.571417e-179  +3.034482e-194  +2.797410e-220  +3.581507e-257  +1.675708e-278  +7.791749e-300  +0.000000e+00  +0.000000e+00  +0.000000e+00  +0.000000e+00  +0.000000e+00  +0.000000e+00  +0.000000e+00  +0.000000e+00  +0.000000e+00  +0.000000e+00  +0.000000e+00  +0.000000e+00  +0.000000e+00  +0.000000e+00 
