+0.000000e+00  +0.000000e+00  +0.000000e+00  +0.000000e+00  +0.000000e+00  +0.000000e+00  +0.000000e+00  +0.000000e+00  +0.000000e+00  +0.000000e+00  +0.000000e+00  +0.000000e+00  +0.000000e+00  +0.000000e+00  +0.000000e+00  +0.000000e+00  +0.000000e+00  +0.000000e+00  +0.000000e+00  +0.000000e+00  +0.000000e+00  +0.000000e+00  +0.000000e+00  +0.000000e+00  +0.000000e+00  +0.000000e+00  +0.000000e+00  +0.000000e+00  +0.000000e+00  +0.000000e+00  +0.000000e+00  +0.000000e+00 
+0.000000e+00  +0.000000e+00  +0.000000e+00  +0.000000e+00  +0.000000e+00  +0.000000e+00  +0.000000e+00  +0.000000e+00  +0.000000e+00  +0.000000e+00  +0.000000e+00  +2.609691e-316  +2.248679e-296  +2.821402e-277  +4.916321e-269  +1.189765e-271  +4.140025e-285  +1.156688e-302  +8.893182e-323  +0.000000e+00  +0.000000e+00  +0.000000e+00  +0.000000e+00  +0.000000e+00  +0.000000e+00  +0.000000e+00  +0.000000e+00  +0.000000e+00  +0.000000e+00  +0.000000e+00  +0.000000e+00  +0.000000e+00 
+0.000000e+00  +0.000000e+00  +0.000000e+00  +0.000000e+00  +0.000000e+00  +0.000000e+00  +0.000000e+00  +0.000000e+00  +4.851406e-302  +6.711998e-275  +6.826083e-252  +9.641180e-240  +4.435706e-226  +5.565448e-207  +9.697850e-199  +2.347242e-201  +1.039705e-214  +5.405388e-229  +4.158551e-249  +9.995914e-272  +1.542927e-302  +0.000000e+00  +0.000000e+00  +0.000000e+00  +0.000000e+00  +0.000000e+00  +0.000000e+00  +0.000000e+00  +0.000000e+00  +0.000000e+00  +0.000000e+00  +0.000000e+00 
+0.000000e+00  +0.000000e+00  +0.000000e+00  +0.000000e+00  +0.000000e+00  +0.000000e+00  +3.425206e-307  +4.948516e-264  +9.928902e-232  +3.720410e-209  +3.502278e-186  +4.946628e-174  +1.215168e-166  +1.524661e-147  +2.656739e-139  +6.438493e-142  +8.406918e-155  +3.508170e-166  +2.415388e-185  +2.385219e-205  +3.681970e-236  +9.154035e-278  +0.000000e+00  +0.000000e+00  +0.000000e+00  +0.000000e+00  +0.000000e+00  +0.000000e+00  +0.000000e+00  +0.000000e+00  +0.000000e+00  +0.000000e+00 
+0.000000e+00  +0.000000e+00  +0.000000e+00  +0.000000e+00  +0.000000e+00  +9.358537e-302  +9.735501e-248  +1.406522e-204  +2.822103e-172  +7.866339e-151  +2.495558e-131  +3.524734e-119  +1.153717e-117  +5.800754e-99  +1.010794e-90  +2.477640e-93  +7.918216e-105  +3.162077e-114  +7.112197e-130  +7.905176e-150  +1.227592e-180  +7.815527e-219  +2.111634e-260  +4.017734e-306  +0.000000e+00  +0.000000e+00  +0.000000e+00  +0.000000e+00  +0.000000e+00  +0.000000e+00  +0.000000e+00  +0.000000e+00 
+0.000000e+00  +0.000000e+00  +0.000000e+00  +0.000000e+00  +4.931798e-318  +3.694176e-253  +3.842978e-199  +5.552087e-156  +1.113993e-123  +3.104179e-102  +2.469698e-87  +3.488039e-75  +6.842241e-74  +3.065021e-61  +5.341141e-53  +1.442382e-55  +7.170953e-64  +3.962411e-73  +3.273586e-85  +3.650493e-105  +3.915457e-134  +2.936049e-168  +3.929314e-203  +7.476240e-249  +4.677628e-283  +5.459000e-294  +6.933431e-311  +0.000000e+00  +0.000000e+00  +0.000000e+00  +0.000000e+00  +0.000000e+00 
+0.000000e+00  +0.000000e+00  +0.000000e+00  +0.000000e+00  +2.703664e-280  +2.025187e-215  +2.106762e-161  +3.043714e-118  +6.107031e-86  +1.701744e-64  +9.979648e-54  +4.793737e-42  +9.414248e-41  +2.249162e-34  +3.921235e-26  +1.937750e-28  +1.244902e-33  +3.347377e-42  +2.101606e-51  +6.268119e-71  +4.733433e-96  +7.411875e-122  +1.015446e-156  +1.577980e-194  +9.025775e-215  +5.565053e-221  +7.068128e-238  +1.246897e-265  +2.181672e-302  +0.000000e+00  +0.000000e+00  +0.000000e+00 
+0.000000e+00  +0.000000e+00  +0.000000e+00  +0.000000e+00  +2.058440e-253  +1.541880e-188  +1.603988e-134  +2.317338e-91  +4.649601e-59  +1.295627e-37  +5.014039e-27  +9.149670e-20  +1.860391e-18  +2.951820e-18  +4.012896e-10  +1.003574e-11  +3.005727e-14  +2.368663e-19  +2.219460e-28  +6.156944e-44  +2.696594e-62  +2.660149e-86  +3.644473e-121  +1.377706e-137  +8.615258e-153  +7.878862e-159  +1.000688e-175  +2.062473e-203  +4.184802e-237  +8.178808e-281  +0.000000e+00  +0.000000e+00 
+0.000000e+00  +0.000000e+00  +0.000000e+00  +3.426292e-312  +2.183944e-237  +1.630328e-172  +1.695995e-118  +2.450264e-75  +4.916309e-43  +1.369946e-21  +5.301583e-11  +2.431138e-08  +1.047616e-06  +1.028565e-06  +5.914620e-05  +2.253067e-05  +1.113774e-05  +3.508540e-07  +1.584044e-13  +1.893719e-24  +1.344099e-37  +1.325934e-61  +1.245160e-81  +1.670513e-91  +1.693948e-101  +1.549158e-107  +1.968365e-124  +8.068676e-150  +1.130608e-182  +2.209691e-226  +5.997760e-281  +0.000000e+00 
+0.000000e+00  +0.000000e+00  +0.000000e+00  +1.100410e-292  +2.704087e-220  +9.228366e-159  +4.373906e-108  +2.915017e-68  +7.482886e-38  +2.012295e-16  +7.799070e-06  +8.002294e-05  +7.710465e-05  +6.391602e-05  +2.799406e-04  +1.152450e-04  +1.180984e-04  +1.671749e-04  +2.694633e-07  +1.309884e-10  +9.304329e-24  +1.206375e-41  +2.096466e-46  +2.813073e-56  +4.625646e-61  +4.230251e-67  +8.347657e-84  +3.014470e-106  +4.242202e-139  +8.291078e-183  +8.235228e-235  +1.059286e-288 
+0.000000e+00  +0.000000e+00  +0.000000e+00  +5.563453e-284  +1.367133e-211  +4.665678e-150  +2.211347e-99  +1.455583e-59  +1.330623e-30  +1.689319e-12  +3.047940e-05  +5.402654e-05  +1.855959e-04  +1.420826e-04  +4.520222e-04  +5.010791e-04  +3.124107e-04  +5.215167e-04  +1.635801e-04  +1.262424e-07  +7.272199e-18  +3.784689e-19  +4.902902e-22  +8.244161e-32  +1.754229e-31  +1.606381e-37  +1.552222e-51  +1.570822e-73  +2.210594e-106  +1.000012e-145  +9.286946e-189  +1.197841e-242 
+0.000000e+00  +0.000000e+00  +5.524682e-293  +1.325192e-236  +4.414567e-191  +2.336079e-149  +8.928804e-99  +4.739933e-59  +3.494883e-30  +3.579192e-12  +5.109237e-05  +1.148220e-04  +1.763220e-04  +4.803379e-04  +6.630856e-04  +5.618000e-04  +3.078687e-04  +6.535556e-04  +1.724976e-04  +4.688874e-05  +7.323726e-08  +3.676034e-07  +1.592426e-08  +2.191243e-13  +9.240142e-13  +2.382491e-18  +1.121862e-29  +1.137369e-51  +2.348530e-78  +1.570393e-110  +1.458467e-153  +1.881147e-207 
+0.000000e+00  +3.496488e-310  +5.339996e-249  +1.280892e-192  +4.266991e-147  +1.974100e-112  +1.268395e-88  +5.057273e-62  +3.726934e-33  +3.817550e-15  +1.336969e-06  +8.194854e-05  +1.225338e-04  +3.595653e-04  +5.818487e-04  +2.344305e-04  +4.207913e-04  +3.892557e-04  +2.682190e-04  +1.650576e-04  +1.137084e-04  +3.124785e-05  +1.480529e-05  +4.017313e-05  +6.926791e-05  +1.547245e-07  +1.626290e-18  +1.065927e-32  +5.121769e-54  +3.425076e-86  +3.180961e-129  +4.102838e-183 
+6.010264e-314  +3.571193e-258  +7.686469e-206  +1.719451e-159  +5.727873e-114  +2.649969e-79  +1.702652e-55  +1.519351e-42  +2.900077e-39  +7.603846e-26  +7.601497e-12  +2.146918e-06  +4.188579e-04  +1.311194e-04  +4.522899e-04  +6.002112e-04  +5.538468e-04  +3.317399e-04  +2.369826e-04  +8.476792e-05  +1.618830e-04  +6.933580e-06  +5.733554e-05  +3.753547e-04  +2.816905e-05  +1.060542e-04  +9.775242e-09  +3.221869e-19  +1.551386e-40  +1.037457e-72  +9.635153e-116  +1.242754e-169 
+8.105632e-251  +2.459913e-211  +1.095830e-164  +3.259719e-123  +1.203196e-91  +4.940265e-57  +3.174209e-33  +2.832452e-20  +2.508119e-17  +2.303220e-13  +4.377681e-09  +8.994558e-05  +4.714813e-04  +2.284242e-04  +1.281945e-04  +2.530880e-04  +3.157439e-04  +5.196287e-04  +3.909862e-04  +1.023335e-04  +3.171486e-04  +2.325188e-04  +1.653204e-04  +6.908594e-05  +8.601110e-05  +1.683140e-04  +6.424273e-06  +2.906408e-16  +1.981140e-37  +3.081430e-69  +4.299600e-107  +1.262715e-150 
+1.518162e-198  +4.607337e-159  +1.942384e-130  +6.787060e-93  +2.671461e-62  +1.538786e-42  +8.218321e-22  +7.333445e-09  +3.324664e-06  +5.657445e-06  +1.713905e-04  +1.630141e-04  +9.296464e-05  +1.604300e-04  +2.105011e-04  +1.919699e-04  +4.083326e-04  +5.372519e-04  +3.126894e-04  +3.824686e-04  +4.685287e-05  +1.492194e-04  +3.251457e-04  +8.719647e-05  +1.677963e-04  +2.062022e-04  +4.263271e-06  +7.328091e-13  +3.049565e-29  +4.674493e-52  +1.229967e-84  +4.494745e-128 
+3.949003e-157  +1.198448e-117  +5.051135e-89  +3.225836e-71  +1.159179e-42  +4.305939e-23  +3.382101e-14  +2.701967e-08  +2.362154e-04  +1.180509e-04  +1.499821e-04  +1.439003e-04  +1.187500e-05  +2.141531e-04  +2.050363e-04  +1.301995e-04  +1.971018e-04  +4.635119e-04  +2.325738e-05  +4.453945e-04  +3.543089e-04  +3.898900e-04  +3.878019e-04  +2.238316e-04  +1.642074e-04  +9.559792e-06  +9.460242e-05  +8.958297e-08  +1.219613e-18  +2.310775e-40  +6.080389e-73  +2.221995e-116 
+1.426575e-126  +4.329388e-87  +1.824720e-58  +1.068080e-40  +4.174322e-32  +1.123975e-13  +1.597003e-05  +1.278641e-04  +3.183636e-04  +7.043869e-05  +2.122906e-04  +2.102256e-05  +5.282556e-05  +2.196850e-04  +1.193994e-04  +5.573220e-05  +2.299204e-05  +1.668637e-04  +4.354275e-04  +3.330450e-04  +3.413310e-04  +3.039316e-05  +1.515803e-04  +8.009887e-05  +1.842629e-04  +2.294390e-07  +7.001031e-05  +6.192794e-07  +8.373603e-18  +1.586481e-39  +4.174533e-72  +1.525525e-115 
+7.157145e-107  +2.172059e-67  +9.154642e-39  +5.358572e-21  +4.357136e-14  +4.497419e-13  +4.255891e-06  +1.253789e-04  +2.247392e-04  +5.458083e-05  +2.662404e-04  +2.730932e-04  +8.156904e-05  +1.089236e-04  +1.337706e-04  +5.575839e-05  +2.107571e-04  +1.399912e-04  +1.971676e-04  +2.740005e-04  +2.092614e-04  +2.264031e-04  +1.692083e-05  +8.137670e-05  +1.045363e-04  +2.024066e-07  +7.231241e-05  +3.983182e-06  +2.706015e-17  +2.561336e-39  +3.367061e-72  +6.147145e-116 
+4.986812e-98  +1.513404e-58  +6.378587e-30  +3.733638e-12  +3.035504e-05  +6.904681e-05  +2.848235e-05  +1.206223e-04  +1.944385e-04  +7.427239e-05  +1.567119e-04  +2.774476e-04  +1.877487e-04  +1.912443e-04  +1.235875e-04  +1.546386e-04  +2.028556e-04  +1.527344e-04  +3.808075e-05  +9.377671e-05  +1.537036e-04  +1.653979e-04  +1.746789e-04  +1.448592e-05  +7.336455e-06  +1.891378e-04  +2.018151e-04  +1.618518e-08  +2.451184e-22  +2.064066e-44  +2.713270e-77  +4.953537e-121 
+4.825519e-100  +1.464454e-60  +6.172279e-32  +3.612878e-14  +2.937146e-07  +1.039636e-05  +1.337517e-04  +1.979140e-04  +2.384835e-04  +2.273185e-04  +9.809918e-05  +9.482146e-05  +2.370717e-04  +1.398530e-04  +2.689317e-04  +2.769508e-04  +1.238747e-04  +2.974466e-04  +7.929165e-05  +2.449928e-04  +6.575642e-05  +3.282126e-05  +6.613501e-05  +4.781443e-05  +7.691562e-08  +6.386165e-07  +4.819812e-07  +1.621918e-13  +7.404573e-29  +6.569667e-55  +1.467479e-91  +5.608155e-137 
+6.484896e-113  +1.968044e-73  +8.294775e-45  +4.855258e-27  +3.948005e-20  +4.023737e-13  +4.920831e-06  +1.302656e-04  +1.728633e-04  +1.747941e-04  +3.503383e-04  +2.430203e-04  +2.848164e-04  +9.375318e-05  +5.298288e-05  +5.545040e-04  +7.913009e-05  +2.076922e-04  +5.823291e-06  +7.769062e-06  +1.698463e-04  +1.601639e-04  +1.504979e-05  +5.327383e-05  +8.783547e-11  +4.188409e-17  +3.284700e-17  +4.691035e-28  +4.477842e-44  +2.512461e-70  +2.002149e-107  +2.448801e-155 
+1.210319e-136  +3.673092e-97  +1.548109e-68  +9.061691e-51  +5.270667e-43  +9.333261e-25  +4.981135e-15  +8.203919e-07  +7.841606e-05  +6.898860e-05  +6.437407e-05  +7.922114e-05  +9.431584e-06  +3.085425e-04  +1.280950e-05  +3.976574e-07  +3.743259e-07  +1.305540e-04  +7.586126e-06  +8.500392e-15  +5.970059e-10  +1.172229e-07  +1.742540e-12  +8.276378e-13  +5.323189e-20  +1.657107e-37  +3.144492e-38  +3.424822e-49  +4.934283e-70  +2.463570e-96  +1.908969e-133  +2.056291e-181 
+3.137148e-171  +9.520653e-132  +4.012698e-103  +2.348790e-85  +3.436601e-65  +1.312221e-44  +4.745756e-26  +8.986091e-11  +4.098249e-05  +1.320413e-04  +8.336343e-05  +2.883396e-05  +1.458243e-08  +2.002082e-04  +1.346221e-04  +2.571405e-07  +1.184659e-17  +3.736296e-10  +1.959850e-11  +3.766437e-22  +4.590115e-26  +3.120148e-21  +1.614796e-26  +6.652457e-31  +7.089261e-39  +1.081781e-56  +4.180644e-70  +4.553332e-81  +6.887977e-103  +3.393617e-133  +2.617799e-170  +2.816480e-218 
+1.129296e-216  +3.427201e-177  +1.444473e-148  +2.446494e-127  +6.733342e-96  +1.071957e-63  +2.895478e-37  +4.478853e-18  +2.417201e-09  +3.529100e-06  +3.289654e-06  +2.269407e-06  +3.483615e-14  +2.207550e-09  +6.501397e-08  +1.083143e-09  +3.122100e-22  +2.005874e-26  +7.421323e-28  +1.444996e-38  +3.156771e-51  +1.162171e-45  +6.004396e-51  +1.471647e-59  +1.317541e-68  +2.000064e-86  +7.761631e-113  +8.407367e-124  +1.271699e-145  +2.677883e-178  +4.987815e-218  +5.365479e-266 
+5.645711e-273  +1.713367e-233  +7.221383e-205  +6.730456e-169  +5.117044e-123  +4.355103e-83  +1.019394e-52  +3.322514e-33  +3.139559e-21  +2.824565e-17  +2.268676e-17  +1.182531e-16  +4.030923e-26  +4.745488e-23  +3.912813e-21  +7.403611e-23  +2.134049e-35  +1.550338e-53  +3.960067e-55  +7.700936e-66  +1.827732e-86  +6.012009e-81  +3.106099e-86  +4.930971e-99  +3.613630e-109  +5.135561e-127  +1.088802e-155  +2.155900e-177  +3.261015e-199  +6.850384e-232  +2.130493e-275  +0.000000e+00 
+0.000000e+00  +1.189595e-300  +9.326334e-263  +2.225514e-202  +2.652298e-150  +4.475302e-109  +1.048735e-78  +5.836504e-58  +3.479882e-43  +3.140517e-39  +5.995927e-39  +9.926864e-38  +2.968927e-47  +1.775532e-47  +3.515619e-45  +7.028121e-47  +2.025816e-59  +8.109586e-83  +2.950663e-93  +5.700100e-104  +1.566363e-125  +4.319238e-127  +2.231530e-132  +1.832010e-148  +2.369257e-160  +1.831414e-178  +3.882663e-207  +7.677887e-242  +1.161340e-263  +2.439616e-296  +0.000000e+00  +0.000000e+00 
+0.000000e+00  +0.000000e+00  +3.565331e-302  +3.119004e-239  +3.789471e-187  +6.394097e-146  +1.683967e-115  +8.463061e-91  +5.359272e-76  +4.850897e-72  +5.548274e-71  +1.157783e-69  +3.461463e-79  +9.230070e-83  +4.531527e-80  +9.265583e-82  +2.670752e-94  +1.069134e-117  +3.066068e-142  +5.859566e-153  +1.610184e-174  +4.309556e-184  +2.226528e-189  +1.597592e-205  +8.206520e-222  +9.074903e-241  +1.922862e-269  +5.661725e-309  +0.000000e+00  +0.000000e+00  +0.000000e+00  +0.000000e+00 
+0.000000e+00  +0.000000e+00  +0.000000e+00  +6.188859e-287  +7.519228e-235  +1.269953e-193  +3.972706e-160  +1.810107e-134  +1.146265e-119  +1.040944e-115  +8.743379e-114  +1.875344e-112  +5.606772e-122  +6.663769e-129  +8.222312e-126  +1.696462e-127  +4.889956e-140  +1.957509e-163  +1.088324e-197  +8.365431e-213  +2.298776e-234  +5.971671e-252  +3.085258e-257  +2.213732e-273  +6.921536e-294  +6.286372e-314  +0.000000e+00  +0.000000e+00  +0.000000e+00  +0.000000e+00  +0.000000e+00  +0.000000e+00 
+0.000000e+00  +0.000000e+00  +0.000000e+00  +0.000000e+00  +2.072092e-293  +3.941109e-251  +1.179176e-214  +5.376768e-189  +3.404882e-174  +3.103358e-170  +1.960559e-167  +4.218640e-166  +1.261259e-175  +6.681488e-186  +2.083277e-182  +4.313737e-184  +1.243410e-196  +4.977522e-220  +2.767259e-254  +1.658634e-283  +4.557805e-305  +0.000000e+00  +0.000000e+00  +0.000000e+00  +0.000000e+00  +0.000000e+00  +0.000000e+00  +0.000000e+00  +0.000000e+00  +0.000000e+00  +0.000000e+00  +0.000000e+00 
+0.000000e+00  +0.000000e+00  +0.000000e+00  +0.000000e+00  +0.000000e+00  +1.481606e-316  +4.864448e-280  +2.218076e-254  +1.404615e-239  +1.285443e-235  +6.122587e-232  +1.317959e-230  +3.940342e-240  +9.303906e-254  +7.346479e-250  +1.523355e-251  +4.390984e-264  +1.757764e-287  +9.782500e-322  +0.000000e+00  +0.000000e+00  +0.000000e+00  +0.000000e+00  +0.000000e+00  +0.000000e+00  +0.000000e+00  +0.000000e+00  +0.000000e+00  +0.000000e+00  +0.000000e+00  +0.000000e+00  +0.000000e+00 
+0.000000e+00  +0.000000e+00  +0.000000e+00  +0.000000e+00  +0.000000e+00  +0.000000e+00  +0.000000e+00  +0.000000e+00  +8.047301e-316  +7.397908e-312  +2.656312e-307  +5.718332e-306  +1.709627e-315  +0.000000e+00  +0.000000e+00  +0.000000e+00  +0.000000e+00  +0.000000e+00  +0.000000e+00  +0.000000e+00  +0.000000e+00  +0.000000e+00  +0.000000e+00  +0.000000e+00  +0.000000e+00  +0.000000e+00  +0.000000e+00  +0.000000e+00  +0.000000e+00  +0.000000e+00  +0.000000e+00  +0.000000e+00 
