+0.000000e+00  +0.000000e+00  +0.000000e+00  +0.000000e+00  +0.000000e+00  +0.000000e+00  +0.000000e+00  +0.000000e+00  +0.000000e+00  +0.000000e+00  +0.000000e+00  +0.000000e+00  +0.000000e+00  +9.243065e-299  +1.790313e-277  +4.642960e-264  +5.936207e-238  +2.861394e-220  +8.770107e-213  +2.809528e-208  +1.599273e-214  +1.264299e-231  +1.388082e-259  +2.116500e-298  +0.000000e+00  +0.000000e+00  +0.000000e+00  +0.000000e+00  +0.000000e+00  +0.000000e+00  +0.000000e+00  +0.000000e+00 
+0.000000e+00  +0.000000e+00  +0.000000e+00  +0.000000e+00  +0.000000e+00  +0.000000e+00  +0.000000e+00  +0.000000e+00  +0.000000e+00  +0.000000e+00  +0.000000e+00  +5.224519e-304  +5.231538e-261  +7.275291e-229  +1.405508e-207  +3.624606e-195  +4.695412e-176  +2.263301e-158  +2.319490e-151  +3.296881e-147  +1.876690e-153  +1.483610e-170  +1.628865e-198  +2.483637e-237  +5.260706e-287  +5.281859e-310  +1.769096e-318  +0.000000e+00  +0.000000e+00  +0.000000e+00  +0.000000e+00  +0.000000e+00 
+0.000000e+00  +0.000000e+00  +0.000000e+00  +0.000000e+00  +0.000000e+00  +0.000000e+00  +0.000000e+00  +0.000000e+00  +0.000000e+00  +0.000000e+00  +7.920882e-299  +5.711085e-245  +5.718758e-202  +7.952849e-170  +1.536010e-148  +4.278664e-137  +5.157942e-125  +2.486256e-107  +1.795476e-100  +5.372929e-97  +3.058443e-103  +2.417841e-120  +2.654562e-148  +4.047586e-187  +5.687072e-219  +4.659474e-234  +1.575968e-242  +7.402806e-262  +4.829289e-292  +0.000000e+00  +0.000000e+00  +0.000000e+00 
+0.000000e+00  +0.000000e+00  +0.000000e+00  +0.000000e+00  +0.000000e+00  +0.000000e+00  +0.000000e+00  +0.000000e+00  +0.000000e+00  +8.872380e-305  +1.202496e-250  +8.670196e-197  +8.681844e-154  +1.207349e-121  +2.331810e-100  +1.204331e-89  +1.506603e-84  +3.793135e-67  +2.569136e-60  +1.216066e-57  +6.922234e-64  +5.472345e-81  +6.008122e-109  +1.011268e-142  +4.938276e-158  +5.764612e-169  +1.949759e-177  +9.158616e-197  +5.974708e-227  +6.769784e-256  +4.957041e-286  +0.000000e+00 
+0.000000e+00  +0.000000e+00  +0.000000e+00  +0.000000e+00  +0.000000e+00  +0.000000e+00  +0.000000e+00  +1.081511e-305  +3.556464e-264  +1.624217e-233  +3.565482e-213  +1.828004e-159  +1.830460e-116  +2.545548e-84  +4.916322e-63  +1.439034e-52  +1.496437e-48  +8.040044e-38  +5.398638e-31  +3.822446e-29  +2.175855e-35  +1.720114e-52  +1.891252e-80  +3.912917e-96  +5.956221e-108  +9.904704e-115  +3.350059e-123  +1.573625e-142  +2.998959e-172  +1.039926e-191  +7.614657e-222  +7.743477e-263 
+0.000000e+00  +0.000000e+00  +0.000000e+00  +0.000000e+00  +0.000000e+00  +0.000000e+00  +1.161243e-297  +2.749620e-245  +9.041911e-204  +4.129389e-173  +2.619083e-153  +5.353137e-133  +5.359786e-90  +7.453624e-58  +1.439549e-36  +3.895964e-26  +4.322636e-23  +2.380773e-19  +1.625592e-12  +1.668656e-11  +9.498430e-18  +7.821133e-35  +1.099450e-48  +2.471365e-58  +9.977194e-69  +2.363475e-71  +7.993958e-80  +3.755007e-99  +4.207835e-119  +2.218546e-138  +1.624487e-168  +1.651969e-209 
+0.000000e+00  +0.000000e+00  +0.000000e+00  +0.000000e+00  +1.031483e-292  +1.032214e-266  +4.101613e-248  +9.708506e-196  +3.192567e-154  +1.458027e-123  +9.247601e-104  +8.145741e-95  +1.026683e-72  +3.052011e-42  +5.855144e-21  +1.571577e-10  +1.754836e-08  +1.635999e-11  +9.080255e-05  +1.012563e-04  +2.071324e-10  +1.220176e-19  +7.898367e-24  +5.703902e-30  +2.642619e-40  +7.832462e-39  +2.649166e-47  +1.277279e-66  +1.246701e-76  +6.573129e-96  +4.813045e-126  +4.894469e-167 
+0.000000e+00  +0.000000e+00  +3.941419e-310  +2.044958e-262  +1.473514e-225  +1.474558e-199  +2.049309e-184  +4.760692e-157  +1.565517e-115  +7.149626e-85  +4.534682e-65  +3.994370e-56  +2.720084e-48  +1.745935e-29  +6.912062e-15  +1.398217e-05  +2.965949e-04  +4.160973e-06  +2.410118e-04  +2.381558e-04  +4.040879e-05  +2.251804e-08  +7.887474e-10  +1.843180e-12  +1.493637e-19  +3.604835e-17  +1.219255e-25  +1.351815e-36  +5.129843e-45  +2.704668e-64  +1.980440e-94  +2.013948e-135 
+0.000000e+00  +2.093095e-312  +7.819569e-254  +4.057089e-206  +2.923374e-169  +2.925446e-143  +4.065722e-128  +1.147074e-123  +1.066138e-87  +4.868991e-57  +3.088179e-37  +2.720220e-28  +3.331050e-30  +6.597594e-16  +5.893434e-08  +2.248852e-05  +1.358793e-04  +4.781143e-05  +1.343605e-04  +8.866363e-05  +9.345872e-05  +1.150619e-04  +3.334418e-05  +9.799291e-06  +3.392483e-08  +2.310407e-06  +1.821568e-14  +7.722685e-16  +2.931459e-24  +1.545628e-43  +1.138017e-73  +2.490556e-114 
+0.000000e+00  +5.767095e-267  +2.154522e-208  +1.117848e-160  +8.054757e-124  +8.060466e-98  +1.120226e-82  +2.569555e-78  +1.759533e-70  +4.605123e-40  +2.920781e-20  +2.572757e-11  +3.202464e-13  +6.586324e-09  +3.666998e-05  +6.393377e-05  +3.238031e-04  +1.356432e-04  +6.835822e-05  +6.571432e-05  +2.606314e-04  +2.232192e-04  +5.561426e-05  +1.604573e-04  +1.465993e-04  +3.037505e-04  +2.473029e-05  +6.130406e-06  +2.486384e-14  +1.887868e-32  +2.707352e-60  +5.762944e-99 
+8.203652e-302  +2.206801e-232  +8.244360e-174  +4.277488e-126  +3.082184e-89  +3.084368e-63  +4.286589e-48  +8.909736e-44  +2.025028e-43  +8.901961e-29  +7.517748e-14  +3.657403e-05  +1.785606e-06  +2.880277e-05  +1.010524e-04  +2.993073e-04  +2.186009e-04  +1.567451e-04  +3.619685e-04  +1.354694e-04  +2.592494e-04  +2.497346e-04  +1.355317e-04  +1.887742e-04  +2.015571e-04  +5.667167e-05  +7.589264e-05  +1.224260e-04  +9.606888e-11  +1.064677e-27  +1.643004e-55  +3.536591e-94 
+4.359673e-278  +1.172755e-208  +4.381280e-150  +2.273174e-102  +1.637957e-65  +1.639118e-39  +2.278011e-24  +4.534773e-20  +4.391367e-20  +2.764106e-18  +2.035489e-08  +9.768515e-05  +3.187373e-05  +1.665475e-04  +1.225499e-04  +1.391868e-04  +1.046916e-04  +4.171901e-05  +1.445221e-04  +1.977530e-04  +3.440231e-04  +3.598348e-04  +2.351890e-04  +2.475923e-04  +1.909373e-04  +1.968572e-04  +1.688018e-04  +4.280439e-05  +4.770552e-11  +8.874268e-28  +2.292687e-55  +8.231840e-94 
+2.085371e-263  +3.628920e-195  +3.750096e-137  +1.691110e-89  +1.209367e-52  +1.209765e-26  +1.681273e-11  +3.286596e-07  +1.322535e-07  +2.845854e-07  +3.850226e-05  +2.091832e-04  +9.490469e-05  +1.822048e-04  +2.858297e-04  +2.109248e-04  +2.286401e-04  +1.571655e-04  +2.343790e-04  +2.055245e-04  +2.289612e-04  +1.551122e-04  +1.320693e-04  +2.643317e-04  +7.187202e-05  +2.872003e-05  +1.877420e-04  +2.045159e-05  +1.123593e-09  +1.193264e-24  +1.849252e-50  +1.709112e-84 
+2.226480e-254  +2.996600e-186  +5.601146e-129  +1.454011e-82  +5.243116e-47  +2.636997e-22  +2.002816e-08  +6.599872e-05  +2.784755e-05  +4.626123e-06  +1.053589e-04  +1.010578e-04  +2.687807e-04  +1.236907e-04  +2.343463e-04  +3.801066e-04  +2.499291e-05  +1.286556e-04  +1.556750e-05  +7.299717e-05  +1.279712e-05  +2.608019e-04  +1.585263e-04  +2.289582e-04  +1.530556e-04  +2.639182e-04  +2.169064e-04  +6.544968e-05  +1.372665e-07  +1.265535e-18  +1.740110e-40  +3.323196e-73 
+3.353094e-256  +4.512937e-188  +8.436621e-131  +2.195530e-84  +8.284272e-49  +7.938319e-24  +6.728272e-09  +2.263436e-04  +1.450975e-04  +1.930525e-04  +2.445094e-04  +1.752516e-04  +2.865233e-04  +2.737494e-04  +1.215698e-04  +2.545410e-05  +6.664315e-05  +1.016064e-04  +2.890223e-06  +1.122730e-04  +1.168902e-04  +6.839008e-05  +6.623735e-05  +1.593928e-04  +1.465158e-06  +5.741613e-05  +1.379350e-05  +1.213385e-04  +2.242903e-06  +1.398474e-16  +1.367689e-37  +1.892388e-69 
+6.779465e-262  +1.396407e-192  +3.994539e-134  +1.586935e-86  +8.755677e-50  +6.709008e-24  +7.139903e-09  +1.101585e-04  +1.230755e-04  +1.432971e-04  +1.312171e-04  +8.880132e-05  +4.094081e-04  +2.745355e-04  +1.786655e-05  +1.199572e-05  +6.116940e-05  +3.242538e-07  +6.241394e-06  +2.899890e-06  +9.687670e-06  +1.385106e-04  +2.643224e-04  +2.466988e-04  +6.601222e-05  +6.897606e-05  +2.390305e-07  +8.963248e-05  +2.050250e-05  +9.148850e-15  +6.466830e-34  +1.558783e-63 
+1.322725e-266  +2.724495e-197  +7.793657e-139  +3.096557e-91  +1.722833e-54  +2.207034e-28  +7.845608e-12  +1.403903e-05  +8.695804e-05  +3.003563e-04  +2.296441e-04  +2.680665e-04  +1.687960e-04  +2.320892e-04  +1.748742e-04  +1.349818e-04  +6.203977e-05  +1.914426e-07  +2.837909e-08  +4.988797e-05  +2.165278e-04  +6.781874e-05  +1.535200e-04  +2.174436e-07  +2.205553e-04  +7.745227e-05  +1.598569e-06  +1.116327e-05  +1.885868e-05  +2.236855e-13  +4.017393e-32  +1.002070e-61 
+9.279016e-277  +1.539601e-205  +3.551387e-145  +1.137696e-95  +5.061956e-57  +3.139995e-29  +3.377358e-12  +5.683401e-05  +2.079644e-04  +2.529230e-04  +1.908099e-04  +5.547662e-04  +2.647854e-04  +2.235720e-05  +1.264949e-04  +1.561234e-06  +1.385373e-04  +1.515767e-04  +2.727757e-04  +1.903807e-04  +5.405524e-05  +1.646109e-04  +3.125523e-04  +1.399734e-04  +5.513424e-05  +9.688586e-06  +1.914020e-05  +7.104306e-06  +1.735827e-09  +2.664842e-21  +3.599643e-41  +8.953368e-71 
+1.479187e-254  +1.093385e-189  +1.641116e-134  +3.445232e-90  +1.337090e-56  +7.739609e-30  +4.056734e-12  +9.163837e-05  +6.590110e-04  +4.634470e-04  +3.493296e-04  +3.728767e-04  +1.389233e-04  +1.764188e-04  +1.646656e-04  +2.621091e-04  +6.609192e-05  +1.488365e-04  +5.770703e-05  +2.193155e-04  +1.654660e-04  +3.315195e-04  +1.414907e-04  +1.311192e-04  +5.031872e-05  +2.144035e-07  +1.511521e-14  +2.176401e-16  +2.871207e-20  +7.237971e-35  +7.513484e-58  +1.540134e-90 
+2.047892e-226  +1.014752e-168  +1.920795e-117  +2.557711e-76  +1.470689e-43  +5.945405e-21  +7.685691e-09  +2.142675e-04  +3.817984e-04  +5.990125e-04  +1.745266e-04  +2.343650e-04  +6.889374e-04  +3.957782e-04  +2.596243e-04  +3.389366e-04  +1.251707e-04  +1.584880e-04  +5.817694e-06  +1.837756e-04  +1.511221e-04  +6.422721e-05  +1.461977e-04  +8.818825e-05  +2.050448e-04  +5.074249e-09  +2.205503e-21  +9.433842e-38  +1.263076e-41  +2.385056e-56  +7.021870e-82  +4.421096e-116 
+1.142676e-200  +1.025099e-144  +1.951306e-98  +1.384858e-62  +1.382852e-34  +2.851226e-15  +1.643875e-06  +1.550740e-04  +8.347978e-05  +4.121359e-04  +7.157930e-04  +2.507810e-04  +1.822314e-04  +1.434048e-04  +1.468844e-05  +2.057012e-04  +1.729574e-04  +1.315436e-04  +1.436376e-04  +1.815231e-04  +7.504116e-05  +1.160872e-08  +4.327419e-09  +2.632875e-07  +5.022821e-10  +2.616766e-15  +1.899674e-31  +4.602727e-57  +7.718355e-74  +1.457337e-88  +3.821605e-114  +1.454302e-150 
+1.856810e-183  +1.083617e-127  +8.794718e-83  +1.079260e-48  +1.068880e-24  +1.449130e-10  +1.833307e-05  +1.275975e-04  +1.034351e-04  +1.014621e-04  +2.432437e-04  +2.501549e-04  +1.239089e-04  +2.722781e-04  +2.155274e-04  +2.097832e-04  +2.558277e-04  +3.761051e-06  +9.182033e-08  +1.053438e-06  +3.539700e-07  +5.973977e-16  +8.246108e-22  +1.176073e-19  +2.673694e-26  +1.381797e-31  +1.000509e-47  +1.006089e-74  +1.422132e-112  +1.236783e-131  +3.243148e-157  +1.181089e-193 
+4.226189e-177  +2.466310e-121  +1.998869e-76  +2.249886e-42  +3.517829e-19  +7.754509e-07  +2.167772e-04  +1.963801e-04  +3.240816e-04  +5.946227e-05  +1.944172e-04  +1.030998e-04  +1.219809e-04  +9.842537e-07  +6.328156e-05  +9.621353e-05  +1.512469e-04  +2.731962e-07  +9.122342e-20  +3.030039e-18  +2.736918e-19  +4.572653e-28  +5.119257e-45  +7.295940e-43  +1.466561e-51  +1.015042e-58  +7.349565e-75  +7.390556e-102  +1.032121e-139  +1.459690e-185  +3.822417e-211  +1.392032e-247 
+1.335883e-181  +7.795916e-126  +6.318352e-81  +7.111782e-47  +1.111709e-23  +2.415844e-11  +1.589358e-08  +8.140891e-05  +1.423623e-04  +8.036522e-05  +5.397123e-05  +2.302693e-04  +1.920504e-05  +1.132159e-06  +2.146082e-09  +5.769521e-06  +3.760758e-05  +1.501305e-07  +1.297553e-20  +1.212802e-40  +2.947261e-42  +4.924069e-51  +1.142530e-70  +6.285884e-77  +1.246757e-85  +1.035536e-96  +7.497950e-113  +7.539769e-140  +1.052959e-177  +2.042222e-226  +6.256729e-276  +2.278550e-312 
+5.864433e-197  +3.422352e-141  +2.773712e-96  +3.122022e-62  +4.880323e-39  +1.067726e-26  +4.808397e-13  +3.615324e-06  +1.624833e-04  +1.295860e-04  +9.263395e-05  +1.215765e-04  +6.825716e-05  +1.061767e-05  +1.062092e-12  +1.436290e-14  +5.916675e-13  +2.368794e-15  +2.047312e-28  +2.457417e-52  +4.407719e-76  +7.364092e-85  +1.708688e-104  +7.521238e-122  +1.491778e-130  +1.467223e-145  +1.062335e-161  +1.068260e-188  +1.491868e-226  +2.893488e-275  +0.000000e+00  +0.000000e+00 
+3.575374e-223  +2.086509e-167  +1.691051e-122  +1.903406e-88  +2.975460e-65  +6.971858e-43  +2.774391e-25  +3.163412e-15  +1.231089e-09  +1.331267e-06  +3.029304e-05  +3.861309e-05  +1.622532e-05  +6.572644e-05  +5.874007e-12  +3.663025e-29  +1.308164e-31  +5.190682e-34  +4.486226e-47  +5.384878e-71  +8.976531e-106  +1.529510e-129  +3.548917e-149  +1.261264e-177  +2.478936e-186  +3.569798e-205  +2.090346e-221  +2.102005e-248  +2.935534e-286  +0.000000e+00  +0.000000e+00  +0.000000e+00 
+3.027296e-260  +1.766663e-204  +1.431826e-159  +1.611628e-125  +1.949928e-94  +4.121463e-66  +1.455063e-45  +2.361538e-31  +6.399245e-23  +6.176571e-10  +9.121388e-07  +1.401461e-05  +3.637405e-11  +1.809040e-09  +1.245603e-17  +1.193660e-36  +4.020534e-61  +1.579645e-63  +1.365262e-76  +1.638743e-100  +2.731766e-135  +6.324766e-181  +1.023686e-204  +3.298743e-235  +5.720898e-253  +1.576647e-272  +5.712326e-292  +5.744205e-319  +0.000000e+00  +0.000000e+00  +0.000000e+00  +0.000000e+00 
+3.559806e-308  +2.077423e-252  +1.683688e-207  +1.051958e-167  +1.186597e-128  +2.951400e-97  +8.993759e-75  +4.404438e-58  +5.250251e-36  +5.080757e-23  +4.732859e-18  +1.364018e-15  +2.073107e-21  +8.379455e-25  +5.769439e-33  +5.516828e-52  +7.326276e-82  +6.676246e-104  +5.770176e-117  +6.926021e-141  +1.154560e-175  +2.672927e-221  +4.100869e-271  +1.321470e-301  +0.000000e+00  +0.000000e+00  +0.000000e+00  +0.000000e+00  +0.000000e+00  +0.000000e+00  +0.000000e+00  +0.000000e+00 
+0.000000e+00  +3.392613e-311  +1.094930e-262  +6.631322e-213  +1.158489e-170  +3.733571e-139  +2.261962e-112  +8.607742e-84  +5.997529e-60  +5.828731e-47  +3.897563e-40  +1.845762e-36  +2.805472e-42  +5.390407e-51  +3.711414e-59  +3.548911e-78  +4.712907e-108  +8.692021e-149  +3.386881e-168  +4.065320e-192  +6.776842e-227  +1.568910e-272  +0.000000e+00  +0.000000e+00  +0.000000e+00  +0.000000e+00  +0.000000e+00  +0.000000e+00  +0.000000e+00  +0.000000e+00  +0.000000e+00  +0.000000e+00 
+0.000000e+00  +0.000000e+00  +7.207627e-319  +8.770732e-266  +1.684758e-223  +2.280000e-188  +2.721913e-153  +1.365587e-118  +9.514863e-95  +1.197412e-81  +7.266299e-73  +3.468939e-68  +5.272645e-74  +4.826894e-88  +3.315760e-96  +3.170581e-115  +4.210489e-145  +7.765408e-186  +2.760888e-230  +3.313932e-254  +5.524287e-289  +0.000000e+00  +0.000000e+00  +0.000000e+00  +0.000000e+00  +0.000000e+00  +0.000000e+00  +0.000000e+00  +0.000000e+00  +0.000000e+00  +0.000000e+00  +0.000000e+00 
+0.000000e+00  +0.000000e+00  +0.000000e+00  +0.000000e+00  +4.770782e-286  +1.661223e-244  +5.997115e-199  +3.008760e-164  +2.096387e-140  +4.424781e-126  +8.898083e-116  +9.054348e-111  +1.376224e-116  +2.911061e-133  +4.114004e-144  +3.933874e-163  +5.224133e-193  +9.634872e-234  +2.467832e-285  +0.000000e+00  +0.000000e+00  +0.000000e+00  +0.000000e+00  +0.000000e+00  +0.000000e+00  +0.000000e+00  +0.000000e+00  +0.000000e+00  +0.000000e+00  +0.000000e+00  +0.000000e+00  +0.000000e+00 
+0.000000e+00  +0.000000e+00  +0.000000e+00  +0.000000e+00  +0.000000e+00  +5.079738e-301  +1.835053e-255  +9.206481e-221  +6.415546e-197  +8.952961e-181  +3.012144e-169  +3.282130e-164  +4.988703e-170  +1.053071e-186  +7.088989e-203  +6.778601e-222  +9.001893e-252  +1.660220e-292  +0.000000e+00  +0.000000e+00  +0.000000e+00  +0.000000e+00  +0.000000e+00  +0.000000e+00  +0.000000e+00  +0.000000e+00  +0.000000e+00  +0.000000e+00  +0.000000e+00  +0.000000e+00  +0.000000e+00  +0.000000e+00 
