+0.000000e+00  +0.000000e+00  +0.000000e+00  +1.921353e-303  +1.825448e-255  +7.378119e-218  +5.247080e-191  +5.293871e-175  +7.429990e-170  +1.448427e-175  +8.644575e-186  +1.179487e-191  +2.235020e-208  +5.881761e-236  +2.149668e-274  +9.881313e-324  +0.000000e+00  +0.000000e+00  +0.000000e+00  +0.000000e+00  +0.000000e+00  +0.000000e+00  +0.000000e+00  +0.000000e+00  +0.000000e+00  +0.000000e+00  +0.000000e+00  +0.000000e+00  +0.000000e+00  +0.000000e+00  +0.000000e+00  +0.000000e+00 
+0.000000e+00  +0.000000e+00  +1.657181e-306  +3.565405e-248  +1.412474e-200  +2.545288e-163  +1.580361e-136  +1.576162e-120  +2.210177e-115  +4.308296e-121  +1.701834e-128  +2.322024e-134  +4.400021e-151  +1.157926e-178  +4.231991e-217  +2.148061e-266  +0.000000e+00  +0.000000e+00  +0.000000e+00  +0.000000e+00  +0.000000e+00  +0.000000e+00  +0.000000e+00  +0.000000e+00  +0.000000e+00  +0.000000e+00  +0.000000e+00  +0.000000e+00  +0.000000e+00  +0.000000e+00  +0.000000e+00  +0.000000e+00 
+0.000000e+00  +0.000000e+00  +5.098930e-262  +1.070243e-203  +3.263979e-156  +2.132585e-119  +7.133923e-93  +6.558077e-77  +9.135101e-72  +1.779839e-77  +4.652968e-82  +6.348601e-88  +1.203001e-104  +3.165863e-132  +1.157061e-170  +5.872973e-220  +5.269144e-275  +5.961198e-319  +0.000000e+00  +0.000000e+00  +0.000000e+00  +0.000000e+00  +0.000000e+00  +0.000000e+00  +0.000000e+00  +0.000000e+00  +0.000000e+00  +0.000000e+00  +0.000000e+00  +0.000000e+00  +0.000000e+00  +0.000000e+00 
+0.000000e+00  +1.679671e-285  +1.382515e-222  +6.145866e-170  +1.334874e-122  +5.852266e-86  +6.685563e-60  +3.964055e-44  +5.262568e-39  +1.033440e-44  +1.766790e-46  +2.410615e-52  +4.567890e-69  +1.202102e-96  +4.393447e-135  +5.598224e-178  +3.114484e-218  +3.060723e-244  +9.263200e-270  +3.120595e-288  +1.511091e-305  +5.396713e-287  +2.702295e-279  +3.025948e-282  +1.303481e-291  +2.057602e-311  +0.000000e+00  +0.000000e+00  +0.000000e+00  +0.000000e+00  +0.000000e+00  +0.000000e+00 
+2.448738e-319  +4.571941e-253  +3.230595e-190  +3.692881e-138  +5.870430e-97  +3.219829e-63  +2.074365e-37  +4.357696e-22  +4.322513e-17  +5.241149e-22  +9.319096e-22  +1.271322e-27  +2.408915e-44  +6.339263e-72  +1.183046e-102  +2.895143e-133  +1.001511e-165  +2.182487e-180  +6.665955e-206  +2.000913e-216  +8.903997e-234  +3.177299e-215  +1.590982e-207  +2.908772e-210  +2.048707e-219  +3.234002e-239  +7.089914e-270  +2.158637e-311  +0.000000e+00  +0.000000e+00  +0.000000e+00  +0.000000e+00 
+3.606577e-282  +9.528668e-217  +3.496289e-162  +1.216257e-116  +1.902556e-75  +4.194656e-45  +2.786992e-25  +1.472571e-10  +5.853821e-06  +3.298830e-08  +6.952847e-08  +9.390963e-14  +1.785342e-30  +4.867320e-49  +5.936757e-70  +9.532936e-97  +9.917867e-113  +2.161311e-127  +5.406478e-147  +1.781792e-155  +7.287013e-173  +2.597915e-154  +1.300894e-146  +4.838940e-149  +4.471935e-158  +7.059230e-178  +1.547597e-208  +4.711905e-250  +1.992384e-302  +0.000000e+00  +0.000000e+00  +0.000000e+00 
+7.377159e-256  +1.949064e-190  +7.151565e-136  +3.644299e-92  +2.579089e-59  +1.893073e-34  +5.788713e-15  +2.465637e-06  +5.228531e-05  +1.927677e-04  +1.925031e-04  +2.120212e-09  +7.443379e-17  +6.539696e-28  +2.351549e-44  +8.693262e-67  +1.364024e-70  +2.972494e-85  +6.686220e-97  +2.203576e-105  +8.283054e-123  +2.950051e-104  +1.477316e-96  +1.295406e-98  +1.355657e-107  +2.139993e-127  +4.691513e-158  +1.428405e-199  +6.039876e-252  +3.546847e-315  +0.000000e+00  +0.000000e+00 
+2.095661e-240  +5.536790e-175  +2.031576e-120  +1.035252e-76  +7.326504e-44  +7.200881e-22  +9.831120e-11  +4.729020e-06  +2.060869e-04  +1.854336e-04  +7.779621e-05  +7.831842e-05  +5.361225e-07  +1.118871e-13  +1.508412e-29  +1.660360e-35  +2.605334e-39  +5.677669e-54  +1.148388e-57  +3.786618e-66  +1.308273e-83  +4.652348e-65  +2.330171e-57  +5.183318e-59  +5.707457e-68  +9.009593e-88  +1.975176e-118  +6.013736e-160  +2.542851e-212  +1.493260e-275  +0.000000e+00  +0.000000e+00 
+6.292149e-216  +1.173369e-162  +2.788306e-115  +5.032989e-72  +2.953373e-39  +2.846695e-17  +3.881632e-06  +1.915605e-04  +1.410136e-04  +9.548100e-05  +1.214689e-04  +1.840204e-04  +1.074800e-04  +9.968478e-10  +4.092197e-22  +4.404351e-15  +6.911073e-19  +1.218111e-31  +2.740318e-29  +9.267975e-38  +4.370592e-54  +1.018950e-36  +5.105746e-29  +2.971431e-30  +3.337132e-39  +5.267882e-59  +1.154879e-89  +3.516214e-131  +1.486797e-183  +8.738005e-247  +3.965487e-290  +0.000000e+00 
+1.516975e-187  +2.828875e-134  +7.326340e-92  +2.635108e-60  +9.303753e-37  +8.556672e-16  +1.115643e-05  +4.918414e-04  +3.217460e-04  +2.994596e-04  +2.219976e-04  +6.787588e-05  +1.419739e-05  +3.766479e-08  +6.647064e-10  +1.625201e-05  +5.464293e-09  +3.825407e-14  +9.261652e-12  +7.248034e-20  +3.518570e-28  +3.099425e-19  +1.554844e-11  +2.394854e-12  +2.709831e-21  +4.277646e-41  +9.377897e-72  +2.855249e-113  +8.738005e-162  +3.584516e-191  +2.808380e-231  +8.230370e-273 
+5.079202e-170  +9.471766e-117  +2.453038e-74  +8.822988e-43  +4.407226e-22  +3.232037e-12  +5.679263e-08  +1.847806e-04  +3.569644e-04  +4.722411e-04  +5.157194e-04  +1.826377e-04  +1.336963e-04  +2.168036e-04  +2.016903e-05  +1.533010e-04  +3.137390e-05  +3.933666e-07  +8.823172e-05  +5.296607e-08  +1.038389e-12  +7.477966e-09  +6.590871e-05  +2.693203e-05  +3.055971e-14  +4.844056e-34  +3.235160e-63  +2.115444e-95  +6.249431e-114  +2.565443e-143  +1.113003e-176  +1.195953e-217 
+2.361841e-163  +4.404399e-110  +1.140687e-67  +4.103574e-36  +2.054968e-15  +1.473657e-05  +1.472031e-04  +2.369867e-04  +3.138557e-04  +2.278196e-04  +2.950658e-04  +2.537923e-04  +2.758445e-04  +1.585412e-04  +6.371673e-05  +8.501123e-05  +1.342713e-04  +8.184391e-05  +1.169103e-04  +1.964819e-04  +1.474993e-06  +2.045018e-04  +5.087139e-05  +2.023207e-05  +1.310123e-10  +1.473323e-26  +1.002700e-50  +2.101485e-58  +6.208218e-77  +2.903266e-102  +2.246099e-132  +2.413498e-173 
+1.525678e-167  +2.854438e-114  +7.709762e-72  +4.391679e-40  +1.951486e-18  +7.626110e-07  +9.213518e-05  +2.077109e-05  +5.755498e-04  +4.002983e-04  +6.424299e-04  +4.852421e-04  +3.075693e-04  +3.491381e-04  +2.588155e-04  +2.541850e-04  +4.441201e-04  +1.762792e-04  +1.458895e-04  +2.417441e-04  +1.215059e-04  +6.605602e-05  +3.318456e-04  +2.732969e-04  +3.559326e-09  +1.734564e-22  +1.364702e-24  +2.899282e-32  +1.546069e-49  +8.136159e-69  +6.295071e-99  +7.316678e-140 
+2.655438e-182  +3.924610e-127  +3.524240e-81  +5.184090e-46  +1.062291e-21  +3.251034e-08  +1.380641e-04  +2.378416e-04  +3.356800e-04  +3.854440e-04  +1.622025e-04  +2.065047e-04  +8.867610e-04  +1.520286e-04  +2.153022e-04  +4.402465e-05  +6.880616e-05  +9.035627e-05  +7.211710e-05  +2.184688e-04  +2.220485e-04  +7.136309e-05  +2.464494e-04  +6.619137e-05  +1.179949e-09  +3.159947e-08  +2.611834e-09  +5.696817e-17  +5.684417e-27  +3.168217e-46  +3.456004e-75  +1.050507e-111 
+2.408211e-193  +1.841355e-136  +1.955710e-90  +2.963730e-55  +2.855661e-30  +8.909053e-15  +4.848351e-10  +5.435940e-06  +1.416640e-04  +5.019438e-04  +1.437497e-04  +2.553387e-04  +3.882894e-04  +1.656504e-04  +2.231332e-04  +1.778618e-04  +2.037082e-04  +2.106136e-04  +5.670497e-05  +1.018778e-04  +2.465882e-04  +3.272394e-04  +2.848777e-04  +2.231056e-04  +7.736280e-05  +8.642233e-05  +8.097362e-05  +7.663353e-07  +3.285014e-15  +3.601270e-31  +8.479524e-57  +2.774161e-93 
+1.860606e-213  +1.436972e-156  +3.625580e-110  +4.327196e-73  +1.216956e-46  +4.777383e-31  +6.394022e-24  +6.229831e-09  +1.405583e-04  +1.327729e-04  +1.693458e-04  +1.473959e-04  +3.665729e-04  +2.342809e-04  +1.699940e-05  +8.579925e-05  +7.217865e-05  +2.124124e-04  +1.761110e-04  +2.144547e-04  +1.826745e-04  +2.407559e-04  +2.581223e-04  +1.783276e-04  +1.246382e-04  +1.018579e-04  +2.210400e-04  +1.030736e-04  +7.782883e-09  +1.320143e-23  +3.109877e-49  +1.017427e-85 
+3.016429e-244  +1.091995e-185  +1.578229e-137  +3.212043e-100  +9.079763e-74  +1.254760e-54  +1.116407e-28  +1.392744e-13  +7.587639e-08  +4.457182e-07  +2.199276e-06  +2.572108e-05  +2.698433e-05  +7.637376e-05  +1.905984e-04  +1.351859e-04  +8.606325e-06  +2.285472e-05  +9.923601e-05  +1.639085e-04  +2.507524e-04  +5.312292e-04  +4.074117e-04  +4.207782e-04  +3.390969e-04  +3.461529e-04  +6.903700e-05  +7.302375e-05  +1.075111e-11  +6.737103e-27  +1.583995e-52  +5.182188e-89 
+1.057558e-282  +1.115739e-223  +1.635232e-175  +3.328396e-138  +6.055475e-107  +3.880501e-70  +3.455138e-44  +9.790634e-23  +2.369985e-08  +1.229888e-04  +2.760185e-04  +1.682306e-04  +1.952929e-04  +2.284823e-04  +9.802832e-05  +3.406644e-04  +8.191430e-05  +7.835325e-05  +8.150965e-06  +1.727099e-04  +8.608645e-05  +3.459078e-04  +1.843417e-04  +4.504538e-05  +2.134209e-05  +2.604614e-04  +7.674237e-05  +5.491997e-06  +3.627021e-17  +9.988028e-38  +3.684173e-66  +3.675259e-103 
+0.000000e+00  +1.605661e-272  +2.353268e-224  +5.637960e-181  +2.624139e-133  +2.037396e-88  +2.550608e-52  +4.445462e-27  +1.587539e-12  +6.433990e-07  +1.307879e-05  +6.721278e-05  +1.623445e-04  +6.653146e-05  +3.315532e-05  +5.598748e-05  +7.792329e-06  +4.009231e-05  +8.056754e-06  +3.067201e-04  +2.092217e-04  +8.054892e-06  +2.804339e-04  +1.117422e-04  +1.373241e-04  +1.850805e-04  +2.331083e-06  +6.102055e-10  +1.054078e-21  +5.458138e-44  +7.093760e-77  +1.501063e-120 
+0.000000e+00  +0.000000e+00  +1.481151e-276  +2.190462e-208  +1.421748e-150  +1.281601e-103  +1.608291e-67  +4.106010e-42  +6.249045e-26  +2.343711e-16  +3.327688e-11  +3.078994e-05  +1.393561e-04  +1.563966e-04  +2.585531e-04  +3.847050e-04  +7.563279e-05  +8.937353e-05  +9.222742e-05  +3.841032e-05  +2.031558e-04  +1.188235e-04  +2.258678e-04  +1.308394e-04  +1.298643e-04  +2.055909e-05  +1.822639e-08  +2.734652e-22  +5.965742e-36  +1.041781e-58  +3.277863e-92  +2.983133e-136 
+0.000000e+00  +0.000000e+00  +4.094462e-303  +1.913577e-234  +1.242047e-176  +1.122248e-129  +2.048619e-93  +2.209057e-66  +9.286865e-49  +8.968281e-28  +1.899259e-11  +1.163404e-05  +1.203886e-04  +1.157667e-04  +2.782734e-05  +1.431387e-05  +3.484487e-04  +3.672111e-06  +7.800642e-05  +2.473776e-06  +2.012504e-04  +2.017862e-04  +6.276145e-05  +3.342589e-06  +4.056350e-09  +1.636624e-12  +2.325066e-17  +2.894385e-31  +5.004091e-56  +1.197004e-83  +2.764220e-117  +9.214536e-162 
+0.000000e+00  +0.000000e+00  +0.000000e+00  +2.321663e-271  +1.510391e-213  +1.971627e-166  +1.508067e-128  +6.212186e-93  +6.735465e-55  +1.017678e-27  +2.681118e-11  +1.300626e-04  +2.894566e-04  +1.344967e-04  +2.426183e-04  +1.422412e-04  +2.517537e-04  +1.485010e-04  +1.404564e-04  +3.329213e-04  +1.536034e-04  +4.189903e-05  +1.691969e-04  +2.768734e-11  +4.280000e-24  +1.211261e-27  +4.135853e-37  +5.148480e-51  +8.900983e-76  +2.137149e-111  +4.668031e-153  +1.488109e-197 
+0.000000e+00  +0.000000e+00  +0.000000e+00  +3.920707e-319  +3.660244e-261  +4.209303e-212  +1.252692e-152  +1.132751e-103  +1.326835e-64  +1.320421e-35  +1.978308e-17  +4.249586e-10  +1.131274e-06  +2.886807e-05  +1.202366e-04  +4.675446e-05  +3.558088e-04  +3.324213e-04  +3.752958e-04  +3.967201e-04  +1.472018e-04  +8.078352e-05  +1.052978e-04  +4.264153e-11  +2.509866e-28  +1.281464e-53  +1.720569e-67  +1.271862e-81  +2.198866e-106  +5.279535e-142  +1.760477e-188  +3.595749e-244 
+0.000000e+00  +0.000000e+00  +0.000000e+00  +0.000000e+00  +1.350260e-304  +4.895303e-233  +1.780964e-171  +9.957767e-121  +7.743791e-81  +8.363581e-52  +1.254496e-33  +9.079401e-24  +9.068389e-19  +4.588772e-08  +4.897042e-05  +1.645502e-04  +4.215960e-05  +1.545971e-04  +8.441391e-05  +1.539659e-04  +1.986686e-04  +3.952140e-05  +4.687747e-05  +3.415810e-13  +5.211623e-32  +1.531845e-60  +1.686268e-99  +4.363538e-123  +7.543928e-148  +1.811317e-183  +6.039893e-230  +2.797061e-287 
+0.000000e+00  +0.000000e+00  +0.000000e+00  +0.000000e+00  +0.000000e+00  +3.884996e-260  +1.566446e-198  +8.771586e-148  +6.821485e-108  +7.367458e-79  +1.119097e-60  +9.655243e-47  +4.110671e-31  +2.646738e-15  +2.012287e-07  +1.222657e-04  +3.086974e-04  +5.092557e-04  +3.009873e-04  +1.734488e-04  +2.148400e-04  +8.946409e-05  +1.033469e-08  +3.569531e-20  +3.578947e-39  +4.985978e-69  +9.646968e-110  +2.594784e-161  +3.594465e-200  +8.630404e-236  +2.877835e-282  +0.000000e+00 
+0.000000e+00  +0.000000e+00  +0.000000e+00  +0.000000e+00  +0.000000e+00  +4.752847e-298  +1.916367e-236  +1.073103e-185  +8.345308e-146  +9.013248e-117  +2.421892e-96  +7.957289e-58  +2.647307e-29  +1.224863e-11  +8.037571e-05  +1.313373e-04  +1.138963e-04  +1.772701e-05  +7.091731e-05  +4.466146e-05  +1.312177e-04  +1.765605e-05  +8.840357e-13  +1.206337e-27  +2.703363e-53  +7.306908e-87  +1.412103e-127  +3.794349e-179  +1.415944e-241  +5.710917e-299  +0.000000e+00  +0.000000e+00 
+0.000000e+00  +0.000000e+00  +0.000000e+00  +0.000000e+00  +0.000000e+00  +0.000000e+00  +3.255968e-285  +1.823236e-234  +1.417894e-194  +1.558256e-149  +5.048364e-99  +2.271439e-59  +1.419351e-30  +1.231755e-12  +1.509688e-05  +2.801893e-06  +1.766120e-04  +1.336008e-04  +1.489147e-04  +2.790452e-04  +1.097777e-04  +1.274916e-07  +4.119194e-17  +2.188469e-37  +4.391354e-68  +8.635479e-105  +3.732105e-152  +7.736021e-208  +2.878507e-270  +0.000000e+00  +0.000000e+00  +0.000000e+00 
+0.000000e+00  +0.000000e+00  +0.000000e+00  +0.000000e+00  +0.000000e+00  +0.000000e+00  +0.000000e+00  +9.219172e-293  +1.476301e-220  +3.443899e-159  +1.115742e-108  +5.020132e-69  +3.136927e-40  +2.722273e-22  +3.281648e-15  +9.570792e-15  +1.210706e-08  +5.043280e-10  +3.898356e-07  +1.297587e-05  +2.134764e-05  +1.851874e-13  +3.215630e-29  +5.752516e-50  +4.244249e-81  +4.348999e-123  +6.242146e-176  +3.194965e-236  +2.662096e-305  +0.000000e+00  +0.000000e+00  +0.000000e+00 
+0.000000e+00  +0.000000e+00  +0.000000e+00  +0.000000e+00  +0.000000e+00  +0.000000e+00  +0.000000e+00  +2.697680e-313  +4.531354e-241  +1.057069e-179  +3.424655e-129  +1.540877e-89  +9.628472e-61  +8.355734e-43  +1.007051e-35  +1.558088e-29  +1.907280e-23  +3.589671e-25  +2.168922e-20  +2.629757e-14  +5.056691e-14  +4.237962e-22  +4.954360e-41  +8.506687e-71  +1.549691e-104  +1.587647e-146  +2.259334e-199  +4.465240e-263  +0.000000e+00  +0.000000e+00  +0.000000e+00  +0.000000e+00 
+0.000000e+00  +0.000000e+00  +0.000000e+00  +0.000000e+00  +0.000000e+00  +0.000000e+00  +0.000000e+00  +0.000000e+00  +1.931608e-272  +4.506033e-211  +1.459848e-160  +6.568392e-121  +4.104387e-92  +3.561849e-74  +4.292842e-67  +3.529791e-55  +4.309912e-49  +1.384528e-49  +1.234057e-42  +7.413216e-34  +1.663678e-33  +1.395191e-41  +1.631035e-60  +2.648079e-90  +5.970872e-131  +8.252002e-181  +1.145468e-233  +2.263849e-297  +0.000000e+00  +0.000000e+00  +0.000000e+00  +0.000000e+00 
+0.000000e+00  +0.000000e+00  +0.000000e+00  +0.000000e+00  +0.000000e+00  +0.000000e+00  +0.000000e+00  +0.000000e+00  +1.143531e-314  +2.667615e-253  +8.642444e-203  +3.888552e-163  +2.429837e-134  +2.108650e-116  +1.517705e-108  +1.110581e-91  +1.355692e-85  +1.458041e-84  +4.763402e-73  +2.902515e-64  +7.602380e-64  +6.378932e-72  +7.457232e-91  +1.210725e-120  +2.729926e-161  +8.548590e-213  +3.718538e-275  +0.000000e+00  +0.000000e+00  +0.000000e+00  +0.000000e+00  +0.000000e+00 
+0.000000e+00  +0.000000e+00  +0.000000e+00  +0.000000e+00  +0.000000e+00  +0.000000e+00  +0.000000e+00  +0.000000e+00  +0.000000e+00  +2.193260e-306  +7.105644e-256  +3.197089e-216  +1.997763e-187  +1.733689e-169  +5.521260e-156  +4.852773e-139  +5.923579e-133  +2.147858e-130  +2.588529e-114  +1.578430e-105  +4.825045e-105  +4.050423e-113  +4.735110e-132  +7.687724e-162  +1.733418e-202  +5.428088e-254  +2.360633e-316  +0.000000e+00  +0.000000e+00  +0.000000e+00  +0.000000e+00  +0.000000e+00 
