+0.000000e+00  +0.000000e+00  +0.000000e+00  +0.000000e+00  +0.000000e+00  +0.000000e+00  +0.000000e+00  +0.000000e+00  +0.000000e+00  +0.000000e+00  +0.000000e+00  +0.000000e+00  +0.000000e+00  +0.000000e+00  +0.000000e+00  +5.316946e-293  +1.160793e-271  +3.519532e-261  +1.482017e-261  +4.399069e-272  +3.548702e-286  +1.334281e-310  +0.000000e+00  +0.000000e+00  +0.000000e+00  +0.000000e+00  +0.000000e+00  +0.000000e+00  +0.000000e+00  +0.000000e+00  +0.000000e+00  +0.000000e+00 
+0.000000e+00  +0.000000e+00  +0.000000e+00  +0.000000e+00  +0.000000e+00  +0.000000e+00  +0.000000e+00  +0.000000e+00  +0.000000e+00  +0.000000e+00  +0.000000e+00  +0.000000e+00  +1.194452e-316  +6.811507e-280  +5.431820e-254  +5.857722e-224  +1.278854e-202  +3.877497e-192  +1.632752e-192  +7.447448e-202  +9.255238e-216  +4.867561e-240  +4.082775e-263  +3.565673e-295  +0.000000e+00  +0.000000e+00  +0.000000e+00  +0.000000e+00  +0.000000e+00  +0.000000e+00  +0.000000e+00  +0.000000e+00 
+0.000000e+00  +0.000000e+00  +0.000000e+00  +0.000000e+00  +0.000000e+00  +8.412354e-309  +2.954178e-290  +1.440767e-282  +9.758629e-286  +9.179558e-300  +0.000000e+00  +8.258878e-292  +2.155327e-251  +1.229101e-214  +9.734200e-189  +8.962583e-166  +1.956706e-144  +5.932751e-134  +2.498227e-134  +2.208082e-142  +3.762182e-156  +2.598899e-177  +1.632744e-198  +1.425949e-230  +1.729530e-273  +0.000000e+00  +0.000000e+00  +0.000000e+00  +0.000000e+00  +0.000000e+00  +0.000000e+00  +0.000000e+00 
+0.000000e+00  +0.000000e+00  +0.000000e+00  +3.104244e-306  +5.639945e-266  +1.426120e-236  +5.008125e-218  +2.442487e-210  +1.654350e-213  +1.556182e-227  +2.032971e-252  +4.233157e-226  +4.086453e-196  +3.080138e-160  +2.439398e-134  +2.172785e-118  +4.157849e-97  +1.260673e-86  +5.310134e-87  +9.801399e-94  +2.363454e-107  +1.442018e-123  +9.068149e-145  +7.919627e-177  +9.605694e-220  +1.618045e-273  +0.000000e+00  +0.000000e+00  +0.000000e+00  +0.000000e+00  +0.000000e+00  +0.000000e+00 
+0.000000e+00  +0.000000e+00  +6.002914e-289  +1.568525e-243  +1.327909e-204  +3.357627e-175  +1.179103e-156  +5.750541e-149  +3.894967e-152  +3.663842e-166  +4.789880e-191  +3.024998e-171  +2.201074e-142  +1.072625e-116  +8.489911e-91  +9.338001e-76  +1.227044e-60  +3.720849e-50  +1.575854e-50  +6.647981e-56  +2.481873e-69  +1.112267e-80  +6.994508e-102  +6.108622e-134  +7.409131e-177  +1.248042e-230  +4.164353e-267  +7.686471e-305  +0.000000e+00  +0.000000e+00  +0.000000e+00  +0.000000e+00 
+0.000000e+00  +1.053319e-290  +1.889618e-234  +4.707910e-189  +5.970739e-154  +1.097861e-124  +3.855370e-106  +1.880283e-98  +1.273556e-101  +1.197984e-115  +7.750494e-138  +3.004857e-127  +2.170927e-98  +3.915652e-79  +4.103568e-58  +4.513485e-43  +5.031706e-35  +1.528281e-24  +7.175313e-25  +7.059442e-29  +2.632065e-38  +1.191477e-48  +7.492619e-70  +6.543645e-102  +7.936769e-145  +2.022628e-177  +2.688175e-204  +1.565379e-240  +6.434737e-258  +5.905622e-286  +0.000000e+00  +0.000000e+00 
+3.564790e-314  +4.604792e-247  +8.260835e-191  +2.058144e-145  +7.123377e-111  +5.019612e-85  +1.750727e-66  +8.538380e-59  +5.783230e-62  +5.440250e-76  +2.377272e-92  +3.027538e-93  +2.995292e-65  +3.034876e-47  +2.260711e-35  +3.029762e-21  +4.630921e-17  +9.023727e-10  +1.353656e-09  +1.195705e-12  +3.914657e-17  +1.772556e-27  +1.114675e-48  +9.734960e-81  +1.894795e-109  +1.813277e-125  +2.409940e-152  +1.662620e-175  +1.037142e-192  +9.518654e-221  +1.213252e-259  +2.147654e-309 
+2.164322e-281  +2.795747e-214  +5.015472e-158  +1.249579e-112  +4.323680e-78  +2.109133e-54  +1.104239e-37  +5.384753e-30  +3.647210e-33  +8.584682e-46  +1.014715e-57  +3.453228e-67  +4.724886e-42  +5.758929e-25  +2.260464e-16  +3.191626e-10  +4.319854e-06  +1.360211e-05  +2.385802e-04  +1.963580e-05  +8.088098e-07  +3.663211e-17  +2.319388e-38  +6.431761e-57  +2.359102e-68  +2.257621e-84  +3.458016e-111  +3.535324e-121  +2.321592e-138  +2.130705e-166  +2.715806e-205  +4.807420e-255 
+1.824936e-259  +2.357348e-192  +4.228999e-136  +1.053633e-90  +3.645687e-56  +1.751894e-32  +2.136181e-19  +4.716231e-12  +3.194570e-15  +4.885561e-22  +6.015162e-34  +7.111487e-46  +9.145590e-27  +1.425105e-12  +2.169650e-06  +6.705142e-05  +1.435446e-04  +1.092166e-04  +1.288813e-04  +4.115494e-05  +3.168069e-05  +3.932221e-14  +1.335660e-20  +1.062631e-32  +4.079197e-38  +3.921477e-54  +1.508611e-69  +1.092863e-77  +7.217250e-95  +6.623829e-123  +8.442761e-162  +1.494507e-211 
+2.137034e-248  +2.760498e-181  +4.952236e-125  +1.233824e-79  +4.269166e-45  +2.051497e-21  +1.369222e-08  +5.864071e-05  +3.266340e-07  +4.022125e-09  +4.952125e-21  +5.124311e-33  +9.136867e-15  +3.119796e-07  +9.848622e-05  +3.180057e-04  +3.316112e-05  +5.908882e-05  +2.524855e-04  +6.171966e-05  +6.400861e-05  +5.757090e-06  +1.010781e-09  +1.483965e-13  +9.865638e-19  +9.414274e-34  +7.833466e-38  +4.715495e-45  +3.115986e-62  +2.859782e-90  +3.645090e-129  +6.452404e-179 
+3.475466e-248  +4.489408e-181  +8.053840e-125  +2.006573e-79  +6.942962e-45  +3.336358e-21  +2.226580e-08  +2.175356e-06  +1.226814e-05  +1.345891e-06  +3.580547e-10  +3.771637e-14  +2.526421e-10  +4.364589e-05  +3.967563e-05  +1.593902e-04  +3.355071e-04  +2.382013e-05  +3.008714e-04  +1.420496e-04  +2.415403e-04  +2.879389e-04  +7.657675e-05  +6.062566e-05  +5.313616e-09  +1.223556e-16  +1.031829e-16  +2.827229e-23  +1.868345e-40  +1.714725e-68  +2.185596e-107  +3.868862e-157 
+7.849694e-259  +1.013978e-191  +1.819042e-135  +4.532049e-90  +1.568139e-55  +7.535503e-32  +5.028979e-19  +2.278470e-09  +3.504769e-05  +2.495897e-04  +6.327258e-05  +2.395088e-05  +6.593146e-05  +1.177072e-04  +1.128265e-04  +2.396604e-04  +4.625574e-04  +5.600376e-04  +3.733673e-04  +3.957068e-04  +4.917648e-04  +6.751540e-05  +3.014515e-04  +3.977706e-04  +1.889306e-05  +1.135026e-06  +5.338847e-06  +2.355016e-12  +1.556169e-29  +1.428130e-57  +1.820219e-96  +3.221984e-146 
+2.462240e-280  +3.180580e-213  +5.705849e-157  +1.421583e-111  +4.918833e-77  +9.556416e-53  +1.144912e-30  +4.315296e-18  +2.881386e-10  +8.805227e-06  +1.225419e-04  +6.548978e-05  +6.537033e-05  +6.037789e-05  +2.436722e-04  +2.441169e-04  +2.712090e-04  +4.578321e-04  +2.567402e-04  +2.319875e-04  +3.250386e-04  +2.969045e-04  +8.927915e-05  +3.496298e-04  +1.906571e-04  +1.497618e-04  +1.476535e-04  +8.258645e-11  +1.725453e-27  +7.993965e-55  +5.652410e-93  +5.626610e-142 
+5.737463e-306  +1.142628e-231  +3.160332e-168  +1.216039e-115  +8.221617e-74  +2.042574e-41  +3.165164e-19  +6.973367e-08  +1.756846e-05  +2.726936e-05  +2.173460e-04  +1.884837e-04  +2.559411e-04  +3.178516e-04  +2.145851e-04  +1.094354e-04  +4.570461e-04  +1.759065e-04  +4.857787e-04  +2.510826e-04  +3.005859e-04  +5.039939e-04  +1.293602e-04  +2.892367e-04  +2.712408e-04  +1.747422e-04  +2.425479e-05  +4.943632e-12  +1.837662e-28  +9.504676e-56  +6.827275e-94  +6.810758e-143 
+1.049936e-297  +2.090970e-223  +5.783235e-160  +2.221426e-107  +1.185034e-65  +8.779462e-35  +9.034870e-15  +1.377012e-05  +1.158205e-04  +2.290023e-05  +2.356047e-04  +1.368832e-04  +3.724899e-04  +5.629836e-04  +5.376128e-04  +6.970259e-04  +2.674345e-04  +3.255488e-04  +2.549703e-04  +4.028785e-04  +2.344844e-04  +2.325349e-04  +2.877571e-04  +1.702283e-04  +4.952156e-05  +3.826088e-07  +2.450871e-10  +3.053699e-21  +3.264282e-40  +1.598368e-67  +1.148109e-105  +1.145331e-154 
+2.668356e-300  +5.314089e-226  +1.469778e-162  +5.645634e-110  +3.011720e-68  +2.234243e-37  +2.889594e-17  +1.670093e-06  +8.891980e-05  +1.791508e-04  +2.730406e-04  +1.465232e-04  +2.901895e-04  +7.518507e-05  +3.912763e-04  +4.067568e-04  +2.296654e-04  +4.844031e-04  +1.880368e-04  +5.790563e-05  +8.211001e-05  +2.282069e-04  +1.168909e-04  +1.212818e-06  +4.667158e-11  +8.605847e-18  +1.627357e-23  +5.475431e-37  +8.003927e-59  +1.007964e-89  +2.682071e-128  +2.674883e-177 
+9.418087e-314  +1.875633e-239  +5.188173e-176  +2.031372e-123  +5.046782e-81  +5.700325e-48  +1.129648e-25  +3.866212e-14  +2.134431e-05  +3.013694e-04  +1.776881e-04  +7.999115e-05  +2.336965e-04  +3.110806e-04  +2.918983e-04  +3.116004e-04  +1.495745e-04  +1.182805e-04  +1.565123e-06  +4.778249e-11  +1.626667e-10  +1.460555e-06  +2.895505e-09  +1.557077e-16  +3.322063e-23  +1.458929e-37  +1.547317e-47  +5.072246e-61  +2.361933e-85  +4.056948e-118  +4.552526e-160  +8.744448e-211 
+0.000000e+00  +1.178257e-263  +1.406288e-198  +1.023099e-143  +1.052547e-99  +1.508393e-66  +5.734301e-38  +1.036967e-17  +1.610372e-07  +2.884415e-04  +2.102551e-05  +2.358399e-04  +4.457969e-04  +1.541371e-04  +2.276418e-04  +2.859409e-04  +1.666612e-04  +8.159583e-05  +1.246696e-07  +1.281829e-19  +6.527914e-23  +1.941068e-18  +2.326551e-24  +4.924364e-32  +3.290944e-46  +2.206052e-61  +2.578125e-82  +6.695934e-96  +3.050940e-120  +1.966358e-155  +3.966929e-199  +6.063965e-252 
+0.000000e+00  +9.498300e-294  +5.066780e-228  +3.753931e-173  +1.588829e-124  +1.595915e-82  +1.112039e-48  +1.595837e-24  +3.363545e-11  +8.887054e-05  +1.657536e-06  +2.163547e-04  +3.796435e-04  +2.624594e-04  +2.805239e-05  +1.603315e-04  +9.176890e-05  +1.315385e-04  +2.683205e-08  +2.746273e-20  +3.934725e-43  +3.587749e-41  +1.483063e-47  +3.591961e-58  +1.635259e-76  +3.032652e-95  +2.827180e-121  +1.227611e-141  +5.593485e-166  +3.539508e-201  +3.159094e-247  +7.482404e-302 
+0.000000e+00  +0.000000e+00  +2.279173e-265  +1.021732e-200  +4.890470e-144  +3.644948e-98  +6.893215e-63  +5.729122e-34  +1.504804e-15  +1.406269e-06  +2.038212e-04  +1.952774e-04  +1.182718e-04  +4.065449e-04  +5.235398e-04  +4.754994e-04  +9.075429e-05  +1.695343e-06  +7.886897e-16  +3.402719e-28  +3.749267e-49  +9.209619e-75  +3.804102e-81  +3.640937e-95  +1.655977e-113  +5.800331e-140  +5.394424e-166  +3.125956e-198  +1.424197e-222  +9.012179e-258  +7.920052e-304  +0.000000e+00 
+0.000000e+00  +0.000000e+00  +1.113050e-293  +4.301756e-226  +4.454919e-168  +4.004006e-117  +5.272146e-77  +1.214462e-47  +1.562105e-26  +1.791003e-11  +4.043615e-06  +1.611463e-04  +4.840743e-04  +3.720082e-04  +2.938303e-04  +1.409703e-04  +1.527526e-04  +6.724231e-05  +4.653211e-07  +3.690038e-17  +4.066913e-38  +6.225006e-70  +1.323283e-112  +1.289893e-142  +2.329773e-161  +1.472508e-190  +1.430302e-221  +1.850732e-258  +5.036113e-290  +0.000000e+00  +0.000000e+00  +0.000000e+00 
+0.000000e+00  +0.000000e+00  +5.610862e-293  +1.729576e-220  +7.404375e-159  +4.402253e-108  +3.634959e-68  +4.168387e-39  +6.772923e-21  +1.147445e-11  +2.842604e-06  +3.196014e-05  +2.526317e-04  +1.893461e-04  +2.822196e-04  +3.872069e-04  +3.962673e-04  +2.040248e-04  +5.725754e-06  +7.313003e-17  +6.335154e-38  +9.661672e-70  +1.392831e-103  +3.674603e-133  +9.028028e-163  +3.080446e-203  +1.459729e-254  +9.606582e-317  +0.000000e+00  +0.000000e+00  +0.000000e+00  +0.000000e+00 
+0.000000e+00  +0.000000e+00  +1.072911e-281  +1.924898e-210  +6.382491e-150  +1.217804e-99  +8.842390e-60  +1.006056e-30  +1.601745e-12  +4.333889e-05  +3.505792e-05  +1.115116e-04  +4.240047e-04  +1.168092e-04  +4.214034e-04  +3.169413e-04  +1.027520e-04  +9.603673e-05  +1.406079e-05  +1.723425e-15  +5.078977e-35  +4.705581e-49  +7.989759e-73  +1.298062e-91  +3.189173e-121  +1.088175e-161  +5.156529e-213  +3.393549e-275  +0.000000e+00  +0.000000e+00  +0.000000e+00  +0.000000e+00 
+0.000000e+00  +0.000000e+00  +2.254062e-275  +3.961328e-204  +9.668377e-144  +3.277211e-94  +1.542741e-55  +1.008605e-27  +9.159251e-11  +1.378848e-04  +8.442481e-05  +4.867887e-06  +1.584960e-04  +5.106064e-05  +2.070025e-04  +4.030625e-04  +2.729959e-04  +1.286876e-04  +4.891120e-05  +3.162497e-11  +3.066227e-16  +3.060059e-30  +3.599763e-42  +6.368227e-61  +1.564593e-90  +5.338534e-131  +2.529779e-182  +1.665366e-244  +1.553952e-317  +0.000000e+00  +0.000000e+00  +0.000000e+00 
+0.000000e+00  +0.000000e+00  +6.584977e-280  +1.157255e-208  +2.824503e-148  +9.573985e-99  +4.506937e-60  +2.946512e-32  +2.675304e-15  +3.377968e-09  +3.181490e-09  +1.042271e-04  +4.599528e-04  +1.954896e-04  +3.939841e-04  +3.376560e-05  +1.055819e-05  +2.681678e-05  +9.229533e-05  +4.421836e-05  +2.781363e-08  +2.020834e-14  +2.452646e-22  +4.338930e-41  +1.066526e-70  +3.759263e-111  +5.747551e-162  +1.855641e-222  +1.174054e-293  +0.000000e+00  +0.000000e+00  +0.000000e+00 
+0.000000e+00  +0.000000e+00  +2.671657e-295  +4.695215e-224  +1.145957e-163  +3.884357e-114  +1.828554e-75  +1.195458e-47  +5.300130e-28  +6.522801e-11  +1.123987e-04  +9.654793e-05  +1.225359e-04  +1.823624e-04  +1.699411e-04  +1.775477e-05  +9.310810e-08  +4.097722e-06  +4.876086e-05  +9.155228e-05  +1.169859e-04  +1.823550e-05  +2.443589e-13  +1.923636e-31  +2.599056e-59  +6.152561e-98  +2.030368e-147  +9.305828e-208  +5.923435e-279  +0.000000e+00  +0.000000e+00  +0.000000e+00 
+0.000000e+00  +0.000000e+00  +1.506900e-321  +2.645573e-250  +6.457027e-190  +2.188686e-140  +3.153520e-99  +2.009724e-60  +1.784581e-32  +2.201780e-15  +1.876005e-07  +3.842526e-05  +1.707453e-05  +1.201721e-04  +2.248696e-05  +7.076560e-05  +3.101742e-09  +1.602050e-15  +9.337692e-10  +5.231086e-10  +5.899599e-09  +9.724623e-05  +8.606142e-11  +1.060284e-27  +1.814215e-55  +4.311154e-94  +1.422775e-143  +6.521040e-204  +4.150835e-275  +0.000000e+00  +0.000000e+00  +0.000000e+00 
+0.000000e+00  +0.000000e+00  +0.000000e+00  +2.070247e-287  +9.700862e-225  +3.199104e-164  +1.472829e-114  +9.417041e-76  +8.363550e-48  +2.024220e-29  +6.975788e-18  +6.465459e-09  +1.209968e-08  +1.711523e-09  +3.169221e-14  +2.008013e-13  +1.868419e-18  +2.600786e-33  +3.350346e-25  +4.525571e-26  +1.477914e-16  +9.440652e-12  +8.375156e-18  +1.031862e-34  +1.765585e-62  +4.195593e-101  +1.384637e-150  +6.346243e-211  +4.039571e-282  +0.000000e+00  +0.000000e+00  +0.000000e+00 
+0.000000e+00  +0.000000e+00  +0.000000e+00  +2.618548e-322  +6.279981e-251  +2.081826e-190  +9.584478e-141  +6.128576e-102  +4.416347e-73  +5.192022e-51  +1.716502e-32  +3.182973e-23  +2.508498e-22  +2.585283e-23  +2.585358e-33  +1.013818e-32  +5.104740e-38  +1.304975e-53  +1.669792e-51  +4.349180e-50  +1.997500e-34  +1.275968e-29  +1.131959e-35  +1.394632e-52  +2.386307e-80  +5.670627e-119  +1.871431e-168  +8.577376e-229  +5.459754e-300  +0.000000e+00  +0.000000e+00  +0.000000e+00 
+0.000000e+00  +0.000000e+00  +0.000000e+00  +0.000000e+00  +5.675607e-288  +1.881475e-227  +8.662307e-178  +2.059192e-138  +1.418316e-105  +8.789575e-78  +1.173594e-57  +2.176239e-48  +7.281251e-47  +7.512666e-48  +1.252067e-59  +7.325045e-63  +3.365649e-68  +2.855788e-84  +1.155805e-88  +8.151688e-79  +3.749406e-63  +2.395055e-58  +2.124743e-64  +2.617792e-81  +4.479216e-109  +1.064405e-147  +3.512768e-197  +1.610016e-257  +0.000000e+00  +0.000000e+00  +0.000000e+00  +0.000000e+00 
+0.000000e+00  +0.000000e+00  +0.000000e+00  +0.000000e+00  +0.000000e+00  +2.361536e-275  +2.215958e-225  +7.652844e-182  +8.681638e-145  +8.346002e-114  +1.114370e-93  +2.066418e-84  +2.940813e-82  +3.036052e-83  +4.356281e-95  +7.376491e-104  +3.360492e-109  +2.206035e-125  +1.111086e-136  +2.125011e-118  +9.774087e-103  +6.243515e-98  +5.538855e-104  +6.824155e-121  +1.167658e-148  +2.774728e-187  +9.157209e-237  +4.197047e-297  +0.000000e+00  +0.000000e+00  +0.000000e+00  +0.000000e+00 
+0.000000e+00  +0.000000e+00  +0.000000e+00  +0.000000e+00  +0.000000e+00  +0.000000e+00  +7.969268e-280  +1.659040e-233  +1.144762e-191  +1.100596e-160  +1.469531e-140  +2.725007e-131  +1.650299e-128  +1.703980e-129  +2.443564e-141  +1.032353e-155  +4.703338e-161  +2.995277e-177  +3.806298e-195  +7.693302e-169  +3.538570e-153  +2.260376e-148  +2.005264e-154  +2.470589e-171  +4.227341e-199  +1.004551e-237  +3.315238e-287  +0.000000e+00  +0.000000e+00  +0.000000e+00  +0.000000e+00  +0.000000e+00 
