+0.000000e+00  +0.000000e+00  +0.000000e+00  +0.000000e+00  +0.000000e+00  +0.000000e+00  +0.000000e+00  +0.000000e+00  +0.000000e+00  +0.000000e+00  +0.000000e+00  +0.000000e+00  +9.181384e-302  +9.465009e-268  +1.539094e-244  +1.162359e-218  +1.019807e-202  +1.242606e-197  +2.102748e-203  +3.680446e-208  +4.250715e-207  +5.793545e-205  +1.096642e-213  +2.882858e-233  +1.087003e-263  +4.519253e-299  +0.000000e+00  +0.000000e+00  +0.000000e+00  +0.000000e+00  +0.000000e+00  +0.000000e+00 
+0.000000e+00  +0.000000e+00  +0.000000e+00  +0.000000e+00  +0.000000e+00  +0.000000e+00  +0.000000e+00  +2.799196e-303  +1.375127e-278  +9.381885e-265  +1.139280e-261  +2.325654e-263  +3.258102e-237  +3.358750e-203  +4.808712e-180  +2.385383e-159  +2.092839e-143  +2.550066e-138  +4.315277e-144  +4.174306e-147  +1.194843e-146  +1.628519e-144  +3.082572e-153  +8.103540e-173  +5.560438e-201  +7.242985e-235  +1.317289e-279  +0.000000e+00  +0.000000e+00  +0.000000e+00  +0.000000e+00  +0.000000e+00 
+0.000000e+00  +0.000000e+00  +0.000000e+00  +0.000000e+00  +0.000000e+00  +5.652825e-316  +1.439790e-269  +5.092963e-234  +2.501957e-209  +1.706976e-195  +2.063349e-192  +4.143119e-194  +1.605682e-183  +1.655283e-149  +2.369862e-126  +6.803225e-111  +5.964741e-95  +7.267870e-90  +1.230981e-95  +6.575156e-97  +4.664423e-97  +6.357396e-95  +1.203371e-103  +3.293984e-123  +1.231068e-147  +1.612156e-181  +2.932043e-226  +7.405796e-282  +0.000000e+00  +0.000000e+00  +0.000000e+00  +0.000000e+00 
+0.000000e+00  +0.000000e+00  +0.000000e+00  +0.000000e+00  +7.788344e-315  +1.428370e-257  +3.638096e-211  +1.286903e-175  +6.322009e-151  +4.313229e-137  +5.190216e-134  +1.025056e-135  +1.777479e-139  +1.132934e-106  +1.622017e-83  +3.252030e-71  +2.360942e-57  +2.876742e-52  +5.320843e-58  +1.438354e-57  +2.528866e-58  +3.446701e-56  +6.524211e-65  +4.052874e-82  +3.805475e-105  +4.983498e-139  +9.063537e-184  +2.289281e-239  +1.056936e-302  +0.000000e+00  +0.000000e+00  +0.000000e+00 
+0.000000e+00  +0.000000e+00  +0.000000e+00  +0.000000e+00  +2.733117e-267  +5.012493e-210  +1.276695e-163  +4.516050e-128  +2.218545e-103  +1.513616e-89  +1.813295e-86  +3.522136e-88  +1.204160e-99  +1.325238e-74  +1.541793e-51  +3.065595e-39  +1.297869e-30  +1.581367e-25  +2.843668e-30  +4.369819e-29  +1.904155e-30  +2.595171e-28  +5.167491e-37  +1.732555e-50  +1.633707e-73  +2.139438e-107  +3.894033e-152  +3.970735e-200  +7.258196e-256  +1.828043e-322  +0.000000e+00  +0.000000e+00 
+0.000000e+00  +0.000000e+00  +0.000000e+00  +1.008676e-298  +1.332016e-230  +2.442895e-173  +6.222120e-127  +2.200948e-91  +1.081233e-66  +7.376777e-53  +8.798757e-50  +1.680747e-51  +2.168525e-63  +1.550608e-46  +2.042461e-30  +4.046906e-18  +1.209625e-14  +1.207311e-09  +2.097280e-12  +1.843746e-11  +1.991408e-13  +2.713760e-11  +1.526653e-17  +1.032981e-29  +9.740417e-53  +3.165763e-85  +2.879381e-119  +3.789823e-164  +6.927503e-220  +1.758622e-286  +0.000000e+00  +0.000000e+00 
+0.000000e+00  +0.000000e+00  +0.000000e+00  +6.827169e-273  +9.015676e-205  +1.653461e-147  +4.211409e-101  +1.489700e-65  +7.318267e-41  +4.992932e-27  +5.929849e-24  +1.113875e-25  +1.437138e-37  +2.321980e-28  +6.185613e-15  +7.420459e-08  +4.308050e-06  +1.307873e-04  +5.420518e-05  +1.081211e-04  +4.045432e-07  +4.478708e-05  +1.275085e-07  +8.560216e-20  +5.901467e-37  +4.027201e-60  +3.816675e-94  +5.023484e-139  +9.182539e-195  +2.331087e-261  +0.000000e+00  +0.000000e+00 
+0.000000e+00  +0.000000e+00  +0.000000e+00  +6.417526e-258  +8.474718e-190  +1.554250e-132  +3.958716e-86  +1.400315e-50  +6.879157e-26  +4.693347e-12  +5.550538e-09  +1.025200e-10  +1.322999e-22  +2.341997e-16  +2.957515e-07  +6.482997e-05  +6.175265e-05  +1.471944e-05  +1.245424e-05  +1.547444e-04  +8.320844e-05  +1.348501e-04  +5.388958e-06  +2.211108e-10  +1.086384e-22  +7.413568e-46  +7.026016e-80  +9.247598e-125  +1.694148e-180  +4.116376e-235  +6.759964e-298  +0.000000e+00 
+0.000000e+00  +0.000000e+00  +0.000000e+00  +8.377850e-254  +1.106344e-185  +2.029017e-128  +5.167961e-82  +1.828061e-46  +8.980493e-22  +6.126995e-08  +7.217388e-05  +1.701380e-06  +1.969372e-11  +3.155494e-11  +1.199970e-04  +5.532502e-05  +2.802472e-07  +4.934279e-05  +2.474425e-04  +9.006636e-05  +2.130927e-04  +2.854538e-06  +3.490731e-05  +5.831068e-07  +2.780056e-19  +1.899518e-42  +5.113841e-72  +4.014210e-106  +3.417103e-147  +4.040634e-199  +6.635791e-262  +0.000000e+00 
+0.000000e+00  +0.000000e+00  +3.853712e-322  +8.614217e-252  +4.692705e-192  +3.678651e-135  +9.369623e-89  +3.314314e-53  +1.628182e-28  +1.110851e-14  +9.448068e-08  +4.111816e-05  +2.012646e-07  +2.730119e-10  +1.263808e-06  +6.567471e-05  +1.856609e-05  +4.574181e-05  +3.300865e-04  +1.068891e-04  +1.434819e-04  +9.157485e-05  +9.841417e-05  +8.164257e-09  +4.860175e-14  +4.549783e-30  +8.924046e-51  +5.471130e-81  +4.658772e-122  +7.589276e-173  +1.562750e-230  +2.360001e-294 
+0.000000e+00  +0.000000e+00  +1.273553e-293  +2.860201e-223  +8.921318e-164  +3.864554e-115  +2.324919e-77  +1.942469e-50  +2.267730e-34  +1.067165e-15  +1.145281e-05  +1.431296e-04  +1.131644e-06  +1.111785e-04  +1.053891e-08  +3.045807e-05  +2.000738e-04  +1.596471e-04  +2.068698e-04  +4.895084e-05  +7.396732e-05  +2.034576e-04  +1.382484e-04  +1.377473e-04  +1.291283e-08  +3.827316e-17  +1.690026e-36  +4.022964e-65  +4.511852e-101  +7.443624e-148  +3.313817e-194  +3.404676e-236 
+0.000000e+00  +0.000000e+00  +1.551146e-272  +2.306152e-204  +4.537264e-146  +1.783188e-97  +1.072083e-59  +8.957211e-33  +1.039339e-16  +1.674867e-11  +2.075509e-10  +1.463876e-04  +1.620842e-04  +1.431517e-04  +4.907906e-05  +1.317524e-04  +1.592637e-04  +2.032657e-04  +9.467815e-05  +3.149207e-05  +1.275212e-04  +1.845270e-04  +1.936479e-04  +1.083712e-04  +3.168648e-05  +1.137646e-11  +6.729934e-26  +6.551974e-51  +6.486538e-83  +8.974898e-116  +6.639553e-147  +6.821598e-189 
+0.000000e+00  +0.000000e+00  +2.929603e-254  +1.014265e-188  +2.101320e-132  +5.577711e-86  +2.101781e-50  +1.666429e-25  +6.735175e-10  +1.074332e-04  +8.972201e-06  +2.706767e-05  +2.674696e-04  +2.237567e-04  +1.904403e-04  +2.955813e-04  +2.222650e-04  +3.030742e-04  +3.055620e-04  +1.225590e-04  +3.177266e-04  +2.714831e-04  +4.066786e-04  +1.568763e-04  +1.955193e-04  +5.025125e-08  +7.349854e-18  +3.521632e-38  +4.688204e-59  +2.497341e-79  +1.847512e-110  +1.898167e-152 
+0.000000e+00  +2.983849e-316  +6.663548e-240  +2.066675e-174  +8.901778e-120  +5.325000e-76  +4.425261e-43  +5.843246e-21  +5.436749e-08  +1.008434e-04  +1.030573e-04  +1.519152e-04  +2.986133e-04  +3.005332e-04  +6.368917e-05  +3.768611e-04  +1.917817e-04  +2.991639e-04  +2.013900e-04  +3.096335e-04  +2.004056e-04  +4.288968e-04  +2.973254e-04  +9.019785e-05  +4.472091e-04  +1.980697e-05  +3.823101e-15  +4.754241e-24  +1.811727e-33  +9.650819e-54  +7.139593e-85  +7.335349e-127 
+0.000000e+00  +1.522280e-312  +3.041858e-236  +8.631461e-171  +3.467633e-116  +1.966025e-72  +1.568215e-39  +1.755009e-17  +2.753480e-06  +1.478189e-04  +1.961581e-04  +1.250664e-04  +2.665548e-04  +4.436891e-04  +5.942957e-04  +3.131560e-04  +3.299663e-04  +3.246657e-04  +1.859798e-04  +3.628427e-04  +2.284803e-04  +6.716967e-05  +2.338647e-04  +2.958505e-04  +3.614431e-04  +6.571979e-06  +2.283863e-07  +2.541153e-09  +9.723376e-19  +5.179507e-39  +3.831755e-70  +3.936815e-112 
+0.000000e+00  +4.052424e-308  +1.364616e-236  +3.062423e-171  +9.544606e-117  +4.131320e-73  +2.483462e-40  +2.073310e-18  +2.407873e-07  +1.967189e-04  +3.753626e-04  +1.561516e-04  +2.862283e-04  +2.821474e-04  +3.479671e-04  +2.774625e-04  +1.603072e-04  +1.995014e-04  +1.503348e-04  +1.459382e-04  +1.556399e-04  +3.697052e-04  +3.683979e-04  +3.361626e-04  +1.978253e-04  +1.854940e-04  +2.282818e-04  +1.938796e-05  +7.249023e-15  +3.860573e-35  +2.856011e-66  +2.934318e-108 
+0.000000e+00  +1.117379e-259  +2.264709e-204  +6.376741e-160  +1.462340e-123  +3.372734e-78  +1.162945e-43  +5.697808e-20  +3.995837e-07  +2.800065e-04  +8.448613e-05  +3.643247e-04  +6.325448e-04  +3.301765e-04  +3.957203e-04  +5.432586e-04  +1.642025e-04  +1.581458e-04  +2.058493e-04  +1.956021e-04  +2.206209e-04  +7.911377e-05  +1.367276e-04  +8.362050e-05  +7.196846e-05  +2.072023e-04  +3.198424e-05  +8.641231e-08  +2.068068e-19  +1.620456e-41  +3.061201e-73  +3.038690e-115 
+2.931966e-288  +4.278907e-222  +8.672509e-167  +2.441151e-122  +9.566716e-89  +6.068607e-64  +2.545375e-43  +5.918472e-20  +2.623199e-07  +3.006093e-04  +2.817411e-04  +2.087732e-04  +1.267706e-04  +7.359952e-05  +2.357288e-04  +7.231278e-05  +1.421167e-04  +1.845924e-04  +1.901946e-04  +2.494420e-05  +1.388125e-05  +2.498350e-05  +1.167070e-05  +1.090630e-05  +8.281636e-10  +4.423662e-09  +3.054547e-12  +2.197258e-18  +7.987427e-31  +2.141740e-53  +1.721459e-86  +2.054480e-130 
+1.559299e-261  +2.275639e-195  +4.612275e-140  +1.298270e-95  +5.075199e-62  +2.809716e-39  +1.912834e-24  +9.459285e-19  +1.139023e-07  +1.333140e-04  +1.739404e-04  +3.858034e-04  +3.000609e-04  +5.719637e-04  +3.063528e-04  +1.515508e-04  +1.133406e-04  +8.825222e-05  +5.734675e-05  +3.641366e-10  +2.481768e-09  +1.047686e-14  +5.461636e-13  +2.651087e-12  +1.960797e-22  +2.292663e-24  +1.479048e-29  +6.398092e-39  +3.392466e-52  +1.489446e-75  +4.346681e-109  +4.684912e-153 
+1.151696e-245  +1.680783e-179  +3.406619e-124  +9.589003e-80  +3.748533e-46  +2.035113e-23  +1.774218e-11  +1.172724e-06  +9.462796e-07  +2.743745e-07  +1.741176e-04  +1.418331e-04  +2.634168e-04  +6.058248e-05  +3.102324e-04  +2.171915e-05  +1.184277e-07  +2.489724e-07  +3.591383e-10  +2.083855e-18  +7.530947e-24  +1.290283e-33  +1.691418e-30  +8.967799e-30  +6.618796e-40  +1.650380e-50  +7.259159e-56  +1.064029e-67  +3.210720e-84  +1.015769e-107  +5.573381e-142  +1.731598e-186 
+1.181365e-240  +1.724082e-174  +3.494378e-119  +9.836029e-75  +3.845100e-41  +2.087534e-18  +1.575549e-06  +2.226078e-04  +1.124311e-04  +2.289552e-04  +3.344298e-04  +2.277215e-04  +2.479954e-04  +4.178999e-04  +1.560315e-04  +9.435661e-05  +1.859658e-10  +2.188962e-20  +8.372728e-25  +1.768653e-34  +3.180361e-49  +3.963568e-59  +7.927855e-59  +4.212943e-58  +3.109416e-68  +1.681802e-87  +7.247009e-93  +3.238705e-107  +8.927914e-127  +1.344328e-150  +5.881647e-185  +4.154510e-230 
+1.682939e-246  +2.456079e-180  +4.977992e-125  +1.401213e-80  +5.477620e-47  +2.973852e-24  +2.304662e-12  +1.006700e-08  +2.580991e-05  +3.568436e-05  +1.838588e-04  +1.617955e-04  +2.627711e-04  +2.235084e-04  +1.187049e-04  +3.323619e-07  +6.723506e-14  +1.976845e-25  +9.952993e-48  +2.089816e-61  +1.724126e-80  +2.324582e-95  +5.172121e-98  +2.748674e-97  +2.028694e-107  +2.079446e-128  +1.006182e-140  +7.469894e-157  +1.929585e-177  +2.504241e-204  +1.086253e-238  +6.580081e-284 
+1.022871e-251  +5.178437e-184  +3.640949e-127  +3.555236e-81  +4.821256e-46  +9.080086e-22  +2.374968e-08  +2.895011e-05  +9.608346e-05  +1.552304e-04  +1.596906e-04  +2.549279e-04  +8.429555e-05  +8.910832e-05  +2.591750e-04  +3.111092e-04  +1.759488e-06  +5.686314e-18  +2.579904e-40  +1.625619e-73  +1.704801e-117  +1.893416e-142  +4.686447e-148  +2.490571e-147  +1.838197e-157  +1.884184e-178  +1.940144e-199  +1.184259e-215  +1.117181e-238  +8.725634e-269  +2.810227e-303  +0.000000e+00 
+5.793563e-253  +2.933078e-185  +2.062242e-128  +2.013694e-82  +2.730773e-47  +5.146068e-23  +1.875008e-09  +1.271474e-04  +1.464834e-05  +1.315400e-04  +1.966831e-04  +3.279103e-04  +3.367500e-04  +3.856161e-04  +3.237048e-05  +1.273279e-04  +2.193683e-09  +2.272653e-21  +1.030718e-43  +6.494640e-77  +5.683399e-121  +6.907155e-176  +5.897356e-209  +3.134098e-208  +2.313160e-218  +2.371029e-239  +5.229277e-269  +3.169274e-285  +9.253607e-311  +0.000000e+00  +0.000000e+00  +0.000000e+00 
+4.557311e-265  +2.307207e-197  +1.622263e-140  +1.629056e-94  +4.224663e-58  +4.956958e-31  +8.660751e-15  +7.055182e-06  +1.554027e-04  +7.755465e-05  +2.266681e-04  +1.227118e-04  +2.748803e-06  +2.125289e-04  +2.192922e-04  +1.413256e-05  +1.827179e-14  +1.488732e-26  +1.372517e-48  +1.757828e-81  +6.737251e-118  +1.325991e-161  +3.624405e-216  +5.614854e-280  +4.042568e-290  +4.143701e-311  +0.000000e+00  +0.000000e+00  +0.000000e+00  +0.000000e+00  +0.000000e+00  +0.000000e+00 
+4.988852e-288  +5.918173e-220  +1.569671e-160  +1.004833e-111  +9.156715e-74  +5.116235e-43  +1.704028e-21  +7.883790e-11  +6.432251e-07  +8.450145e-05  +1.982036e-04  +2.763753e-06  +1.375058e-09  +6.875909e-07  +1.055491e-04  +8.859436e-05  +1.237279e-06  +8.213471e-18  +6.070353e-37  +6.182648e-59  +8.761825e-92  +1.724458e-135  +4.713555e-190  +1.789297e-255  +0.000000e+00  +0.000000e+00  +0.000000e+00  +0.000000e+00  +0.000000e+00  +0.000000e+00  +0.000000e+00  +0.000000e+00 
+3.167434e-317  +1.052438e-246  +5.011299e-187  +1.924110e-134  +3.322797e-91  +7.970506e-59  +2.655253e-37  +1.314989e-26  +1.216998e-17  +4.589484e-13  +1.567102e-05  +1.391232e-04  +3.612723e-07  +2.176173e-12  +8.254807e-06  +8.625614e-05  +9.430314e-06  +1.521623e-10  +1.094315e-21  +1.116669e-43  +1.582503e-76  +3.114601e-120  +8.513309e-175  +3.231709e-240  +1.703743e-316  +0.000000e+00  +0.000000e+00  +0.000000e+00  +0.000000e+00  +0.000000e+00  +0.000000e+00  +0.000000e+00 
+0.000000e+00  +3.738565e-280  +3.347500e-215  +4.163196e-161  +7.190697e-118  +1.724857e-85  +5.746102e-64  +2.016477e-49  +1.101953e-37  +2.193723e-21  +1.718564e-11  +2.118500e-08  +2.022913e-13  +6.829252e-24  +5.209725e-14  +2.424519e-10  +1.240059e-05  +3.764522e-06  +2.750941e-17  +2.802747e-39  +3.970176e-72  +7.812902e-116  +2.135465e-170  +8.106286e-236  +4.273586e-312  +0.000000e+00  +0.000000e+00  +0.000000e+00  +0.000000e+00  +0.000000e+00  +0.000000e+00  +0.000000e+00 
+0.000000e+00  +1.123460e-317  +1.006064e-252  +1.251215e-198  +2.161106e-155  +5.183919e-123  +1.800512e-101  +6.574150e-82  +6.000479e-59  +3.378683e-38  +3.630825e-28  +6.754192e-23  +6.407708e-28  +1.403630e-43  +7.315687e-31  +1.496625e-16  +1.627335e-06  +2.457449e-07  +5.153879e-19  +1.501192e-41  +6.073327e-75  +3.413751e-119  +2.668662e-174  +2.911705e-240  +4.487842e-317  +0.000000e+00  +0.000000e+00  +0.000000e+00  +0.000000e+00  +0.000000e+00  +0.000000e+00  +0.000000e+00 
+0.000000e+00  +0.000000e+00  +4.199222e-301  +5.222459e-247  +9.020263e-204  +2.163722e-171  +3.307250e-146  +3.165674e-118  +1.283482e-86  +7.226974e-66  +4.434833e-54  +2.990880e-48  +2.837452e-53  +3.739700e-69  +2.273093e-47  +1.779701e-26  +1.935152e-16  +2.922275e-17  +6.128652e-29  +1.785035e-51  +7.220489e-85  +4.056247e-129  +3.164609e-184  +3.428891e-250  +0.000000e+00  +0.000000e+00  +0.000000e+00  +0.000000e+00  +0.000000e+00  +0.000000e+00  +0.000000e+00  +0.000000e+00 
+0.000000e+00  +0.000000e+00  +0.000000e+00  +3.027305e-306  +5.228779e-263  +1.286563e-230  +3.427739e-199  +9.403893e-157  +3.812688e-125  +2.152280e-104  +2.692763e-90  +1.839343e-84  +1.744987e-89  +6.658913e-100  +3.753997e-68  +2.939165e-47  +3.195891e-37  +4.826117e-38  +1.012143e-49  +2.947974e-72  +1.192459e-105  +6.698864e-150  +5.226330e-205  +5.662790e-271  +0.000000e+00  +0.000000e+00  +0.000000e+00  +0.000000e+00  +0.000000e+00  +0.000000e+00  +0.000000e+00  +0.000000e+00 
+0.000000e+00  +0.000000e+00  +0.000000e+00  +0.000000e+00  +0.000000e+00  +2.802689e-297  +1.328929e-248  +3.879603e-206  +1.572935e-174  +1.353211e-153  +2.299709e-137  +1.570957e-131  +1.490369e-136  +1.527273e-131  +8.610109e-100  +6.741223e-79  +7.330045e-69  +1.106911e-69  +2.321435e-81  +6.761426e-104  +2.735005e-137  +1.536441e-181  +1.198703e-236  +1.298809e-302  +0.000000e+00  +0.000000e+00  +0.000000e+00  +0.000000e+00  +0.000000e+00  +0.000000e+00  +0.000000e+00  +0.000000e+00 
