+0.000000e+00  +0.000000e+00  +0.000000e+00  +0.000000e+00  +0.000000e+00  +0.000000e+00  +0.000000e+00  +0.000000e+00  +0.000000e+00  +4.543841e-312  +9.611565e-270  +7.232713e-212  +7.558686e-165  +1.097190e-128  +3.264701e-102  +9.679452e-83  +4.275193e-74  +2.622399e-76  +2.233983e-89  +3.127334e-110  +1.043917e-124  +1.303631e-143  +4.197327e-173  +3.034688e-207  +6.461004e-242  +3.746770e-282  +0.000000e+00  +0.000000e+00  +0.000000e+00  +0.000000e+00  +0.000000e+00  +0.000000e+00 
+0.000000e+00  +0.000000e+00  +0.000000e+00  +0.000000e+00  +0.000000e+00  +0.000000e+00  +0.000000e+00  +0.000000e+00  +7.017730e-282  +5.773177e-243  +6.595853e-215  +1.826719e-175  +1.909048e-128  +2.770767e-92  +5.643364e-67  +1.858631e-49  +8.202250e-41  +5.031253e-43  +4.287176e-56  +9.686199e-69  +5.975698e-81  +1.037155e-99  +1.882627e-125  +3.487518e-155  +1.456022e-184  +8.454912e-225  +1.547719e-271  +0.000000e+00  +0.000000e+00  +0.000000e+00  +0.000000e+00  +0.000000e+00 
+0.000000e+00  +0.000000e+00  +0.000000e+00  +0.000000e+00  +0.000000e+00  +0.000000e+00  +0.000000e+00  +2.090480e-273  +1.238301e-223  +1.018696e-184  +1.163860e-156  +1.846693e-139  +6.696154e-103  +9.718706e-67  +1.958993e-41  +1.043204e-26  +2.185508e-18  +1.340585e-20  +8.701791e-33  +4.222311e-38  +6.586855e-48  +2.366442e-65  +4.709632e-88  +1.091327e-108  +4.557399e-138  +4.441533e-175  +6.045245e-219  +8.686485e-273  +0.000000e+00  +0.000000e+00  +0.000000e+00  +0.000000e+00 
+0.000000e+00  +0.000000e+00  +0.000000e+00  +0.000000e+00  +0.000000e+00  +0.000000e+00  +1.201079e-286  +5.122874e-226  +3.034547e-176  +2.496388e-137  +2.852123e-109  +4.525456e-92  +2.258018e-85  +4.734291e-52  +9.542802e-27  +2.673206e-12  +8.191121e-07  +5.765389e-09  +3.694295e-14  +1.056824e-17  +1.061823e-25  +7.764913e-39  +1.577676e-54  +4.743533e-73  +2.475374e-100  +2.408303e-133  +8.920093e-176  +2.395452e-225  +9.274898e-286  +0.000000e+00  +0.000000e+00  +0.000000e+00 
+0.000000e+00  +0.000000e+00  +0.000000e+00  +0.000000e+00  +0.000000e+00  +1.329037e-321  +4.087681e-250  +1.743489e-189  +1.032760e-139  +8.496062e-101  +9.706750e-73  +1.540167e-55  +3.396507e-49  +1.137517e-41  +6.544509e-23  +1.833854e-08  +8.547715e-05  +1.005250e-04  +3.063819e-05  +1.721731e-06  +2.490668e-11  +4.770844e-22  +9.523568e-30  +2.906362e-47  +1.851210e-69  +1.905814e-100  +3.789422e-139  +1.056469e-188  +4.090520e-249  +2.199580e-320  +0.000000e+00  +0.000000e+00 
+0.000000e+00  +0.000000e+00  +0.000000e+00  +0.000000e+00  +0.000000e+00  +6.358615e-284  +1.935312e-224  +8.240675e-164  +4.881385e-114  +4.015700e-75  +4.587936e-47  +7.279666e-30  +1.604145e-23  +3.266047e-19  +2.288153e-19  +5.706684e-09  +1.965934e-04  +1.789379e-04  +1.376325e-04  +6.801296e-05  +1.712021e-06  +3.687971e-08  +1.337579e-15  +2.748884e-27  +8.018184e-47  +1.156204e-74  +2.321027e-113  +6.470890e-163  +2.505450e-223  +1.348148e-294  +0.000000e+00  +0.000000e+00 
+0.000000e+00  +0.000000e+00  +0.000000e+00  +0.000000e+00  +5.720704e-310  +2.107134e-242  +1.077886e-185  +7.657576e-140  +3.204244e-99  +2.635984e-60  +3.011611e-32  +4.778515e-15  +1.052992e-08  +1.377084e-07  +8.486918e-08  +3.033392e-05  +6.548648e-05  +3.345061e-05  +2.181341e-04  +6.118118e-05  +1.471690e-04  +5.034707e-05  +7.921941e-07  +6.541333e-15  +6.804115e-32  +9.835118e-60  +1.974356e-98  +5.268838e-147  +4.101590e-199  +4.951625e-262  +0.000000e+00  +0.000000e+00 
+0.000000e+00  +0.000000e+00  +0.000000e+00  +0.000000e+00  +2.632795e-279  +9.697499e-212  +4.960670e-155  +3.524187e-109  +3.477086e-74  +4.764421e-50  +2.745480e-28  +4.356320e-11  +9.658467e-05  +4.824846e-05  +1.357951e-04  +2.679269e-04  +2.303028e-04  +6.305943e-05  +1.342030e-04  +1.128577e-04  +3.668821e-05  +1.430514e-04  +1.036187e-04  +7.722983e-11  +8.042038e-28  +1.269192e-50  +5.720118e-81  +3.580343e-122  +3.112305e-174  +3.757316e-237  +6.299574e-311  +0.000000e+00 
+0.000000e+00  +0.000000e+00  +0.000000e+00  +0.000000e+00  +1.682762e-259  +6.198196e-192  +3.170633e-135  +2.252498e-89  +2.222394e-54  +3.045198e-30  +5.794997e-17  +4.852448e-10  +4.324562e-06  +1.255539e-04  +1.489143e-04  +5.212165e-04  +7.512518e-04  +1.964677e-04  +6.653472e-04  +3.570075e-04  +1.569806e-04  +1.414032e-04  +7.845415e-06  +1.792662e-08  +4.121426e-17  +1.337492e-36  +6.027994e-67  +3.773049e-108  +3.279820e-160  +3.959548e-223  +6.638639e-297  +0.000000e+00 
+0.000000e+00  +0.000000e+00  +0.000000e+00  +0.000000e+00  +1.493710e-250  +5.501851e-183  +2.814423e-126  +1.999438e-80  +1.972716e-45  +2.703080e-21  +5.143887e-08  +2.636402e-05  +1.438249e-04  +1.711252e-04  +2.702049e-04  +2.978301e-04  +5.228231e-04  +3.330803e-04  +5.283852e-04  +1.455526e-04  +7.860804e-06  +4.395100e-05  +1.065745e-04  +2.583209e-05  +6.031888e-14  +1.957478e-33  +8.822236e-64  +5.522024e-105  +4.800162e-157  +5.794973e-220  +9.715941e-294  +0.000000e+00 
+0.000000e+00  +0.000000e+00  +0.000000e+00  +0.000000e+00  +1.841398e-252  +6.782507e-185  +3.469532e-128  +2.464844e-82  +2.431901e-47  +3.332561e-23  +7.976601e-10  +1.289604e-04  +1.088918e-04  +1.551677e-04  +4.030674e-04  +4.995606e-04  +3.029834e-04  +3.378939e-04  +2.350936e-04  +1.168123e-04  +7.620608e-06  +2.953449e-07  +9.295605e-09  +2.797817e-12  +1.226027e-21  +3.978696e-41  +1.793174e-71  +1.122386e-112  +9.756626e-165  +1.177864e-227  +1.974825e-301  +0.000000e+00 
+0.000000e+00  +0.000000e+00  +0.000000e+00  +0.000000e+00  +3.003404e-250  +7.719305e-183  +2.755375e-126  +1.365907e-80  +9.403714e-46  +8.991160e-22  +1.193908e-08  +2.718875e-05  +4.711252e-06  +1.244389e-04  +2.393025e-04  +2.436463e-04  +2.064098e-04  +1.260409e-04  +4.237367e-04  +3.501285e-04  +2.069076e-04  +1.984995e-08  +6.729620e-16  +1.406095e-26  +3.598810e-40  +1.123111e-59  +5.061791e-90  +3.168282e-131  +2.754111e-183  +3.324887e-246  +5.574543e-320  +0.000000e+00 
+0.000000e+00  +0.000000e+00  +0.000000e+00  +1.136351e-322  +2.662468e-249  +6.397106e-183  +2.283166e-126  +1.131822e-80  +7.792646e-46  +7.497416e-22  +1.588969e-08  +1.081793e-04  +7.494573e-05  +2.642208e-04  +1.774001e-04  +2.169914e-04  +1.744252e-04  +3.279471e-04  +3.304538e-04  +2.658737e-04  +2.317368e-04  +3.035122e-04  +1.384015e-06  +1.332366e-16  +1.790752e-37  +3.342606e-69  +8.665090e-112  +1.242094e-160  +1.079695e-212  +1.303457e-275  +0.000000e+00  +0.000000e+00 
+0.000000e+00  +0.000000e+00  +0.000000e+00  +2.827445e-275  +1.384174e-218  +9.085337e-166  +3.734445e-114  +2.131812e-73  +1.690090e-43  +2.035263e-24  +2.273554e-10  +1.135314e-04  +3.433509e-04  +1.916280e-04  +1.518601e-04  +2.636460e-04  +2.515385e-04  +2.516237e-04  +2.619956e-04  +5.002399e-04  +1.184045e-04  +1.730877e-04  +3.045200e-07  +2.431543e-17  +3.267955e-38  +6.099946e-70  +1.581298e-112  +5.692979e-166  +2.846449e-230  +1.976538e-305  +0.000000e+00  +0.000000e+00 
+0.000000e+00  +0.000000e+00  +4.334170e-276  +1.925505e-227  +4.400200e-179  +2.991759e-133  +2.835634e-98  +3.765441e-63  +2.985223e-33  +3.286818e-14  +5.073783e-06  +1.816218e-04  +1.419020e-04  +1.231860e-04  +1.941435e-04  +1.656475e-04  +2.564232e-04  +3.344022e-04  +4.741516e-04  +2.865700e-04  +7.863042e-05  +6.103263e-09  +7.191667e-16  +7.418042e-29  +8.282690e-50  +1.545983e-81  +4.007675e-124  +1.442840e-177  +7.214099e-242  +5.009378e-317  +0.000000e+00  +0.000000e+00 
+0.000000e+00  +1.619960e-286  +5.182092e-227  +2.302204e-178  +1.420432e-140  +1.320775e-104  +1.247671e-69  +1.692125e-45  +1.069005e-31  +8.156577e-15  +1.449615e-06  +2.395599e-04  +4.796005e-05  +2.008925e-04  +1.060695e-04  +7.496271e-05  +2.601632e-06  +1.135953e-04  +2.339588e-04  +1.494254e-04  +1.269168e-04  +4.171714e-08  +6.285979e-21  +2.581576e-43  +3.561750e-72  +5.441761e-104  +1.410617e-146  +5.078494e-200  +2.539211e-264  +0.000000e+00  +0.000000e+00  +0.000000e+00 
+1.167828e-318  +2.689933e-248  +8.604828e-189  +3.822794e-140  +2.358618e-102  +2.021027e-75  +7.646816e-52  +1.006921e-27  +2.395975e-14  +1.213355e-10  +1.317134e-04  +2.253570e-04  +1.286109e-04  +4.145573e-04  +1.362326e-04  +1.601996e-04  +9.760542e-05  +7.814477e-05  +1.936439e-05  +1.928471e-05  +2.292766e-04  +5.987150e-06  +5.217931e-17  +3.483136e-38  +6.854190e-69  +2.307786e-110  +1.081092e-162  +7.033542e-226  +1.247588e-297  +0.000000e+00  +0.000000e+00  +0.000000e+00 
+2.693108e-291  +6.203210e-221  +1.984345e-161  +8.815683e-113  +5.439170e-75  +4.660658e-48  +5.546255e-32  +8.542532e-21  +1.613977e-07  +1.505351e-04  +1.610778e-04  +6.850588e-05  +2.251287e-04  +2.775000e-04  +1.942031e-05  +7.762647e-05  +4.091766e-07  +2.851904e-05  +3.920134e-04  +2.136096e-04  +3.705706e-04  +3.313886e-05  +4.145891e-14  +7.250656e-34  +1.761063e-64  +5.940327e-106  +2.782811e-158  +5.993289e-221  +6.884369e-286  +0.000000e+00  +0.000000e+00  +0.000000e+00 
+8.625151e-275  +1.986687e-204  +6.355215e-145  +2.823378e-96  +1.741990e-58  +1.492658e-31  +1.776286e-15  +2.967532e-10  +1.046205e-06  +2.217610e-04  +1.074510e-04  +2.063068e-04  +1.919521e-04  +2.203545e-04  +3.266054e-05  +8.188846e-05  +3.688586e-07  +3.360284e-06  +1.271847e-04  +5.175117e-05  +2.100119e-04  +2.161632e-08  +7.368706e-18  +4.594618e-34  +6.088260e-61  +3.258216e-95  +2.779515e-138  +3.294149e-192  +5.427027e-257  +0.000000e+00  +0.000000e+00  +0.000000e+00 
+3.836345e-269  +8.836504e-199  +2.826710e-139  +1.255798e-90  +7.748125e-53  +6.639148e-26  +7.903330e-10  +1.372318e-04  +1.302716e-04  +2.275301e-04  +1.494742e-04  +1.874453e-04  +1.087496e-04  +2.184238e-04  +8.225831e-05  +2.253310e-04  +4.957383e-06  +1.191948e-04  +6.986574e-05  +2.316612e-04  +1.475735e-04  +1.451120e-04  +4.547724e-10  +1.314787e-23  +5.797807e-45  +3.562558e-77  +3.333321e-120  +1.854019e-168  +1.628456e-226  +1.986445e-295  +0.000000e+00  +0.000000e+00 
+1.999463e-272  +2.091774e-203  +1.914094e-144  +7.782723e-96  +4.794680e-58  +4.984812e-31  +1.551686e-13  +7.385949e-06  +7.206840e-05  +1.188416e-04  +1.714458e-04  +2.800374e-04  +2.799110e-04  +2.352096e-04  +9.213780e-05  +7.718165e-05  +2.136975e-04  +6.332981e-05  +6.136567e-05  +5.115623e-05  +2.630156e-05  +2.166351e-04  +6.251809e-06  +1.990542e-16  +9.620487e-37  +2.865823e-62  +1.305076e-98  +8.253926e-146  +7.249752e-204  +8.843490e-273  +0.000000e+00  +0.000000e+00 
+8.988285e-261  +7.032847e-192  +7.642297e-134  +1.153351e-86  +2.417848e-50  +7.059741e-25  +2.975484e-10  +2.238583e-05  +4.080451e-05  +5.200919e-05  +1.513194e-04  +1.656723e-05  +2.294004e-04  +2.857125e-04  +6.605172e-05  +4.459424e-05  +1.117648e-04  +1.034505e-04  +1.208387e-04  +2.870562e-04  +9.839800e-05  +1.886479e-04  +1.831644e-06  +2.288656e-10  +5.403631e-25  +1.771880e-50  +8.069025e-87  +5.103236e-134  +4.482376e-192  +5.467752e-261  +0.000000e+00  +0.000000e+00 
+5.678797e-260  +4.443352e-191  +4.828417e-133  +7.287194e-86  +1.528578e-49  +4.505438e-24  +2.232577e-09  +9.393885e-05  +4.052707e-05  +1.068023e-04  +2.727554e-04  +2.550829e-04  +1.725678e-04  +1.845274e-04  +8.991001e-05  +6.105020e-05  +7.504612e-05  +3.442842e-05  +1.503489e-04  +2.459689e-06  +1.015784e-04  +5.047913e-05  +6.229430e-05  +1.965774e-09  +4.639901e-24  +1.521449e-49  +6.928578e-86  +4.381963e-133  +3.848853e-191  +4.694959e-260  +0.000000e+00  +0.000000e+00 
+4.992036e-270  +4.205476e-201  +1.838629e-142  +9.129953e-94  +8.068592e-56  +9.969531e-29  +1.711033e-12  +4.091309e-07  +1.347443e-05  +9.594205e-05  +1.946317e-04  +1.791482e-04  +1.642809e-04  +1.966304e-04  +2.702749e-05  +8.963675e-05  +1.555730e-04  +1.569093e-04  +1.037113e-04  +1.821925e-04  +7.062775e-05  +1.313230e-07  +2.716954e-08  +3.660601e-16  +6.217191e-34  +1.814357e-59  +8.262379e-96  +5.225523e-143  +4.589785e-201  +5.598773e-270  +0.000000e+00  +0.000000e+00 
+1.427835e-285  +4.743207e-215  +2.188294e-155  +1.402095e-106  +1.247633e-68  +1.541823e-41  +2.646183e-25  +1.013236e-19  +1.344753e-13  +7.810072e-08  +9.335750e-05  +1.097948e-04  +4.377802e-05  +9.331422e-05  +1.520036e-04  +2.323994e-04  +6.851952e-05  +1.731926e-04  +7.113343e-06  +1.373963e-05  +2.065998e-05  +4.637097e-05  +4.574556e-09  +7.317997e-24  +7.979413e-49  +1.667175e-78  +1.374276e-116  +8.654238e-164  +7.601359e-222  +9.272392e-291  +0.000000e+00  +0.000000e+00 
+3.066731e-309  +1.018759e-238  +4.700078e-179  +3.011457e-130  +2.679701e-92  +3.311569e-65  +5.683545e-49  +3.101685e-41  +1.912188e-29  +4.116125e-15  +2.526244e-07  +2.408498e-04  +7.470558e-05  +1.020897e-04  +2.108277e-04  +3.019147e-04  +7.418520e-05  +2.456646e-04  +1.860516e-04  +2.365311e-05  +2.790674e-09  +1.722307e-04  +1.274065e-07  +3.540876e-21  +1.370901e-45  +7.384545e-81  +5.535603e-127  +5.776235e-184  +8.567346e-252  +2.124482e-322  +0.000000e+00  +0.000000e+00 
+0.000000e+00  +3.038847e-273  +1.401982e-213  +8.982849e-165  +7.993255e-127  +9.878050e-100  +1.695372e-83  +3.591773e-71  +3.776040e-47  +2.008949e-28  +1.248414e-13  +1.065591e-08  +1.025505e-04  +8.452070e-05  +5.519162e-05  +5.437318e-05  +1.950293e-04  +1.730815e-04  +3.502005e-05  +1.099560e-05  +9.478343e-05  +6.035588e-05  +1.598563e-07  +6.971483e-21  +4.230070e-45  +3.569339e-80  +4.186891e-126  +6.825673e-183  +1.546199e-250  +0.000000e+00  +0.000000e+00  +0.000000e+00 
+0.000000e+00  +1.258879e-318  +5.807882e-259  +3.721255e-210  +3.311304e-172  +4.092103e-145  +7.074233e-129  +6.681519e-101  +1.095887e-70  +2.782232e-44  +1.799211e-28  +2.225249e-13  +4.006606e-08  +9.471308e-05  +1.702218e-04  +1.090081e-04  +1.341158e-04  +8.447487e-05  +9.380103e-05  +1.113406e-04  +5.334136e-05  +2.264232e-06  +1.474521e-13  +3.708689e-27  +2.261520e-51  +1.915238e-86  +2.252594e-132  +3.679435e-189  +8.346748e-257  +0.000000e+00  +0.000000e+00  +0.000000e+00 
+0.000000e+00  +0.000000e+00  +3.341420e-315  +2.140931e-266  +1.905076e-228  +2.354289e-201  +2.280303e-176  +4.299879e-134  +1.216235e-96  +6.479446e-70  +1.121335e-43  +1.187671e-27  +3.307911e-18  +2.931181e-12  +4.789877e-07  +5.741252e-05  +8.487690e-05  +5.150104e-09  +3.312802e-07  +2.365709e-08  +8.491709e-12  +1.532694e-16  +1.540000e-25  +1.157074e-43  +1.702030e-68  +1.441357e-103  +1.695243e-149  +2.769046e-206  +6.281542e-274  +0.000000e+00  +0.000000e+00  +0.000000e+00 
+0.000000e+00  +0.000000e+00  +0.000000e+00  +0.000000e+00  +1.522171e-295  +1.881112e-268  +4.826313e-219  +1.026812e-170  +5.030057e-133  +1.089853e-95  +8.311699e-69  +1.133567e-52  +1.612506e-36  +1.811986e-25  +2.527572e-11  +5.217619e-08  +2.759336e-09  +1.157892e-18  +5.689354e-20  +1.216639e-22  +2.282049e-26  +4.775636e-37  +9.707910e-48  +2.950250e-66  +2.538524e-95  +1.506726e-131  +1.771817e-177  +2.894123e-234  +6.565278e-302  +0.000000e+00  +0.000000e+00  +0.000000e+00 
+0.000000e+00  +0.000000e+00  +0.000000e+00  +0.000000e+00  +0.000000e+00  +0.000000e+00  +1.672187e-266  +8.738030e-218  +2.043038e-169  +1.121916e-131  +8.556264e-105  +1.716314e-82  +3.029849e-64  +2.943629e-39  +4.120721e-25  +8.397093e-22  +3.496161e-23  +4.413361e-34  +1.357304e-43  +8.726886e-48  +1.634419e-51  +5.192055e-66  +1.797371e-79  +1.403329e-99  +1.101403e-128  +1.246079e-168  +2.573728e-216  +4.200895e-273  +0.000000e+00  +0.000000e+00  +0.000000e+00  +0.000000e+00 
+0.000000e+00  +0.000000e+00  +0.000000e+00  +0.000000e+00  +0.000000e+00  +0.000000e+00  +4.940656e-324  +7.386876e-265  +2.920833e-216  +1.603950e-178  +3.645769e-150  +1.628090e-122  +6.612180e-89  +6.664949e-64  +9.330114e-50  +1.881973e-46  +6.167865e-48  +7.761991e-59  +4.510679e-78  +9.068488e-84  +1.626010e-87  +4.235297e-102  +9.522495e-122  +2.349734e-143  +7.139770e-173  +7.932472e-213  +1.229686e-263  +8.399116e-323  +0.000000e+00  +0.000000e+00  +0.000000e+00  +0.000000e+00 
