+0.000000e+00  +0.000000e+00  +0.000000e+00  +0.000000e+00  +0.000000e+00  +0.000000e+00  +0.000000e+00  +0.000000e+00  +0.000000e+00  +0.000000e+00  +0.000000e+00  +0.000000e+00  +0.000000e+00  +5.434722e-323  +3.329077e-266  +2.936056e-220  +3.596191e-185  +6.117291e-161  +1.445152e-147  +4.741391e-145  +2.160409e-153  +1.367113e-172  +1.201463e-202  +1.466407e-243  +2.485631e-295  +0.000000e+00  +0.000000e+00  +0.000000e+00  +0.000000e+00  +0.000000e+00  +0.000000e+00  +0.000000e+00 
+0.000000e+00  +0.000000e+00  +0.000000e+00  +0.000000e+00  +0.000000e+00  +0.000000e+00  +0.000000e+00  +0.000000e+00  +0.000000e+00  +0.000000e+00  +0.000000e+00  +0.000000e+00  +0.000000e+00  +1.081536e-272  +1.744374e-216  +1.535933e-170  +1.881267e-135  +3.200124e-111  +7.559989e-98  +2.480353e-95  +1.130170e-103  +7.151744e-123  +6.285185e-153  +7.671180e-194  +1.300302e-245  +3.061007e-308  +0.000000e+00  +0.000000e+00  +0.000000e+00  +0.000000e+00  +0.000000e+00  +0.000000e+00 
+0.000000e+00  +0.000000e+00  +0.000000e+00  +0.000000e+00  +0.000000e+00  +0.000000e+00  +0.000000e+00  +0.000000e+00  +0.000000e+00  +0.000000e+00  +0.000000e+00  +0.000000e+00  +3.241843e-294  +8.218345e-230  +3.019826e-176  +1.130027e-131  +1.366782e-96  +2.324944e-72  +5.492459e-59  +1.802018e-56  +8.210874e-65  +5.195862e-84  +4.566292e-114  +5.573241e-155  +9.446912e-207  +2.223873e-269  +0.000000e+00  +0.000000e+00  +0.000000e+00  +0.000000e+00  +0.000000e+00  +0.000000e+00 
+0.000000e+00  +0.000000e+00  +0.000000e+00  +6.956390e-299  +9.513391e-278  +1.806861e-267  +2.676576e-264  +5.201385e-261  +1.404279e-268  +2.890763e-278  +1.974465e-293  +1.875078e-319  +4.583215e-262  +1.161855e-197  +4.090470e-144  +2.011257e-101  +1.514857e-68  +2.345956e-44  +5.541795e-31  +1.818204e-28  +8.284627e-37  +5.242533e-56  +4.607309e-86  +5.623302e-127  +9.763931e-179  +7.036236e-229  +1.014649e-259  +3.900729e-280  +3.877527e-305  +0.000000e+00  +0.000000e+00  +0.000000e+00 
+0.000000e+00  +9.230059e-304  +6.544553e-261  +6.444563e-229  +8.813428e-208  +1.673918e-197  +3.860815e-195  +7.482527e-192  +2.020791e-199  +3.192259e-207  +2.175920e-222  +2.065916e-248  +8.998838e-241  +2.281226e-176  +8.031341e-123  +3.926865e-80  +2.668432e-48  +5.801772e-27  +7.768838e-14  +2.547794e-11  +1.160899e-19  +7.346199e-39  +6.456079e-69  +7.362400e-104  +1.606673e-141  +5.132645e-172  +1.998572e-196  +9.883892e-211  +9.825102e-236  +1.356388e-271  +2.600574e-318  +0.000000e+00 
+2.326026e-298  +1.187550e-244  +8.420298e-202  +8.291649e-170  +1.133946e-148  +2.153683e-138  +7.903173e-137  +1.494912e-133  +4.137459e-141  +4.913902e-147  +3.335910e-162  +1.302705e-185  +2.942949e-197  +6.220459e-166  +2.189990e-112  +1.070779e-69  +7.271026e-38  +6.857563e-17  +1.049174e-06  +4.974533e-05  +2.259208e-13  +1.866088e-32  +4.503335e-49  +7.076071e-76  +5.008027e-106  +1.508825e-120  +4.863416e-138  +3.478149e-152  +3.457460e-177  +4.773140e-213  +9.155375e-260  +1.028395e-312 
+4.313377e-250  +2.121972e-196  +1.504572e-153  +1.481584e-121  +2.026179e-100  +3.848284e-90  +2.700110e-89  +4.147829e-86  +3.341788e-93  +1.058098e-97  +7.126867e-113  +1.131588e-128  +2.698539e-140  +8.948459e-163  +8.293433e-113  +4.055011e-70  +2.753517e-38  +2.596705e-17  +3.606435e-07  +8.415343e-05  +9.062409e-10  +5.329857e-16  +6.010871e-32  +9.589224e-59  +2.044567e-65  +6.471323e-80  +2.374852e-90  +1.699833e-104  +1.689722e-129  +2.332984e-165  +5.001867e-208  +1.305290e-257 
+6.417800e-209  +9.653834e-159  +3.734090e-116  +3.676628e-84  +5.028068e-63  +9.549719e-53  +3.025156e-52  +1.598334e-49  +6.992002e-55  +3.208355e-59  +4.452326e-74  +1.440131e-82  +3.436469e-94  +1.139247e-116  +3.826749e-118  +2.132996e-81  +8.812109e-49  +2.259209e-23  +9.629052e-09  +6.140141e-05  +1.643989e-04  +1.226350e-09  +4.086541e-23  +5.343684e-32  +1.159248e-35  +5.998851e-47  +1.611879e-53  +1.153725e-67  +1.146897e-92  +4.693093e-125  +8.816342e-164  +2.300923e-213 
+4.555082e-177  +2.488494e-127  +2.492039e-88  +1.270218e-57  +1.732857e-36  +3.291183e-26  +1.329779e-25  +8.557294e-24  +3.170005e-27  +1.386429e-31  +2.748044e-42  +2.546399e-47  +6.077628e-59  +2.014835e-81  +3.231978e-88  +8.786899e-59  +3.317729e-40  +1.582603e-26  +7.679527e-12  +4.238490e-05  +8.777394e-05  +2.488994e-06  +1.438983e-13  +4.207807e-13  +9.333162e-17  +1.946070e-23  +1.519392e-27  +1.087526e-41  +8.498859e-64  +1.148539e-91  +2.158348e-130  +5.632942e-180 
+7.461418e-148  +3.599463e-103  +1.886154e-67  +2.463050e-39  +8.744381e-21  +1.575271e-10  +1.230002e-09  +6.514503e-09  +2.169473e-10  +9.147197e-15  +3.292884e-20  +6.253876e-23  +1.492773e-34  +4.948791e-57  +2.052724e-68  +1.030659e-39  +3.891669e-21  +2.041198e-13  +1.231759e-11  +5.936846e-07  +9.594692e-05  +2.965872e-05  +9.444168e-12  +4.810237e-05  +1.411816e-06  +5.279685e-09  +1.989095e-12  +2.976196e-24  +2.885884e-41  +3.904961e-69  +7.338251e-108  +1.915165e-157 
+8.439446e-129  +4.069056e-84  +2.724654e-50  +2.561573e-27  +5.268147e-12  +2.479036e-05  +2.650901e-04  +1.660128e-04  +2.535152e-04  +1.056748e-05  +3.498618e-07  +2.133206e-09  +5.092037e-21  +1.688099e-43  +3.001042e-37  +1.197023e-30  +6.411684e-13  +3.584391e-05  +3.705700e-05  +1.023059e-04  +4.074006e-04  +1.827666e-04  +7.781645e-06  +3.362041e-05  +3.171986e-04  +1.633404e-04  +2.030705e-06  +1.398582e-12  +1.362661e-29  +1.843851e-57  +3.464999e-96  +9.043744e-146 
+1.325697e-120  +6.391814e-76  +4.279981e-42  +3.980132e-19  +5.144555e-07  +1.628178e-04  +2.834496e-04  +6.330376e-05  +2.588691e-04  +1.832205e-04  +1.018853e-04  +1.539432e-06  +3.419446e-17  +9.366218e-29  +7.473527e-17  +4.738134e-15  +3.739146e-08  +2.725793e-05  +1.911285e-04  +3.913940e-04  +1.198553e-04  +2.943107e-04  +2.528713e-04  +1.461041e-04  +2.626746e-04  +2.193128e-04  +3.650494e-05  +7.563049e-11  +1.303589e-26  +3.504000e-53  +1.316196e-90  +6.868316e-139 
+2.892097e-123  +1.394417e-78  +9.337063e-45  +8.682938e-22  +1.221943e-09  +8.987486e-05  +1.735754e-04  +1.453943e-04  +2.724852e-04  +1.908670e-04  +1.544754e-04  +8.091796e-05  +1.159163e-11  +2.085418e-14  +2.585133e-07  +1.693410e-05  +9.358480e-05  +1.326196e-04  +1.050411e-04  +2.965085e-04  +1.903473e-04  +3.395163e-04  +4.113329e-04  +1.715609e-04  +2.707081e-04  +1.161086e-04  +1.357242e-04  +1.826302e-09  +3.471101e-25  +9.162511e-52  +3.359034e-89  +1.710281e-137 
+8.762322e-137  +4.224730e-92  +2.829074e-58  +1.092411e-34  +5.330638e-18  +2.582022e-07  +1.176582e-04  +2.351123e-04  +1.752554e-04  +5.323136e-04  +7.364499e-05  +8.018189e-05  +2.858594e-06  +1.365285e-05  +3.106540e-05  +3.759332e-05  +1.286546e-04  +5.518691e-05  +2.810854e-04  +3.194882e-04  +3.992076e-04  +3.293742e-04  +1.040130e-04  +1.180436e-04  +6.990678e-05  +7.352948e-06  +7.805044e-10  +1.051863e-14  +1.996530e-30  +5.262964e-57  +1.926739e-94  +9.796100e-143 
+3.686919e-161  +1.781623e-116  +1.417428e-80  +1.131392e-46  +2.086556e-22  +5.386903e-09  +2.019043e-04  +5.771453e-04  +1.507069e-04  +3.832069e-04  +2.080906e-04  +5.297515e-04  +2.218698e-04  +1.812088e-04  +1.814431e-04  +1.743246e-04  +2.791411e-04  +1.549612e-04  +1.983255e-04  +2.186025e-04  +1.020322e-04  +5.836451e-04  +2.828389e-04  +1.553241e-04  +2.342756e-04  +1.620810e-04  +5.721984e-07  +1.555326e-19  +5.921553e-43  +4.434001e-73  +1.623146e-110  +8.252547e-159 
+9.305006e-196  +4.908856e-139  +4.797104e-93  +2.907626e-57  +3.390402e-29  +7.074784e-12  +2.143753e-05  +2.869050e-04  +3.581757e-04  +3.997402e-04  +2.531472e-04  +2.793217e-04  +1.710337e-04  +1.377101e-04  +1.881903e-04  +1.919180e-04  +4.273998e-04  +3.942636e-04  +1.283030e-04  +2.640940e-04  +3.297101e-04  +1.932495e-04  +3.856737e-04  +5.906190e-05  +1.737886e-04  +9.190364e-05  +1.390566e-11  +1.149366e-25  +4.371067e-49  +2.310593e-83  +1.696281e-128  +1.826010e-184 
+1.659630e-216  +9.098512e-156  +7.284275e-106  +8.223705e-67  +2.985288e-38  +5.540347e-18  +2.574871e-08  +4.886499e-05  +1.688957e-04  +4.673405e-04  +4.757876e-04  +3.707167e-04  +3.307585e-04  +4.282112e-04  +3.311051e-04  +4.607161e-04  +2.428637e-04  +2.300611e-04  +1.518892e-04  +1.965564e-04  +1.386328e-04  +6.293856e-05  +1.800155e-04  +2.586898e-06  +5.195212e-10  +3.579140e-11  +1.664934e-19  +2.210408e-37  +1.661937e-65  +2.369484e-100  +1.739445e-145  +1.773466e-201 
+2.492158e-208  +2.200718e-147  +2.698928e-97  +4.596804e-58  +1.087324e-29  +3.573615e-12  +2.418350e-05  +1.767415e-04  +2.194032e-04  +1.801643e-04  +2.380022e-04  +2.242194e-04  +2.977150e-04  +2.745477e-04  +2.675027e-04  +5.193158e-04  +3.271684e-04  +2.679130e-04  +2.021953e-04  +8.630899e-05  +1.176775e-04  +8.374463e-05  +7.364778e-05  +5.729405e-06  +1.160837e-14  +3.811891e-28  +1.213203e-36  +6.545731e-56  +7.115014e-85  +5.297674e-124  +3.050723e-173  +2.525662e-229 
+1.715783e-209  +1.515134e-148  +1.858138e-98  +3.164774e-59  +7.485926e-31  +2.461260e-13  +1.011734e-05  +4.747670e-05  +5.326850e-05  +1.904289e-04  +1.705383e-04  +3.249935e-04  +2.307811e-04  +4.776422e-04  +3.609457e-04  +1.773710e-04  +1.549372e-04  +1.203244e-04  +2.024531e-04  +2.572666e-04  +1.767293e-04  +8.443736e-05  +3.065652e-06  +5.289497e-05  +1.553713e-10  +6.484494e-27  +3.759374e-54  +7.942931e-84  +5.386369e-114  +4.526842e-154  +4.460760e-204  +6.708364e-265 
+1.640540e-221  +1.448691e-160  +1.776653e-110  +3.027516e-71  +3.525426e-42  +7.322451e-21  +4.852445e-09  +1.098406e-04  +7.393679e-06  +2.734716e-04  +1.107772e-04  +1.690360e-04  +3.557987e-04  +1.322879e-04  +5.234028e-05  +2.884811e-05  +4.546631e-05  +1.281720e-04  +6.041039e-05  +2.216181e-04  +1.499184e-04  +1.963472e-04  +1.214495e-04  +1.395982e-04  +7.620335e-10  +6.726772e-26  +8.250157e-53  +1.405388e-90  +3.324968e-139  +8.976203e-194  +5.815827e-245  +7.249440e-306 
+2.178460e-244  +1.924283e-183  +7.869813e-133  +7.304089e-90  +1.529995e-57  +5.123949e-33  +1.808002e-17  +5.676931e-09  +1.476700e-09  +5.523374e-07  +1.959319e-07  +6.955569e-07  +1.677842e-04  +3.514799e-04  +2.748327e-04  +6.212603e-05  +7.749821e-05  +1.691250e-04  +3.059002e-04  +7.906739e-05  +4.202536e-05  +2.696839e-04  +1.587833e-04  +5.195559e-05  +1.117823e-12  +3.720159e-31  +3.787561e-59  +6.205203e-97  +1.467926e-145  +4.823368e-205  +2.201074e-275  +0.000000e+00 
+9.601836e-278  +3.837349e-213  +3.665360e-159  +6.460599e-115  +1.429039e-78  +1.401959e-51  +3.524112e-32  +1.273451e-23  +2.264378e-22  +1.252408e-19  +1.143883e-20  +5.758862e-14  +3.685330e-06  +1.945197e-05  +5.489101e-07  +1.137264e-04  +2.705263e-06  +1.737987e-04  +2.026807e-04  +1.209987e-04  +3.600852e-04  +2.544434e-04  +2.799069e-05  +6.756632e-06  +1.745617e-15  +1.361800e-34  +5.635053e-64  +3.329571e-104  +2.732956e-155  +3.115445e-217  +4.945657e-290  +0.000000e+00 
+5.153020e-315  +3.900975e-250  +4.473062e-193  +7.729213e-146  +2.270985e-107  +4.220095e-77  +1.098037e-57  +3.967803e-49  +4.950616e-46  +4.117826e-43  +2.239175e-44  +2.957360e-24  +3.265055e-13  +5.020510e-13  +9.157618e-14  +2.206141e-06  +1.127557e-04  +5.300070e-05  +4.224188e-04  +1.896607e-04  +6.169495e-05  +3.200737e-04  +6.775148e-05  +1.976275e-07  +9.051144e-18  +2.627696e-38  +1.060485e-69  +5.943905e-112  +4.626907e-165  +5.018461e-229  +1.015811e-303  +0.000000e+00 
+0.000000e+00  +6.465075e-293  +8.107153e-235  +7.239094e-185  +9.746998e-144  +1.826114e-113  +4.751413e-94  +1.716942e-85  +1.503609e-80  +1.917821e-77  +4.753188e-64  +3.781342e-42  +4.177833e-31  +6.410553e-31  +5.382297e-26  +1.327995e-15  +2.061973e-09  +7.855131e-05  +1.822421e-04  +3.360209e-05  +6.200485e-05  +9.643908e-05  +5.735966e-05  +3.374391e-07  +3.952034e-20  +6.431278e-44  +1.453592e-78  +5.132474e-124  +4.459705e-178  +4.799650e-242  +7.205924e-317  +0.000000e+00 
+0.000000e+00  +0.000000e+00  +4.472075e-284  +4.342056e-232  +5.857530e-191  +1.097417e-160  +2.855397e-141  +1.031810e-132  +6.342508e-126  +1.257215e-122  +8.446511e-93  +6.719615e-71  +7.424196e-60  +1.139180e-59  +2.863834e-46  +2.584418e-33  +1.013754e-18  +1.914244e-07  +1.694237e-04  +1.698561e-06  +1.101819e-08  +1.184176e-06  +1.639042e-06  +1.820047e-11  +1.449000e-25  +2.318255e-49  +5.239222e-84  +1.644446e-129  +7.168202e-186  +4.339492e-253  +0.000000e+00  +0.000000e+00 
+0.000000e+00  +0.000000e+00  +0.000000e+00  +3.623907e-290  +4.888730e-249  +9.159106e-219  +2.383132e-199  +8.612226e-191  +3.715718e-182  +3.639021e-165  +2.084557e-132  +1.658368e-110  +1.832255e-99  +2.155707e-98  +1.139616e-73  +2.081958e-40  +5.283697e-18  +1.862291e-06  +8.661487e-05  +6.733676e-05  +8.183328e-13  +6.906247e-18  +2.333558e-18  +2.419609e-23  +3.491384e-39  +1.857307e-65  +2.624701e-100  +8.232138e-146  +3.588417e-202  +2.172359e-269  +0.000000e+00  +0.000000e+00 
+0.000000e+00  +0.000000e+00  +0.000000e+00  +0.000000e+00  +5.666508e-318  +1.061629e-287  +2.762279e-268  +1.003724e-259  +3.023362e-249  +1.247266e-215  +7.144767e-183  +5.684014e-161  +6.280007e-150  +1.457707e-121  +1.918051e-77  +3.505001e-44  +8.895173e-22  +3.756415e-10  +1.010890e-04  +1.452457e-05  +4.749428e-15  +2.176875e-35  +4.616787e-41  +4.787043e-46  +6.893391e-62  +1.378675e-88  +4.011277e-126  +5.870945e-173  +2.494867e-229  +1.510297e-296  +0.000000e+00  +0.000000e+00 
+0.000000e+00  +0.000000e+00  +0.000000e+00  +0.000000e+00  +0.000000e+00  +0.000000e+00  +0.000000e+00  +0.000000e+00  +1.439213e-320  +5.937057e-277  +3.400951e-244  +2.705624e-222  +3.597264e-191  +3.408194e-136  +4.484531e-92  +2.116489e-58  +8.319436e-31  +7.411108e-14  +9.196733e-08  +6.582706e-09  +2.151848e-18  +9.771491e-39  +6.162499e-70  +1.315311e-79  +1.894061e-95  +3.787892e-122  +1.052058e-159  +4.063585e-208  +4.582689e-267  +0.000000e+00  +0.000000e+00  +0.000000e+00 
+0.000000e+00  +0.000000e+00  +0.000000e+00  +0.000000e+00  +0.000000e+00  +0.000000e+00  +0.000000e+00  +0.000000e+00  +0.000000e+00  +0.000000e+00  +2.248281e-316  +1.712183e-282  +1.168131e-216  +1.863597e-160  +5.829633e-111  +2.692498e-72  +1.727061e-44  +1.538501e-27  +1.905142e-21  +4.145373e-23  +1.354353e-32  +6.150085e-53  +3.878539e-84  +5.053091e-124  +7.227585e-140  +1.445429e-166  +4.014561e-204  +1.548522e-252  +8.295675e-312  +0.000000e+00  +0.000000e+00  +0.000000e+00 
+0.000000e+00  +0.000000e+00  +0.000000e+00  +0.000000e+00  +0.000000e+00  +0.000000e+00  +0.000000e+00  +0.000000e+00  +0.000000e+00  +0.000000e+00  +0.000000e+00  +1.231714e-316  +2.110470e-245  +5.053795e-185  +1.680715e-135  +7.762620e-97  +4.979212e-69  +4.435584e-52  +5.489094e-46  +3.630016e-48  +1.183832e-57  +5.375754e-78  +3.390209e-109  +2.969282e-151  +3.830278e-195  +7.660088e-222  +2.127528e-259  +8.206436e-308  +0.000000e+00  +0.000000e+00  +0.000000e+00  +0.000000e+00 
+0.000000e+00  +0.000000e+00  +0.000000e+00  +0.000000e+00  +0.000000e+00  +0.000000e+00  +0.000000e+00  +0.000000e+00  +0.000000e+00  +0.000000e+00  +0.000000e+00  +0.000000e+00  +8.450261e-281  +2.023525e-220  +6.729532e-171  +3.108130e-132  +1.993662e-104  +1.775995e-87  +2.197388e-81  +4.432917e-84  +1.437098e-93  +6.525827e-114  +4.115500e-145  +3.604522e-187  +4.384405e-240  +5.637789e-288  +0.000000e+00  +0.000000e+00  +0.000000e+00  +0.000000e+00  +0.000000e+00  +0.000000e+00 
+0.000000e+00  +0.000000e+00  +0.000000e+00  +0.000000e+00  +0.000000e+00  +0.000000e+00  +0.000000e+00  +0.000000e+00  +0.000000e+00  +0.000000e+00  +0.000000e+00  +0.000000e+00  +0.000000e+00  +1.125220e-266  +3.742085e-217  +1.728335e-178  +1.108614e-150  +9.875759e-134  +1.221827e-127  +7.619775e-131  +2.422817e-140  +1.100195e-160  +6.938359e-192  +6.076896e-234  +7.391708e-287  +0.000000e+00  +0.000000e+00  +0.000000e+00  +0.000000e+00  +0.000000e+00  +0.000000e+00  +0.000000e+00 
