+0.000000e+00  +0.000000e+00  +0.000000e+00  +0.000000e+00  +0.000000e+00  +0.000000e+00  +0.000000e+00  +0.000000e+00  +0.000000e+00  +0.000000e+00  +2.159495e-301  +7.097555e-265  +3.239689e-239  +2.055350e-224  +4.945341e-213  +2.052530e-209  +1.183098e-216  +9.476705e-235  +2.689276e-251  +2.906511e-272  +4.362693e-304  +0.000000e+00  +0.000000e+00  +0.000000e+00  +0.000000e+00  +0.000000e+00  +0.000000e+00  +0.000000e+00  +0.000000e+00  +0.000000e+00  +0.000000e+00  +0.000000e+00 
+0.000000e+00  +0.000000e+00  +0.000000e+00  +0.000000e+00  +0.000000e+00  +6.012730e-319  +3.224050e-311  +2.400883e-314  +1.021125e-304  +9.551734e-286  +2.260479e-238  +7.429457e-202  +3.391186e-176  +2.149760e-161  +8.498712e-152  +3.527324e-148  +2.033184e-155  +2.974526e-173  +3.334023e-185  +3.603403e-206  +5.408733e-238  +1.127499e-280  +0.000000e+00  +0.000000e+00  +0.000000e+00  +0.000000e+00  +0.000000e+00  +0.000000e+00  +0.000000e+00  +0.000000e+00  +0.000000e+00  +0.000000e+00 
+0.000000e+00  +0.000000e+00  +0.000000e+00  +7.650679e-291  +2.126940e-261  +8.211993e-243  +4.403315e-235  +3.279057e-238  +2.666245e-230  +7.827236e-224  +3.286157e-186  +1.080049e-149  +4.929898e-124  +3.125148e-109  +2.028639e-101  +8.418586e-98  +4.852873e-105  +1.753731e-119  +5.740464e-130  +6.204284e-151  +9.312673e-183  +1.267503e-223  +7.727271e-257  +6.644226e-301  +0.000000e+00  +0.000000e+00  +0.000000e+00  +0.000000e+00  +0.000000e+00  +0.000000e+00  +0.000000e+00  +0.000000e+00 
+0.000000e+00  +5.029434e-317  +7.249341e-266  +1.451162e-225  +4.034328e-196  +1.557631e-177  +8.352100e-170  +6.219635e-173  +9.668502e-167  +2.838361e-160  +7.944293e-145  +2.180585e-108  +9.953187e-83  +6.309497e-68  +6.778774e-62  +2.790429e-58  +1.621370e-65  +1.880248e-75  +1.372663e-85  +1.483571e-106  +2.226865e-138  +6.154518e-166  +3.810433e-199  +3.276367e-243  +3.912450e-298  +0.000000e+00  +0.000000e+00  +0.000000e+00  +0.000000e+00  +0.000000e+00  +0.000000e+00  +0.000000e+00 
+0.000000e+00  +1.324869e-262  +1.909644e-211  +3.822696e-171  +1.062735e-141  +4.103159e-123  +2.200136e-115  +1.638395e-118  +4.869185e-114  +1.429436e-107  +4.484809e-107  +9.224467e-78  +2.790887e-52  +1.769118e-37  +4.652404e-33  +1.284533e-29  +1.565602e-36  +5.876063e-42  +4.558464e-52  +4.926780e-73  +9.454484e-97  +4.214831e-119  +2.609519e-152  +2.243772e-196  +2.679384e-251  +4.443540e-317  +0.000000e+00  +0.000000e+00  +0.000000e+00  +0.000000e+00  +0.000000e+00  +0.000000e+00 
+4.670070e-281  +4.846908e-219  +6.986252e-168  +1.398497e-127  +3.887916e-98  +1.501102e-79  +8.048990e-72  +5.993919e-75  +3.405581e-72  +9.997690e-66  +3.136767e-68  +5.379815e-53  +2.590665e-32  +6.889965e-18  +6.262813e-14  +8.222857e-12  +2.917072e-16  +2.701909e-19  +2.102380e-29  +3.028511e-49  +8.992116e-61  +4.008706e-83  +2.481902e-116  +2.134041e-160  +2.548350e-215  +4.226231e-281  +0.000000e+00  +0.000000e+00  +0.000000e+00  +0.000000e+00  +0.000000e+00  +0.000000e+00 
+2.372756e-248  +2.462604e-186  +3.549556e-135  +7.105446e-95  +1.975362e-65  +7.626758e-47  +4.089509e-39  +3.046017e-42  +3.308100e-41  +9.711194e-35  +2.224112e-38  +2.208935e-29  +2.707566e-18  +1.853371e-08  +3.283715e-05  +8.462015e-05  +7.337254e-06  +1.731154e-07  +1.346615e-17  +3.700152e-24  +1.187747e-35  +5.295004e-58  +3.278284e-91  +2.818804e-135  +3.366054e-190  +5.582326e-256  +7.547204e-318  +0.000000e+00  +0.000000e+00  +0.000000e+00  +0.000000e+00  +0.000000e+00 
+1.674252e-226  +1.737650e-164  +2.504619e-113  +5.013708e-73  +1.393845e-43  +5.381553e-25  +2.885619e-17  +2.294762e-20  +7.404403e-21  +1.310037e-14  +2.866326e-17  +2.872362e-12  +4.213247e-08  +9.894611e-05  +2.270246e-05  +4.372275e-05  +5.764411e-05  +2.360239e-06  +5.150979e-09  +6.787664e-10  +2.178833e-21  +9.713288e-44  +6.013767e-77  +5.170885e-121  +6.222057e-176  +1.247093e-215  +1.932593e-252  +4.159369e-300  +0.000000e+00  +0.000000e+00  +0.000000e+00  +0.000000e+00 
+1.640690e-215  +1.702817e-153  +2.454412e-102  +4.913204e-62  +1.365904e-32  +5.273675e-14  +2.828022e-06  +4.898682e-08  +1.139752e-07  +2.455067e-05  +1.794650e-06  +3.027100e-05  +1.284542e-04  +1.221358e-04  +1.592002e-04  +1.715012e-04  +4.242841e-04  +1.353741e-04  +1.606662e-04  +1.729551e-06  +5.550881e-18  +2.474596e-40  +1.532091e-73  +5.660722e-103  +2.351295e-134  +4.434896e-161  +6.872783e-198  +1.479176e-245  +4.421249e-304  +0.000000e+00  +0.000000e+00  +0.000000e+00 
+2.232905e-215  +2.317457e-153  +3.340343e-102  +6.686647e-62  +1.858933e-32  +7.177233e-14  +3.957271e-06  +4.869676e-05  +6.437068e-05  +1.394780e-05  +2.508357e-05  +1.910282e-04  +2.303615e-04  +4.350994e-04  +3.891374e-04  +2.120134e-04  +8.979814e-05  +6.566161e-05  +7.305169e-05  +1.080466e-07  +2.841537e-21  +1.426085e-35  +1.307111e-49  +3.248417e-70  +1.962921e-91  +2.190351e-117  +3.394399e-154  +7.305503e-202  +2.183611e-260  +0.000000e+00  +0.000000e+00  +0.000000e+00 
+4.220382e-226  +4.380192e-164  +6.313535e-113  +1.263834e-72  +3.513543e-43  +1.356608e-24  +7.319189e-16  +1.084062e-11  +3.393508e-08  +4.211346e-07  +6.437971e-06  +9.806196e-05  +3.562325e-04  +1.268716e-05  +3.849880e-04  +2.154754e-04  +2.524017e-04  +3.061690e-04  +2.611766e-04  +8.550816e-06  +9.222712e-10  +5.821496e-18  +1.041715e-27  +1.695301e-43  +1.346389e-58  +1.502387e-84  +2.328258e-121  +5.010930e-169  +1.497764e-227  +6.217368e-297  +0.000000e+00  +0.000000e+00 
+1.107825e-247  +1.149775e-185  +1.657266e-134  +3.317489e-94  +9.222843e-65  +3.602819e-46  +5.552769e-35  +2.096489e-28  +3.531484e-11  +1.160750e-04  +4.003762e-05  +2.259584e-04  +2.583495e-04  +2.501874e-04  +3.328450e-04  +5.110954e-04  +5.868883e-04  +2.082291e-04  +2.129672e-04  +9.303645e-05  +1.600932e-06  +6.447270e-07  +5.020246e-15  +1.596311e-21  +1.282557e-36  +1.431160e-62  +2.217876e-99  +4.773363e-147  +1.426756e-205  +5.922607e-275  +0.000000e+00  +0.000000e+00 
+4.038581e-280  +4.191507e-218  +6.041567e-167  +1.209392e-126  +3.362242e-97  +6.198112e-78  +9.186571e-63  +1.506939e-34  +3.462470e-17  +3.181730e-09  +2.316875e-05  +2.212374e-04  +1.026367e-04  +1.867561e-04  +1.103358e-04  +2.501077e-04  +4.277291e-04  +7.168968e-05  +3.582028e-04  +2.218535e-04  +8.717418e-05  +2.069432e-05  +5.429477e-06  +2.111782e-10  +1.696769e-25  +1.893365e-51  +2.934160e-88  +8.292456e-136  +1.013692e-184  +7.235755e-244  +7.172983e-314  +0.000000e+00 
+1.976263e-323  +2.122099e-261  +3.058758e-210  +6.122974e-170  +1.710578e-140  +1.838116e-118  +1.240253e-79  +2.049756e-51  +2.635378e-30  +2.644667e-12  +4.005234e-05  +2.205753e-04  +1.842193e-04  +1.399151e-04  +4.442776e-05  +2.916644e-04  +2.256563e-04  +3.835681e-04  +2.219486e-04  +2.096327e-04  +1.152263e-04  +1.010361e-04  +9.463246e-05  +6.415861e-09  +6.910731e-24  +2.961584e-45  +2.099000e-72  +7.767034e-110  +3.992034e-158  +2.849523e-217  +2.824803e-287  +0.000000e+00 
+0.000000e+00  +1.492104e-315  +2.150693e-264  +4.305252e-224  +3.101697e-194  +1.968803e-146  +2.714414e-101  +1.411235e-61  +1.020101e-32  +1.101511e-14  +9.002179e-07  +4.260684e-08  +1.142665e-06  +2.884336e-04  +2.701572e-04  +4.793001e-07  +1.169035e-04  +5.463145e-04  +1.428905e-04  +1.814666e-04  +1.238154e-04  +1.268374e-04  +1.962480e-06  +4.697166e-06  +2.470290e-14  +4.313528e-30  +1.147871e-56  +4.247964e-94  +2.183336e-142  +1.558470e-201  +1.544950e-271  +0.000000e+00 
+0.000000e+00  +0.000000e+00  +9.075785e-309  +9.302171e-243  +1.389491e-181  +2.824139e-130  +7.972326e-90  +3.125630e-60  +4.489717e-41  +4.936693e-25  +4.909588e-12  +1.360780e-05  +2.665727e-04  +6.885550e-05  +1.843162e-04  +8.128028e-05  +1.890656e-04  +2.865522e-04  +3.853654e-04  +3.620125e-04  +1.635232e-04  +4.639874e-06  +1.348561e-04  +2.981913e-04  +1.739826e-09  +3.273321e-25  +8.718618e-52  +3.226598e-89  +1.658383e-137  +1.183758e-196  +1.173488e-266  +0.000000e+00 
+0.000000e+00  +0.000000e+00  +2.295085e-275  +2.112209e-209  +2.699684e-154  +5.814091e-110  +2.858626e-70  +1.115481e-40  +6.059176e-22  +3.009782e-12  +1.793666e-06  +1.668762e-04  +5.128681e-04  +1.274040e-04  +3.692400e-04  +4.646973e-04  +4.573361e-04  +2.662285e-04  +4.182412e-04  +3.246008e-04  +2.569663e-04  +1.886324e-05  +1.928552e-05  +1.138602e-04  +4.936040e-11  +3.032738e-28  +2.673969e-56  +6.460064e-95  +1.799638e-143  +1.249867e-202  +1.237923e-272  +0.000000e+00 
+0.000000e+00  +0.000000e+00  +8.060300e-253  +7.418042e-187  +9.481244e-132  +1.682981e-87  +4.148884e-54  +2.319128e-31  +3.956640e-13  +2.630872e-05  +1.175661e-04  +1.587714e-04  +6.777517e-04  +4.495233e-04  +4.281808e-04  +3.585438e-04  +4.599172e-04  +5.561997e-04  +2.440516e-04  +4.670881e-04  +3.172200e-04  +1.248284e-04  +5.029981e-05  +8.348989e-08  +1.276732e-15  +7.835639e-33  +6.678673e-61  +7.905764e-100  +1.348855e-149  +1.085125e-197  +3.325261e-255  +1.482197e-323 
+0.000000e+00  +5.405319e-317  +5.348611e-241  +3.676067e-175  +4.627709e-120  +8.208927e-76  +2.023623e-42  +6.928354e-20  +3.297083e-08  +2.623789e-05  +2.175564e-04  +1.645695e-04  +4.950108e-04  +4.748891e-04  +3.761919e-04  +8.685604e-04  +3.811733e-04  +6.171487e-04  +2.305743e-04  +3.551267e-04  +2.108146e-04  +1.578906e-04  +1.877757e-05  +4.800107e-09  +2.173896e-22  +3.613164e-43  +2.975184e-57  +3.403657e-82  +5.407738e-118  +1.193228e-164  +3.656531e-222  +1.556156e-290 
+0.000000e+00  +5.585707e-307  +1.645115e-231  +6.729031e-167  +3.822496e-113  +3.015709e-70  +3.306622e-38  +5.176345e-17  +2.505395e-06  +1.104133e-04  +2.033752e-04  +1.587520e-04  +6.441605e-04  +3.685031e-04  +2.364469e-04  +7.983619e-04  +1.702219e-04  +5.587046e-04  +3.015727e-04  +3.691647e-04  +2.912287e-04  +4.821387e-05  +1.336416e-09  +5.825969e-19  +9.299196e-18  +5.515710e-21  +4.543551e-35  +5.197893e-60  +8.258424e-96  +1.822238e-142  +5.584069e-200  +2.376482e-268 
+0.000000e+00  +9.004568e-308  +2.652046e-232  +1.084769e-167  +6.162136e-114  +4.861422e-71  +5.326394e-39  +8.104836e-18  +1.818471e-07  +2.692763e-04  +2.809502e-06  +1.642090e-04  +2.385594e-04  +4.609074e-04  +2.704051e-04  +4.379007e-04  +2.982476e-04  +3.741311e-04  +1.495750e-04  +4.080581e-04  +4.683202e-05  +7.552756e-05  +2.432290e-05  +4.681217e-09  +1.972268e-06  +1.169825e-09  +9.636401e-24  +1.102419e-48  +1.751526e-84  +3.864777e-131  +1.184323e-188  +5.040272e-257 
+0.000000e+00  +2.015985e-319  +5.937501e-244  +2.428622e-179  +1.379602e-125  +1.088394e-82  +1.194186e-50  +5.454097e-27  +2.426430e-11  +2.663903e-06  +3.663782e-05  +8.097082e-05  +1.350773e-05  +2.447760e-04  +1.778137e-04  +3.996689e-04  +2.693983e-04  +3.112486e-04  +2.128624e-04  +5.923971e-05  +2.182672e-05  +6.081323e-06  +2.853110e-05  +1.294152e-04  +4.447159e-05  +3.445836e-09  +2.838391e-23  +3.247164e-48  +5.159102e-84  +1.138366e-130  +3.488411e-188  +1.484607e-256 
+0.000000e+00  +0.000000e+00  +1.846139e-266  +7.551278e-202  +4.295185e-148  +9.378571e-103  +2.163039e-65  +6.953443e-39  +3.108036e-23  +1.677027e-14  +7.045963e-10  +6.806593e-09  +5.374779e-07  +6.782169e-05  +1.052052e-04  +2.228354e-05  +7.418140e-05  +1.652584e-05  +1.192373e-08  +2.034711e-13  +7.431923e-14  +1.825916e-13  +3.296496e-11  +2.193783e-10  +4.680273e-09  +1.578739e-17  +1.161821e-33  +1.328310e-58  +2.110423e-94  +4.656690e-141  +1.426997e-198  +6.073049e-267 
+0.000000e+00  +0.000000e+00  +7.981530e-300  +8.337035e-233  +9.966241e-174  +1.661082e-125  +3.844932e-88  +1.236019e-61  +7.917849e-45  +3.458613e-33  +4.074212e-25  +1.812383e-23  +3.691122e-14  +8.302283e-08  +2.291298e-06  +2.785676e-06  +1.577398e-06  +1.385618e-12  +6.522997e-19  +3.473960e-32  +3.829814e-33  +2.243465e-31  +8.750562e-28  +3.698767e-26  +7.868749e-24  +2.630572e-32  +1.221989e-51  +7.625031e-80  +1.198955e-115  +2.645517e-162  +8.106930e-220  +3.450167e-288 
+0.000000e+00  +0.000000e+00  +0.000000e+00  +2.050085e-266  +2.460332e-207  +4.100656e-159  +9.491852e-122  +3.113722e-95  +2.055276e-74  +5.938627e-61  +5.575582e-51  +1.300245e-44  +7.521208e-31  +1.013892e-19  +8.162188e-18  +4.288856e-17  +2.181774e-18  +1.915303e-24  +5.395379e-40  +1.664234e-53  +2.764262e-63  +3.834100e-60  +3.295332e-55  +7.645437e-52  +1.837292e-49  +6.142184e-58  +2.851710e-77  +1.838823e-107  +1.110621e-147  +2.087288e-194  +6.396283e-252  +2.722302e-320 
+0.000000e+00  +0.000000e+00  +0.000000e+00  +7.028655e-311  +8.435171e-252  +1.405897e-203  +3.254354e-166  +2.428868e-137  +7.966240e-115  +5.294099e-98  +2.040657e-87  +1.790280e-73  +1.317208e-53  +2.402144e-42  +4.918019e-40  +1.200596e-38  +4.191360e-41  +3.679786e-47  +4.487558e-64  +1.828665e-85  +2.773108e-104  +9.102842e-100  +1.725141e-93  +2.475094e-88  +5.957840e-86  +1.991743e-94  +9.247320e-114  +5.962610e-144  +5.339439e-185  +8.927484e-237  +7.008806e-295  +0.000000e+00 
+0.000000e+00  +0.000000e+00  +0.000000e+00  +0.000000e+00  +4.016355e-307  +6.694094e-259  +2.098359e-221  +1.301485e-188  +6.916821e-166  +6.726291e-146  +1.394578e-134  +3.424631e-109  +4.521406e-87  +8.304496e-76  +6.995105e-73  +4.733366e-71  +1.118288e-74  +9.818508e-81  +1.197383e-97  +2.030747e-125  +1.250858e-152  +3.017640e-150  +1.254318e-142  +1.114630e-135  +2.683103e-133  +8.969782e-142  +4.164515e-161  +2.685251e-191  +2.404602e-232  +2.990472e-284  +0.000000e+00  +0.000000e+00 
+0.000000e+00  +0.000000e+00  +0.000000e+00  +0.000000e+00  +0.000000e+00  +0.000000e+00  +4.103206e-284  +9.727201e-251  +4.589983e-225  +1.254155e-204  +2.177908e-186  +1.652394e-153  +2.187504e-131  +4.022637e-120  +2.650875e-116  +2.593347e-114  +4.144141e-119  +3.638366e-125  +4.437046e-142  +7.514835e-170  +2.667820e-206  +1.552855e-211  +1.266610e-202  +6.971355e-194  +1.678123e-191  +5.610071e-200  +2.604659e-219  +1.679466e-249  +1.503937e-290  +0.000000e+00  +0.000000e+00  +0.000000e+00 
+0.000000e+00  +0.000000e+00  +0.000000e+00  +0.000000e+00  +0.000000e+00  +0.000000e+00  +0.000000e+00  +9.881313e-324  +1.110694e-294  +4.183652e-274  +1.166943e-241  +1.112684e-208  +1.473508e-186  +2.710335e-175  +1.860103e-170  +1.973341e-168  +2.135418e-174  +1.872428e-180  +2.283457e-197  +3.867393e-225  +9.096658e-264  +3.390499e-283  +1.779681e-273  +6.055383e-263  +1.457633e-260  +4.872959e-269  +2.262431e-288  +1.458798e-318  +0.000000e+00  +0.000000e+00  +0.000000e+00  +0.000000e+00 
+0.000000e+00  +0.000000e+00  +0.000000e+00  +0.000000e+00  +0.000000e+00  +0.000000e+00  +0.000000e+00  +0.000000e+00  +0.000000e+00  +0.000000e+00  +1.091975e-307  +1.041302e-274  +1.379057e-252  +2.536926e-241  +1.936663e-235  +2.085365e-233  +1.555369e-240  +1.338265e-246  +1.632036e-263  +2.764109e-291  +0.000000e+00  +0.000000e+00  +0.000000e+00  +0.000000e+00  +0.000000e+00  +0.000000e+00  +0.000000e+00  +0.000000e+00  +0.000000e+00  +0.000000e+00  +0.000000e+00  +0.000000e+00 
+0.000000e+00  +0.000000e+00  +0.000000e+00  +0.000000e+00  +0.000000e+00  +0.000000e+00  +0.000000e+00  +0.000000e+00  +0.000000e+00  +0.000000e+00  +0.000000e+00  +0.000000e+00  +0.000000e+00  +3.298293e-318  +2.834848e-311  +3.060554e-309  +1.971936e-317  +1.482197e-323  +0.000000e+00  +0.000000e+00  +0.000000e+00  +0.000000e+00  +0.000000e+00  +0.000000e+00  +0.000000e+00  +0.000000e+00  +0.000000e+00  +0.000000e+00  +0.000000e+00  +0.000000e+00  +0.000000e+00  +0.000000e+00 
+0.000000e+00  +0.000000e+00  +0.000000e+00  +0.000000e+00  +0.000000e+00  +0.000000e+00  +0.000000e+00  +0.000000e+00  +0.000000e+00  +0.000000e+00  +0.000000e+00  +0.000000e+00  +0.000000e+00  +0.000000e+00  +0.000000e+00  +0.000000e+00  +0.000000e+00  +0.000000e+00  +0.000000e+00  +0.000000e+00  +0.000000e+00  +0.000000e+00  +0.000000e+00  +0.000000e+00  +0.000000e+00  +0.000000e+00  +0.000000e+00  +0.000000e+00  +0.000000e+00  +0.000000e+00  +0.000000e+00  +0.000000e+00 
