+0.000000e+00  +0.000000e+00  +0.000000e+00  +0.000000e+00  +0.000000e+00  +0.000000e+00  +0.000000e+00  +0.000000e+00  +1.794589e-308  +1.588945e-299  +5.512425e-284  +1.859154e-272  +8.708153e-272  +5.664670e-282  +5.117540e-303  +0.000000e+00  +0.000000e+00  +0.000000e+00  +0.000000e+00  +0.000000e+00  +0.000000e+00  +0.000000e+00  +0.000000e+00  +0.000000e+00  +0.000000e+00  +0.000000e+00  +0.000000e+00  +0.000000e+00  +0.000000e+00  +0.000000e+00  +0.000000e+00  +0.000000e+00 
+0.000000e+00  +0.000000e+00  +0.000000e+00  +0.000000e+00  +0.000000e+00  +1.661813e-317  +1.787576e-283  +9.309343e-254  +5.935055e-234  +5.254949e-225  +2.153204e-213  +7.262029e-202  +3.401486e-201  +2.212673e-211  +1.998959e-232  +2.508005e-264  +3.587420e-282  +2.410307e-287  +2.621727e-271  +3.960413e-266  +8.308670e-272  +2.420809e-288  +9.795518e-316  +0.000000e+00  +0.000000e+00  +0.000000e+00  +0.000000e+00  +0.000000e+00  +0.000000e+00  +0.000000e+00  +0.000000e+00  +0.000000e+00 
+0.000000e+00  +0.000000e+00  +0.000000e+00  +0.000000e+00  +1.432132e-290  +1.549958e-250  +1.478208e-216  +4.277751e-190  +2.725979e-170  +2.413606e-161  +1.168062e-153  +3.939477e-142  +1.845224e-141  +1.200322e-151  +1.084387e-172  +4.193844e-203  +3.888125e-211  +2.048156e-217  +2.227810e-201  +3.365357e-196  +7.060284e-202  +2.057080e-218  +8.323732e-246  +4.677599e-284  +0.000000e+00  +0.000000e+00  +0.000000e+00  +0.000000e+00  +0.000000e+00  +0.000000e+00  +0.000000e+00  +0.000000e+00 
+0.000000e+00  +0.000000e+00  +3.779225e-304  +9.876667e-260  +1.774034e-223  +2.037070e-194  +1.914626e-160  +5.263193e-137  +1.738835e-117  +1.539579e-108  +8.800052e-105  +2.967953e-93  +1.390169e-92  +9.043078e-103  +8.169639e-124  +6.078657e-143  +6.681054e-151  +2.417138e-158  +2.629098e-142  +3.971548e-137  +8.332029e-143  +2.427615e-159  +9.823057e-187  +5.520159e-225  +4.308185e-274  +0.000000e+00  +0.000000e+00  +0.000000e+00  +0.000000e+00  +0.000000e+00  +0.000000e+00  +0.000000e+00 
+0.000000e+00  +1.817944e-295  +1.268897e-243  +1.399893e-202  +3.052497e-167  +7.626953e-142  +3.444348e-115  +4.564086e-92  +1.540478e-75  +1.363879e-66  +9.375307e-67  +3.105371e-55  +1.454535e-54  +9.461778e-65  +8.547897e-86  +1.264630e-93  +6.880094e-101  +3.996713e-110  +4.308968e-94  +6.509181e-89  +1.365581e-94  +3.978747e-111  +1.609953e-138  +9.047282e-177  +7.060915e-226  +7.653177e-286  +0.000000e+00  +0.000000e+00  +0.000000e+00  +0.000000e+00  +0.000000e+00  +0.000000e+00 
+1.643237e-306  +8.502230e-246  +5.928784e-194  +5.747149e-153  +8.067969e-122  +1.820255e-96  +3.442543e-79  +1.139661e-57  +2.104773e-44  +1.677982e-35  +2.077219e-37  +4.512410e-28  +2.113579e-27  +1.374887e-37  +6.597988e-58  +3.653917e-55  +5.085836e-61  +4.037415e-72  +9.807940e-57  +1.481600e-51  +3.108292e-57  +9.056301e-74  +3.664526e-101  +2.059314e-139  +1.607184e-188  +1.741992e-248  +2.622204e-319  +0.000000e+00  +0.000000e+00  +0.000000e+00  +0.000000e+00  +0.000000e+00 
+3.404401e-255  +1.531254e-203  +3.952829e-155  +3.729295e-114  +5.022936e-84  +6.050252e-62  +2.115040e-47  +4.179380e-34  +7.305647e-22  +2.867080e-15  +3.526268e-17  +9.151029e-12  +4.265321e-11  +2.828691e-21  +2.135624e-30  +1.466326e-27  +6.245621e-32  +3.879331e-43  +3.100418e-30  +4.683530e-25  +9.825719e-31  +2.862815e-47  +1.158405e-74  +6.509762e-113  +5.080517e-162  +5.506666e-222  +1.094154e-275  +1.777082e-311  +0.000000e+00  +0.000000e+00  +0.000000e+00  +0.000000e+00 
+5.602282e-205  +5.569345e-162  +2.779226e-122  +6.024269e-86  +4.524462e-56  +8.737503e-37  +9.649441e-24  +2.004173e-16  +3.505053e-09  +6.892905e-06  +9.483394e-08  +4.152908e-05  +1.225557e-05  +3.846779e-10  +1.190208e-13  +8.194787e-11  +1.072064e-13  +6.655458e-25  +1.361133e-14  +2.056145e-09  +4.313649e-15  +1.256822e-31  +5.085583e-59  +2.857895e-97  +2.230453e-146  +1.006654e-185  +1.177257e-210  +1.912055e-246  +4.312879e-293  +0.000000e+00  +0.000000e+00  +0.000000e+00 
+1.280362e-165  +1.272672e-122  +1.759274e-90  +9.946193e-63  +1.351772e-37  +1.058949e-19  +8.925442e-11  +3.221221e-07  +3.796233e-05  +2.433098e-05  +7.612203e-05  +1.073316e-04  +4.146710e-05  +2.269968e-05  +1.600199e-07  +7.608768e-05  +2.556461e-06  +1.900245e-14  +2.370696e-08  +1.268576e-04  +2.834884e-10  +1.156485e-26  +1.342335e-53  +3.966849e-91  +1.786314e-117  +1.504219e-131  +1.759147e-156  +2.857137e-192  +6.445217e-239  +1.908447e-283  +2.246269e-319  +0.000000e+00 
+4.063857e-137  +4.039449e-94  +5.576268e-62  +1.084822e-40  +2.626789e-24  +1.216528e-10  +4.816855e-05  +2.635482e-04  +1.004250e-04  +3.690200e-05  +1.517979e-04  +3.056235e-04  +8.126438e-05  +1.540555e-04  +2.729198e-04  +3.147502e-04  +2.041577e-06  +1.953682e-05  +2.575190e-05  +1.688931e-05  +2.282783e-10  +4.348446e-26  +1.150381e-52  +6.113805e-71  +3.707034e-74  +3.121618e-88  +3.650655e-113  +5.931560e-149  +1.523936e-189  +2.729384e-217  +3.256964e-253  +5.397592e-300 
+1.791357e-119  +1.780597e-76  +2.458031e-44  +4.712451e-23  +1.453429e-12  +3.473253e-06  +4.236590e-05  +1.574965e-04  +2.076041e-04  +9.704127e-05  +4.799648e-04  +3.535676e-04  +6.077016e-05  +3.558416e-04  +3.026442e-04  +2.832849e-04  +6.976048e-05  +2.063637e-04  +1.570940e-05  +2.750682e-11  +3.533071e-20  +2.613575e-33  +1.387231e-35  +1.762049e-38  +1.068398e-41  +8.996766e-56  +1.053905e-80  +4.527978e-114  +6.746964e-137  +5.496020e-162  +6.558392e-198  +1.086887e-244 
+1.096654e-112  +1.090085e-69  +1.504869e-37  +2.885337e-16  +7.683890e-06  +1.046886e-04  +2.287237e-04  +1.182699e-04  +1.180508e-04  +1.452977e-04  +3.642793e-04  +1.988070e-04  +4.818271e-04  +3.557107e-04  +3.321495e-04  +2.229910e-04  +2.645862e-04  +1.137567e-06  +1.081794e-11  +6.414230e-13  +8.864562e-18  +8.232349e-14  +1.181239e-15  +7.052819e-17  +4.276396e-20  +3.626814e-34  +4.586545e-56  +5.489834e-75  +1.788802e-92  +1.536989e-117  +1.834086e-153  +3.039533e-200 
+1.909023e-114  +4.309320e-71  +1.353042e-38  +5.903991e-17  +3.578887e-06  +9.637024e-05  +6.650242e-06  +1.850750e-04  +1.679351e-04  +4.666339e-04  +4.085238e-04  +1.802673e-04  +4.978155e-04  +3.610264e-04  +2.551082e-04  +2.754509e-04  +2.367024e-04  +1.937924e-04  +4.693899e-05  +1.325846e-05  +1.483466e-08  +3.669539e-05  +1.401839e-06  +3.920883e-06  +2.450002e-09  +9.334755e-20  +1.660926e-33  +1.366869e-44  +6.947360e-59  +5.969404e-84  +7.123318e-120  +5.159438e-166 
+3.444551e-122  +7.796891e-79  +2.451028e-46  +1.070072e-24  +6.525773e-14  +4.421858e-09  +1.119667e-10  +1.737458e-04  +6.663523e-05  +3.746529e-04  +4.286009e-04  +5.257746e-04  +1.697331e-04  +2.752279e-04  +4.365857e-04  +4.132921e-04  +3.161749e-05  +1.842577e-04  +2.226449e-04  +2.262047e-04  +6.517871e-05  +2.081435e-04  +3.885574e-05  +1.770844e-04  +3.666408e-05  +5.423314e-11  +1.023052e-14  +6.056976e-22  +3.747297e-36  +3.231087e-61  +8.857368e-94  +9.661084e-135 
+8.673979e-141  +1.963393e-97  +6.172114e-65  +2.694630e-43  +2.831228e-31  +2.742865e-17  +9.491733e-09  +1.199691e-04  +3.923963e-04  +2.835147e-04  +2.128462e-04  +3.697213e-04  +6.585644e-05  +4.144570e-04  +3.372222e-04  +2.881625e-04  +1.545190e-04  +1.535056e-04  +2.052527e-04  +1.245737e-04  +1.199964e-04  +1.075488e-04  +6.315639e-05  +8.715368e-07  +6.335143e-06  +6.519731e-05  +2.183742e-06  +4.537312e-10  +9.653064e-24  +3.799757e-43  +2.985466e-73  +3.257789e-114 
+3.033486e-170  +6.866428e-127  +2.158528e-94  +2.090137e-63  +3.759035e-33  +9.580048e-14  +3.970225e-05  +3.221700e-04  +1.445187e-04  +3.438817e-04  +1.724254e-04  +1.732657e-04  +4.424246e-05  +1.533299e-04  +2.024364e-04  +8.051373e-05  +1.610136e-04  +3.560782e-04  +9.100931e-05  +1.117372e-04  +1.068957e-04  +6.603209e-05  +2.400778e-04  +8.072774e-05  +8.655660e-05  +1.771166e-05  +4.904188e-05  +9.767649e-06  +3.146745e-14  +1.779406e-33  +1.398191e-63  +1.646309e-104 
+1.473342e-210  +1.782042e-163  +8.038562e-111  +7.770870e-69  +1.129430e-37  +2.495747e-17  +2.148706e-07  +3.302521e-05  +4.691613e-05  +3.256825e-05  +3.456950e-05  +2.066909e-06  +1.242619e-04  +9.538451e-05  +1.662995e-04  +2.204664e-04  +3.814300e-04  +4.706041e-06  +1.979620e-04  +3.396341e-05  +2.044282e-04  +1.790918e-04  +1.550738e-04  +2.287573e-04  +8.893862e-06  +4.426041e-09  +1.399572e-04  +4.405512e-05  +3.094694e-12  +2.937800e-28  +4.178728e-55  +8.255220e-93 
+2.583709e-214  +8.906156e-153  +4.263586e-102  +2.834639e-62  +2.617389e-33  +3.482572e-15  +3.826207e-06  +7.869259e-06  +4.285768e-08  +5.652164e-14  +9.684458e-07  +2.686422e-05  +7.996738e-05  +1.424752e-04  +6.803587e-05  +2.359860e-04  +1.367902e-04  +1.385458e-04  +6.678165e-05  +6.036746e-05  +1.828554e-04  +1.587107e-04  +1.104556e-04  +1.204973e-04  +5.953390e-05  +2.915424e-05  +6.502959e-05  +5.022785e-05  +2.725499e-10  +2.791593e-26  +3.970989e-53  +7.844825e-91 
+2.029546e-211  +6.995932e-150  +3.349117e-99  +2.226655e-59  +2.055955e-30  +2.636406e-12  +4.696178e-05  +1.584430e-08  +1.234474e-19  +1.380759e-23  +1.224314e-09  +1.570028e-06  +3.485605e-06  +1.764830e-04  +2.725515e-04  +6.298276e-05  +1.686507e-04  +1.890084e-04  +7.832964e-05  +1.121558e-04  +1.749961e-04  +1.175857e-04  +6.383052e-05  +2.185681e-04  +2.259316e-04  +1.321738e-04  +1.414636e-04  +5.821141e-05  +3.610781e-13  +3.125974e-32  +8.990720e-62  +1.035948e-99 
+2.214074e-219  +7.632009e-158  +3.653622e-107  +2.429105e-67  +2.242884e-38  +2.876110e-20  +5.122029e-13  +1.266826e-16  +4.360696e-31  +4.510580e-35  +4.016981e-21  +4.999373e-18  +1.235915e-16  +1.464210e-06  +6.361351e-05  +1.842192e-04  +1.478296e-04  +3.042263e-04  +3.810125e-04  +1.622568e-07  +5.006677e-05  +1.192412e-04  +1.206548e-04  +1.084451e-04  +5.315488e-05  +7.081888e-05  +8.617248e-05  +9.264193e-07  +3.544196e-18  +1.213225e-37  +1.249767e-65  +4.603795e-104 
+3.354465e-238  +1.156299e-176  +5.535474e-126  +3.680251e-86  +3.398115e-57  +4.357493e-39  +7.760205e-32  +1.919321e-35  +6.592652e-50  +2.055414e-57  +1.830487e-43  +7.601920e-39  +1.246341e-17  +2.925291e-07  +2.640104e-05  +3.108540e-04  +3.157175e-04  +1.435248e-04  +1.495295e-04  +8.975582e-05  +2.134695e-05  +7.227390e-05  +1.556439e-04  +1.456361e-04  +9.562708e-05  +3.394260e-05  +8.579353e-05  +1.936568e-05  +2.079181e-11  +3.999628e-28  +1.068529e-55  +3.964526e-94 
+7.058175e-268  +2.432984e-206  +1.164726e-155  +7.743666e-116  +7.150020e-87  +9.168659e-69  +1.632835e-61  +4.038470e-65  +1.387169e-79  +1.300781e-90  +1.158438e-76  +4.746587e-50  +8.021207e-29  +6.058885e-17  +4.739319e-07  +9.611788e-05  +2.515555e-05  +8.868761e-05  +3.573261e-04  +1.023752e-04  +2.539679e-04  +3.659166e-05  +7.055607e-05  +5.904918e-05  +1.775734e-04  +3.920010e-05  +9.944124e-05  +4.153244e-05  +2.617585e-12  +4.784113e-29  +1.277950e-56  +4.741531e-95 
+2.062527e-308  +7.109619e-247  +3.403542e-196  +2.262839e-156  +2.089365e-127  +2.679248e-109  +4.771440e-102  +1.180114e-105  +4.053558e-120  +1.143265e-134  +3.499493e-104  +3.147818e-65  +1.068615e-34  +5.332433e-15  +1.196211e-05  +4.229837e-05  +2.510226e-04  +1.845350e-04  +2.371252e-04  +1.879856e-04  +4.472697e-04  +2.100265e-04  +1.811485e-04  +9.000599e-05  +8.917523e-05  +1.320776e-04  +4.154620e-09  +3.854602e-09  +1.271524e-17  +5.827021e-37  +3.919826e-67  +8.203268e-107 
+0.000000e+00  +2.885303e-298  +1.381262e-247  +9.183301e-208  +8.479289e-179  +1.087322e-160  +1.936398e-153  +4.789267e-157  +1.645059e-171  +1.858322e-159  +3.266249e-107  +7.972885e-66  +2.702836e-35  +1.272518e-15  +8.322074e-07  +4.871535e-06  +1.850897e-04  +1.184171e-04  +1.603242e-04  +2.299542e-04  +2.561268e-04  +3.171264e-05  +4.977548e-06  +9.705541e-05  +1.405493e-04  +1.863889e-07  +9.121444e-14  +5.198555e-24  +1.715128e-32  +7.858860e-52  +5.001040e-82  +4.419767e-123 
+0.000000e+00  +0.000000e+00  +7.785009e-310  +5.175852e-270  +4.779060e-241  +6.128314e-223  +1.091384e-215  +2.699306e-219  +1.443703e-233  +6.537014e-171  +1.148967e-118  +2.804620e-77  +9.507759e-47  +4.476311e-27  +2.544293e-16  +1.259627e-06  +1.248595e-04  +5.785796e-05  +3.625696e-05  +3.341137e-04  +1.821053e-04  +3.168374e-04  +1.306370e-04  +3.812284e-05  +2.336655e-07  +1.730250e-15  +4.859570e-27  +3.447270e-44  +3.212971e-58  +1.472210e-77  +9.368509e-108  +8.279599e-149 
+0.000000e+00  +0.000000e+00  +0.000000e+00  +0.000000e+00  +3.740791e-314  +4.796915e-296  +8.542766e-289  +2.112871e-292  +2.523397e-256  +3.193566e-193  +5.613118e-141  +1.370157e-99  +4.708829e-69  +1.401225e-38  +4.264114e-17  +1.823456e-06  +6.432210e-05  +6.373074e-05  +3.064858e-06  +1.899952e-04  +7.319144e-05  +1.142778e-04  +3.379456e-05  +1.085694e-11  +5.384425e-14  +4.477344e-27  +5.747583e-48  +2.550828e-68  +8.610313e-95  +3.830167e-114  +2.437354e-144  +2.154058e-185 
+0.000000e+00  +0.000000e+00  +0.000000e+00  +0.000000e+00  +0.000000e+00  +0.000000e+00  +0.000000e+00  +0.000000e+00  +1.712064e-289  +2.166757e-226  +3.811205e-174  +3.226446e-123  +5.090594e-80  +1.115451e-47  +3.394964e-26  +2.476400e-15  +2.732046e-06  +2.459008e-05  +1.660669e-04  +1.006528e-04  +9.122605e-06  +1.828051e-10  +7.346529e-12  +8.047326e-21  +1.766307e-31  +1.468309e-44  +1.695150e-68  +4.205244e-102  +2.582524e-131  +1.383897e-161  +8.806525e-192  +7.782935e-233 
+0.000000e+00  +0.000000e+00  +0.000000e+00  +0.000000e+00  +0.000000e+00  +0.000000e+00  +0.000000e+00  +0.000000e+00  +0.000000e+00  +3.838227e-262  +3.139778e-197  +3.567016e-143  +5.627936e-100  +1.233196e-67  +4.406680e-46  +4.307392e-25  +2.908397e-11  +2.949150e-06  +2.317420e-04  +7.643498e-06  +1.339728e-12  +1.199924e-23  +2.473287e-29  +2.710756e-38  +4.206726e-58  +6.689322e-73  +7.722738e-97  +1.238222e-131  +6.895933e-177  +5.043630e-216  +4.419046e-250  +3.905416e-291 
+0.000000e+00  +0.000000e+00  +0.000000e+00  +0.000000e+00  +0.000000e+00  +0.000000e+00  +0.000000e+00  +0.000000e+00  +0.000000e+00  +5.893175e-293  +4.820783e-228  +5.476760e-174  +8.641077e-131  +4.469839e-98  +4.970336e-65  +1.046040e-38  +3.188376e-22  +1.842825e-10  +3.837428e-08  +3.617482e-10  +5.442115e-23  +5.036054e-42  +1.157126e-57  +1.268242e-66  +1.930491e-86  +4.232422e-112  +4.886231e-136  +7.834318e-171  +1.744481e-216  +1.540100e-272  +3.081487e-319  +0.000000e+00 
+0.000000e+00  +0.000000e+00  +0.000000e+00  +0.000000e+00  +0.000000e+00  +0.000000e+00  +0.000000e+00  +0.000000e+00  +0.000000e+00  +0.000000e+00  +1.027955e-269  +1.167832e-215  +2.271094e-171  +3.581634e-125  +7.266293e-88  +1.138159e-59  +5.337469e-37  +3.540045e-25  +1.039831e-21  +1.056020e-23  +1.494325e-36  +2.937009e-60  +5.216702e-93  +8.240462e-106  +1.254346e-125  +2.651682e-156  +4.293531e-186  +6.884015e-221  +1.532876e-266  +4.940656e-323  +0.000000e+00  +0.000000e+00 
+0.000000e+00  +0.000000e+00  +0.000000e+00  +0.000000e+00  +0.000000e+00  +0.000000e+00  +0.000000e+00  +0.000000e+00  +0.000000e+00  +0.000000e+00  +3.063207e-322  +9.529486e-266  +6.650913e-207  +9.735735e-159  +8.691700e-119  +2.982006e-85  +1.424099e-62  +9.445746e-51  +4.203153e-46  +4.281737e-48  +6.058887e-61  +1.190704e-84  +3.249769e-119  +7.435994e-156  +1.131891e-175  +2.392811e-206  +5.942047e-247  +8.400795e-282  +0.000000e+00  +0.000000e+00  +0.000000e+00  +0.000000e+00 
+0.000000e+00  +0.000000e+00  +0.000000e+00  +0.000000e+00  +0.000000e+00  +0.000000e+00  +0.000000e+00  +0.000000e+00  +0.000000e+00  +0.000000e+00  +0.000000e+00  +2.386888e-310  +2.516499e-251  +1.298150e-199  +3.213345e-155  +1.104972e-121  +5.276948e-99  +3.503100e-87  +2.366338e-81  +2.411048e-83  +3.411762e-96  +6.704858e-120  +1.829946e-154  +6.936256e-200  +1.418503e-236  +2.998706e-267  +8.803907e-309  +0.000000e+00  +0.000000e+00  +0.000000e+00  +0.000000e+00  +0.000000e+00 
