+0.000000e+00  +0.000000e+00  +0.000000e+00  +0.000000e+00  +0.000000e+00  +0.000000e+00  +0.000000e+00  +0.000000e+00  +0.000000e+00  +0.000000e+00  +0.000000e+00  +1.061463e-297  +4.833231e-238  +3.056388e-189  +2.684215e-151  +3.273890e-124  +5.545603e-108  +1.304582e-102  +4.262183e-108  +1.933885e-124  +1.218617e-151  +1.066453e-189  +1.296147e-238  +2.187785e-298  +0.000000e+00  +0.000000e+00  +0.000000e+00  +0.000000e+00  +0.000000e+00  +0.000000e+00  +0.000000e+00  +0.000000e+00 
+0.000000e+00  +0.000000e+00  +0.000000e+00  +0.000000e+00  +0.000000e+00  +0.000000e+00  +0.000000e+00  +0.000000e+00  +0.000000e+00  +0.000000e+00  +7.881286e-319  +5.357925e-257  +2.439662e-197  +1.542767e-148  +1.354906e-110  +1.652555e-83  +2.799244e-67  +6.585116e-62  +2.151415e-67  +9.761638e-84  +6.151191e-111  +5.383116e-149  +6.542537e-198  +1.104324e-257  +0.000000e+00  +0.000000e+00  +0.000000e+00  +0.000000e+00  +0.000000e+00  +0.000000e+00  +0.000000e+00  +0.000000e+00 
+0.000000e+00  +0.000000e+00  +0.000000e+00  +0.000000e+00  +0.000000e+00  +0.000000e+00  +0.000000e+00  +0.000000e+00  +0.000000e+00  +2.910562e-298  +3.818584e-253  +1.517105e-215  +1.710250e-167  +1.081510e-118  +9.498154e-81  +1.158473e-53  +1.962324e-37  +4.616293e-32  +1.508183e-37  +6.843096e-54  +4.312103e-81  +3.773673e-119  +4.591211e-168  +1.324794e-227  +8.851969e-296  +0.000000e+00  +0.000000e+00  +0.000000e+00  +0.000000e+00  +0.000000e+00  +0.000000e+00  +0.000000e+00 
+0.000000e+00  +0.000000e+00  +0.000000e+00  +0.000000e+00  +0.000000e+00  +0.000000e+00  +0.000000e+00  +0.000000e+00  +1.506972e-296  +1.785259e-241  +9.638012e-197  +4.188908e-162  +5.795975e-134  +1.052927e-99  +9.247133e-62  +1.127857e-34  +1.910463e-18  +4.494292e-13  +1.468324e-18  +6.662326e-35  +4.233928e-62  +2.510716e-99  +1.783200e-145  +2.059363e-202  +3.303789e-270  +0.000000e+00  +0.000000e+00  +0.000000e+00  +0.000000e+00  +0.000000e+00  +0.000000e+00  +0.000000e+00 
+0.000000e+00  +0.000000e+00  +0.000000e+00  +0.000000e+00  +0.000000e+00  +0.000000e+00  +0.000000e+00  +4.810121e-308  +4.908099e-250  +4.078486e-195  +7.213073e-151  +6.214741e-117  +1.291217e-91  +4.273007e-74  +1.250296e-53  +1.524964e-26  +2.583120e-10  +6.077311e-05  +2.124113e-10  +4.400262e-25  +1.858817e-49  +1.113241e-84  +9.259613e-131  +1.069632e-187  +1.715987e-255  +0.000000e+00  +0.000000e+00  +0.000000e+00  +0.000000e+00  +0.000000e+00  +0.000000e+00  +0.000000e+00 
+0.000000e+00  +0.000000e+00  +0.000000e+00  +0.000000e+00  +0.000000e+00  +0.000000e+00  +7.410985e-323  +1.249103e-258  +3.250190e-204  +4.246957e-159  +2.140904e-115  +5.704804e-82  +8.161856e-59  +1.305416e-42  +6.076036e-36  +7.389803e-26  +2.350695e-10  +5.521658e-05  +1.001324e-07  +3.109106e-21  +1.340798e-45  +8.030254e-81  +6.679334e-127  +7.715696e-184  +1.237813e-251  +0.000000e+00  +0.000000e+00  +0.000000e+00  +0.000000e+00  +0.000000e+00  +0.000000e+00  +0.000000e+00 
+0.000000e+00  +0.000000e+00  +0.000000e+00  +7.004110e-311  +6.093558e-283  +2.487543e-264  +8.851755e-249  +2.825579e-216  +1.172168e-165  +4.235822e-122  +5.321658e-89  +2.290957e-57  +8.841387e-35  +7.423864e-22  +2.577374e-15  +1.666469e-19  +2.122598e-09  +5.911540e-05  +1.481018e-07  +6.714758e-21  +4.257933e-45  +3.987731e-80  +7.804287e-126  +5.881509e-182  +1.106433e-240  +4.143297e-285  +3.458460e-323  +0.000000e+00  +0.000000e+00  +0.000000e+00  +0.000000e+00  +0.000000e+00 
+0.000000e+00  +0.000000e+00  +1.077440e-280  +6.749522e-242  +5.872068e-214  +8.245837e-197  +4.220402e-182  +7.054415e-174  +2.291757e-131  +2.123461e-94  +1.064737e-61  +8.170055e-40  +8.668908e-21  +2.692568e-09  +1.527317e-05  +1.059346e-09  +1.079582e-08  +8.137541e-05  +7.348766e-07  +3.041668e-19  +1.748553e-42  +1.396288e-76  +1.553331e-121  +1.294399e-151  +4.200227e-187  +8.197391e-220  +1.704257e-257  +4.920764e-306  +0.000000e+00  +0.000000e+00  +0.000000e+00  +0.000000e+00 
+0.000000e+00  +3.196751e-272  +1.441952e-222  +9.032980e-184  +7.858670e-156  +9.502841e-139  +2.794579e-126  +1.423184e-121  +5.591887e-99  +3.588658e-68  +1.158247e-44  +5.163135e-23  +5.031795e-12  +3.062304e-05  +1.559392e-04  +1.287073e-04  +1.553919e-06  +2.326510e-05  +2.280103e-06  +1.399236e-17  +1.192685e-39  +3.889943e-69  +2.921351e-84  +1.028659e-109  +3.862889e-138  +5.730978e-165  +1.191484e-202  +3.740333e-251  +9.040271e-296  +0.000000e+00  +0.000000e+00  +0.000000e+00 
+1.829366e-285  +5.941619e-225  +2.680075e-175  +1.678908e-136  +1.460646e-108  +1.764829e-91  +2.570197e-81  +1.308764e-76  +1.476341e-68  +8.888231e-46  +1.104720e-26  +1.823444e-14  +6.102082e-06  +1.336521e-04  +1.456903e-04  +1.946879e-04  +7.115593e-05  +2.369893e-05  +7.391246e-06  +2.142403e-15  +7.780299e-32  +1.381589e-38  +2.911670e-53  +1.340002e-74  +3.717050e-94  +5.564420e-121  +1.157093e-158  +5.129804e-195  +1.545225e-238  +6.464285e-293  +0.000000e+00  +0.000000e+00 
+1.165699e-248  +1.533694e-188  +6.918004e-139  +4.333721e-100  +3.770326e-72  +4.555488e-55  +3.358563e-47  +1.671473e-42  +1.136182e-41  +2.443191e-28  +2.842395e-14  +9.470913e-07  +2.714472e-04  +2.966744e-04  +2.982330e-04  +1.989849e-04  +2.235472e-04  +2.388463e-04  +6.031262e-05  +4.034408e-09  +4.637328e-13  +1.763155e-18  +1.005421e-30  +4.652698e-45  +5.012189e-61  +7.503246e-88  +5.614305e-116  +1.217724e-148  +3.668089e-192  +1.534506e-246  +8.915290e-312  +0.000000e+00 
+2.358663e-203  +9.497869e-157  +2.480006e-113  +1.553577e-74  +1.351608e-46  +1.633078e-29  +3.322482e-23  +2.964720e-19  +3.679999e-25  +1.637259e-12  +1.470848e-07  +1.906891e-04  +1.409631e-05  +1.955735e-04  +8.923582e-05  +3.158769e-04  +1.730293e-04  +6.081532e-04  +4.825319e-05  +6.154441e-05  +5.742009e-05  +1.781151e-08  +6.813227e-16  +8.707883e-23  +9.386301e-39  +1.185133e-58  +1.850896e-80  +4.014533e-113  +1.209277e-156  +5.058885e-211  +2.939149e-276  +0.000000e+00 
+1.114114e-168  +4.486313e-122  +2.508925e-86  +7.929545e-60  +6.729157e-32  +8.130489e-15  +1.367111e-08  +7.339715e-07  +4.137607e-11  +2.465468e-07  +1.859724e-04  +2.811790e-05  +7.008189e-05  +2.995125e-04  +2.057938e-04  +3.024642e-04  +3.531831e-04  +2.382713e-04  +2.146270e-04  +7.903711e-05  +2.025302e-04  +8.328851e-05  +3.151213e-06  +2.265898e-11  +4.834729e-23  +5.426144e-34  +8.474346e-56  +1.838058e-88  +5.536702e-132  +2.318157e-186  +1.723646e-251  +0.000000e+00 
+7.308559e-145  +2.943006e-98  +1.645846e-62  +1.278278e-37  +1.378840e-23  +5.621763e-11  +1.079339e-04  +1.222141e-04  +1.082634e-04  +1.522561e-07  +2.430109e-04  +1.674234e-04  +6.399060e-04  +5.356704e-04  +2.711947e-04  +1.601956e-05  +2.787538e-04  +1.728718e-04  +2.810689e-04  +3.366326e-04  +3.436449e-04  +2.323908e-04  +9.892374e-05  +1.396430e-07  +3.078870e-09  +3.450307e-20  +5.396622e-42  +1.758574e-74  +5.986482e-116  +8.339551e-168  +1.622923e-230  +4.386304e-304 
+7.037492e-131  +3.264373e-85  +1.506851e-49  +1.164698e-24  +1.256145e-10  +1.883734e-07  +1.636056e-07  +3.124738e-05  +1.084096e-04  +8.226101e-05  +3.752765e-04  +4.429444e-05  +4.976490e-04  +1.920219e-04  +2.670097e-04  +2.341556e-04  +3.997814e-04  +3.030272e-04  +2.613189e-04  +2.511815e-04  +4.268955e-04  +2.707377e-04  +1.831180e-04  +1.269814e-04  +5.780532e-06  +9.286942e-15  +4.841444e-34  +3.517383e-64  +3.549005e-105  +4.973149e-157  +9.678195e-220  +2.615744e-293 
+5.696600e-121  +4.324125e-77  +5.190131e-43  +9.173726e-20  +2.404366e-07  +6.385098e-05  +1.038047e-04  +1.713740e-05  +3.781383e-04  +1.084103e-04  +3.425503e-04  +3.213193e-04  +2.316726e-04  +8.274584e-05  +4.817157e-04  +4.723168e-04  +1.884536e-04  +3.360567e-04  +4.600522e-04  +1.920757e-04  +3.804868e-04  +1.666290e-04  +6.393771e-05  +3.201176e-06  +1.522208e-05  +1.019147e-14  +4.824273e-34  +8.312036e-64  +5.654491e-104  +7.435837e-155  +1.417455e-216  +3.769401e-289 
+8.776608e-112  +4.049834e-69  +2.595289e-37  +2.309806e-16  +2.921994e-06  +1.109824e-04  +1.974418e-05  +2.084514e-04  +2.672269e-04  +1.887375e-04  +1.959883e-04  +3.310198e-04  +5.375304e-04  +4.426641e-04  +1.414327e-04  +2.527435e-04  +4.681977e-04  +5.321929e-04  +3.648779e-04  +4.208533e-04  +2.560684e-04  +2.236879e-04  +1.245080e-04  +1.201926e-04  +7.493367e-05  +2.777547e-12  +1.430393e-30  +1.023028e-59  +1.016149e-99  +1.401734e-150  +2.685415e-212  +7.144886e-285 
+2.037422e-113  +9.401377e-71  +6.024763e-39  +5.362007e-18  +7.069579e-08  +4.232286e-05  +6.636058e-05  +1.388427e-04  +2.156198e-04  +3.739386e-04  +3.444690e-04  +5.818757e-04  +2.147748e-04  +1.188174e-04  +4.633543e-05  +1.468027e-04  +1.540414e-04  +2.002260e-04  +4.438286e-04  +5.837950e-04  +4.011003e-04  +5.684385e-04  +3.206849e-04  +7.454085e-05  +1.202794e-10  +7.312199e-19  +3.765662e-37  +2.693230e-66  +2.675121e-106  +3.690212e-157  +7.069640e-219  +1.880967e-291 
+6.568604e-126  +3.031244e-83  +7.401085e-51  +1.592938e-25  +6.458672e-11  +9.500978e-06  +1.857305e-04  +8.446175e-05  +4.038450e-04  +4.828311e-04  +1.448678e-04  +3.978459e-04  +2.851472e-05  +7.230716e-06  +1.249789e-04  +7.630418e-07  +2.016980e-08  +2.623568e-05  +3.677401e-04  +2.394628e-04  +2.690566e-04  +2.429128e-04  +5.024812e-04  +6.629660e-05  +3.375143e-11  +3.672336e-28  +1.451342e-54  +9.846847e-84  +9.780639e-124  +1.349196e-174  +2.584765e-236  +6.877094e-309 
+3.512111e-147  +5.269194e-100  +1.107159e-63  +3.230879e-38  +2.334356e-23  +2.137359e-13  +3.459431e-05  +1.066505e-05  +1.631967e-05  +4.028859e-04  +1.156913e-04  +2.559015e-04  +1.826381e-04  +7.221752e-08  +3.829447e-11  +9.149529e-15  +9.020135e-21  +1.373021e-07  +2.875675e-04  +3.004980e-04  +4.296339e-04  +9.875799e-05  +2.813503e-04  +3.364772e-06  +3.908263e-12  +7.293365e-29  +2.049489e-56  +1.675153e-94  +8.064750e-143  +8.954900e-202  +1.312450e-264  +0.000000e+00 
+9.810109e-171  +1.484232e-123  +3.118660e-87  +9.331435e-62  +2.399255e-40  +4.103226e-20  +3.759854e-08  +2.927418e-05  +1.266827e-04  +1.163513e-04  +7.948542e-05  +2.497346e-04  +2.955577e-05  +1.115041e-07  +2.235131e-19  +1.878177e-33  +7.811374e-18  +1.305331e-07  +6.963906e-05  +2.527393e-04  +5.257367e-04  +1.894322e-04  +3.415920e-04  +2.269294e-04  +2.482924e-09  +6.975316e-25  +2.763807e-51  +1.526489e-88  +1.171922e-136  +1.249774e-195  +1.851074e-265  +0.000000e+00 
+3.837686e-205  +5.806274e-158  +1.221013e-121  +9.787230e-88  +1.704931e-55  +2.355975e-31  +6.377459e-18  +2.145494e-13  +4.645050e-05  +4.271840e-05  +1.261705e-04  +6.988980e-08  +8.366367e-14  +2.408975e-18  +4.825489e-30  +2.925811e-37  +2.351386e-16  +2.646140e-06  +6.222616e-05  +3.527057e-04  +3.193364e-04  +3.007460e-04  +2.986706e-04  +8.439306e-05  +1.094690e-11  +7.440989e-28  +7.449246e-55  +1.265109e-92  +5.146361e-137  +8.019631e-191  +1.735726e-255  +0.000000e+00 
+2.084986e-250  +3.154589e-203  +1.224459e-156  +3.037111e-111  +3.022134e-76  +5.092346e-52  +2.373176e-31  +1.107829e-12  +7.221348e-05  +1.052935e-05  +1.223609e-06  +6.102668e-14  +2.098842e-29  +7.242242e-40  +1.446830e-51  +1.223252e-46  +9.830951e-26  +2.054749e-15  +2.778825e-07  +1.070150e-04  +1.932049e-04  +1.964251e-04  +9.031365e-05  +2.040740e-07  +1.155936e-12  +4.838114e-23  +2.814822e-44  +2.274383e-76  +2.552198e-119  +3.977435e-173  +8.608546e-238  +2.587584e-313 
+1.573195e-306  +2.412067e-245  +1.134329e-188  +7.780860e-143  +7.267491e-107  +1.554219e-66  +5.224082e-37  +2.836140e-18  +6.660682e-08  +1.004714e-04  +2.225975e-08  +7.947159e-23  +6.274464e-45  +3.008368e-71  +6.024651e-84  +7.102701e-67  +5.863484e-46  +3.292173e-28  +8.016249e-17  +4.660711e-09  +3.796451e-05  +6.091365e-05  +3.117603e-04  +2.049030e-04  +8.142028e-06  +3.362560e-16  +1.945553e-37  +1.568662e-69  +1.758829e-112  +2.740157e-166  +5.929927e-231  +1.782353e-306 
+0.000000e+00  +8.241578e-288  +3.964473e-231  +1.126634e-174  +1.963259e-123  +4.760945e-83  +2.477047e-52  +4.111156e-26  +1.754724e-10  +5.567313e-05  +2.935683e-07  +3.804576e-17  +6.889050e-38  +1.732409e-69  +6.050335e-112  +5.732645e-98  +7.782693e-71  +2.148240e-50  +8.362289e-32  +1.752924e-21  +4.118961e-13  +3.655507e-06  +5.886180e-05  +6.359582e-05  +4.229191e-07  +6.348662e-18  +1.430667e-39  +4.534287e-72  +2.058730e-115  +1.394234e-169  +1.508804e-234  +2.792500e-310 
+0.000000e+00  +0.000000e+00  +3.812077e-264  +4.783334e-202  +4.750837e-148  +2.187702e-98  +2.165744e-59  +3.010670e-31  +5.813734e-14  +3.187285e-07  +1.528528e-06  +1.992907e-16  +3.608612e-37  +9.074678e-69  +3.169277e-111  +3.548732e-135  +6.376670e-105  +2.894269e-76  +1.241061e-57  +7.478206e-41  +2.613068e-25  +2.568211e-15  +2.476774e-12  +6.391127e-11  +1.794290e-16  +1.862458e-28  +4.112964e-50  +1.277004e-82  +5.506462e-126  +3.297561e-180  +2.742556e-245  +3.166961e-321 
+0.000000e+00  +0.000000e+00  +7.092901e-294  +2.651062e-222  +1.376132e-161  +9.920612e-112  +9.932412e-73  +1.381049e-44  +2.684387e-27  +1.185156e-17  +1.111964e-16  +1.449792e-26  +2.625179e-47  +6.601612e-79  +2.305574e-121  +1.118272e-174  +1.932095e-142  +5.866962e-113  +1.071523e-89  +3.665878e-66  +2.356119e-45  +1.126084e-34  +3.234858e-29  +1.806046e-27  +1.457813e-35  +2.526645e-49  +1.667022e-71  +5.165455e-104  +2.227344e-147  +1.333842e-201  +1.109328e-266  +0.000000e+00 
+0.000000e+00  +0.000000e+00  +4.518591e-318  +1.688906e-246  +8.766897e-186  +6.320104e-136  +6.327621e-97  +8.798581e-69  +1.940132e-50  +1.196659e-38  +1.123433e-37  +1.464747e-47  +2.652257e-68  +6.669706e-100  +2.329355e-142  +1.129803e-195  +5.439268e-190  +5.053534e-160  +1.008154e-128  +4.674238e-97  +3.084425e-76  +4.173343e-64  +1.255748e-56  +7.106963e-55  +5.730002e-64  +1.943042e-79  +1.299468e-103  +2.902718e-136  +1.251243e-179  +7.493053e-234  +6.231808e-299  +0.000000e+00 
+0.000000e+00  +0.000000e+00  +0.000000e+00  +1.494271e-281  +7.756568e-221  +5.591752e-171  +5.598405e-132  +8.294577e-104  +2.484001e-82  +1.679054e-70  +1.576311e-69  +2.055215e-79  +3.721434e-100  +9.358395e-132  +3.268364e-174  +1.585249e-227  +2.126833e-248  +3.943137e-212  +1.788747e-170  +8.466505e-139  +6.314472e-118  +2.621679e-104  +6.861673e-95  +3.884011e-93  +3.053517e-102  +2.962080e-120  +5.584703e-145  +2.407946e-179  +9.762407e-223  +5.845895e-277  +0.000000e+00  +0.000000e+00 
+0.000000e+00  +0.000000e+00  +0.000000e+00  +0.000000e+00  +9.530841e-267  +6.870835e-217  +6.881845e-178  +1.003955e-147  +4.840142e-125  +3.271880e-113  +3.071670e-112  +4.004883e-122  +7.251751e-143  +1.823618e-174  +6.368879e-217  +3.089086e-270  +2.930412e-315  +1.320271e-265  +4.499656e-223  +2.130036e-191  +7.974078e-170  +2.426682e-155  +5.207912e-144  +2.947914e-142  +2.317416e-151  +3.144471e-171  +1.156393e-196  +3.267526e-232  +1.068674e-276  +0.000000e+00  +0.000000e+00  +0.000000e+00 
+0.000000e+00  +0.000000e+00  +0.000000e+00  +0.000000e+00  +1.482197e-323  +1.172493e-273  +1.941713e-234  +2.691101e-201  +1.309872e-178  +8.854580e-167  +8.312759e-166  +1.083828e-175  +1.962517e-196  +4.935198e-228  +1.723588e-270  +9.881313e-324  +0.000000e+00  +0.000000e+00  +1.571985e-286  +7.472334e-255  +8.061547e-232  +1.627055e-216  +5.489539e-204  +3.107328e-202  +2.442734e-211  +2.668669e-231  +3.372989e-259  +8.809060e-295  +0.000000e+00  +0.000000e+00  +0.000000e+00  +0.000000e+00 
+0.000000e+00  +0.000000e+00  +0.000000e+00  +0.000000e+00  +0.000000e+00  +0.000000e+00  +2.888624e-299  +1.011430e-265  +4.923084e-243  +3.327948e-231  +3.124307e-230  +4.073511e-240  +7.376018e-261  +1.854868e-292  +0.000000e+00  +0.000000e+00  +0.000000e+00  +0.000000e+00  +0.000000e+00  +0.000000e+00  +1.356532e-304  +1.976407e-287  +8.036116e-275  +4.548805e-273  +3.575909e-282  +3.904041e-302  +0.000000e+00  +0.000000e+00  +0.000000e+00  +0.000000e+00  +0.000000e+00  +0.000000e+00 
