+0.000000e+00  +0.000000e+00  +0.000000e+00  +0.000000e+00  +9.488138e-289  +1.346759e-235  +1.509840e-187  +1.420725e-147  +4.527864e-118  +2.005284e-99  +1.233379e-91  +1.053550e-94  +1.741062e-107  +8.422693e-111  +6.096544e-125  +6.128503e-150  +8.556207e-186  +1.812930e-187  +1.267209e-195  +1.230137e-214  +1.658444e-244  +1.658600e-281  +0.000000e+00  +0.000000e+00  +0.000000e+00  +0.000000e+00  +0.000000e+00  +0.000000e+00  +0.000000e+00  +0.000000e+00  +0.000000e+00  +0.000000e+00 
+0.000000e+00  +0.000000e+00  +0.000000e+00  +5.566241e-303  +2.392778e-240  +1.428504e-188  +1.700421e-146  +2.871387e-109  +4.317707e-80  +1.911316e-61  +1.175582e-53  +1.004180e-56  +1.008457e-65  +5.255866e-69  +3.804320e-83  +3.824262e-108  +1.210776e-132  +6.093869e-130  +4.259516e-138  +4.134904e-157  +1.062499e-186  +5.016859e-219  +6.921031e-262  +1.326013e-315  +0.000000e+00  +0.000000e+00  +0.000000e+00  +0.000000e+00  +0.000000e+00  +0.000000e+00  +0.000000e+00  +0.000000e+00 
+0.000000e+00  +0.000000e+00  +0.000000e+00  +1.957106e-265  +8.380363e-203  +5.003122e-151  +4.148182e-110  +4.219284e-79  +1.069857e-52  +2.530958e-34  +1.556135e-26  +1.329342e-29  +8.739406e-35  +4.554865e-38  +3.296919e-52  +3.314202e-77  +5.652153e-86  +2.844743e-83  +1.988430e-91  +1.930555e-110  +2.122002e-135  +2.107858e-167  +2.907905e-210  +5.571306e-264  +0.000000e+00  +0.000000e+00  +0.000000e+00  +0.000000e+00  +0.000000e+00  +0.000000e+00  +0.000000e+00  +0.000000e+00 
+0.000000e+00  +0.000000e+00  +1.064071e-272  +1.571678e-219  +8.803611e-172  +2.433546e-124  +2.017696e-83  +2.323326e-53  +2.078443e-33  +7.809524e-18  +2.861560e-10  +2.916357e-13  +1.051952e-14  +5.482086e-18  +3.968061e-32  +2.496095e-50  +3.664391e-50  +1.844298e-47  +1.289134e-55  +1.856253e-73  +1.238191e-94  +1.229954e-126  +1.696788e-169  +3.250906e-223  +2.016896e-285  +0.000000e+00  +0.000000e+00  +0.000000e+00  +0.000000e+00  +0.000000e+00  +0.000000e+00  +0.000000e+00 
+0.000000e+00  +1.762332e-274  +3.572596e-222  +7.331371e-176  +3.019390e-134  +1.964446e-97  +1.389101e-67  +1.569446e-37  +2.509802e-18  +2.059465e-09  +1.116600e-04  +3.306508e-05  +1.911998e-05  +9.269303e-09  +3.899296e-19  +1.604291e-25  +3.299357e-25  +1.660569e-22  +1.163435e-30  +1.402848e-43  +1.003398e-64  +9.967219e-97  +1.375032e-139  +1.613121e-186  +6.885620e-230  +4.081852e-284  +0.000000e+00  +0.000000e+00  +0.000000e+00  +0.000000e+00  +0.000000e+00  +0.000000e+00 
+8.334249e-293  +1.216531e-229  +2.466140e-177  +6.943061e-136  +9.742718e-101  +1.847493e-70  +8.456032e-45  +2.464940e-27  +2.410482e-13  +5.885339e-05  +2.385160e-04  +1.704056e-04  +1.825181e-04  +8.320804e-06  +4.412098e-08  +1.493319e-11  +4.364329e-11  +2.076448e-08  +3.081729e-14  +1.578823e-24  +1.129266e-45  +1.121753e-77  +2.499152e-109  +7.681234e-142  +3.278744e-185  +1.944039e-239  +1.772291e-304  +0.000000e+00  +0.000000e+00  +0.000000e+00  +0.000000e+00  +0.000000e+00 
+7.989870e-259  +1.166263e-195  +2.364236e-143  +6.656155e-102  +2.602522e-71  +2.497389e-47  +4.350045e-28  +7.101918e-14  +4.531065e-07  +9.523440e-05  +2.750100e-04  +3.326685e-04  +2.786944e-04  +9.250252e-05  +1.282571e-04  +3.078615e-05  +8.380801e-05  +4.946291e-05  +4.821048e-06  +2.467723e-16  +1.766362e-37  +7.467835e-54  +1.652704e-75  +5.079921e-108  +2.212139e-151  +8.121338e-204  +4.373873e-264  +0.000000e+00  +0.000000e+00  +0.000000e+00  +0.000000e+00  +0.000000e+00 
+1.063778e-235  +1.552771e-172  +3.147764e-120  +8.862059e-79  +3.465015e-48  +1.881577e-28  +1.261360e-15  +2.732652e-07  +2.491990e-04  +1.065705e-04  +1.248381e-04  +3.578689e-05  +3.544346e-04  +2.728163e-04  +3.149727e-04  +2.526239e-04  +3.242731e-05  +1.530664e-04  +7.901022e-06  +2.164972e-12  +4.304998e-20  +6.858996e-31  +1.526353e-52  +1.877244e-84  +1.563612e-123  +6.870010e-173  +4.229792e-233  +1.964342e-303  +0.000000e+00  +0.000000e+00  +0.000000e+00  +0.000000e+00 
+1.966980e-223  +2.871155e-160  +5.820379e-108  +1.638641e-66  +6.406994e-36  +3.479067e-16  +2.631855e-07  +1.040461e-04  +1.367545e-04  +9.357752e-05  +5.095773e-04  +1.863822e-04  +3.317919e-04  +2.243640e-04  +2.959874e-04  +1.384168e-04  +1.246815e-04  +1.074508e-04  +2.919531e-04  +1.031531e-07  +5.602525e-08  +1.390286e-18  +3.230240e-37  +6.527212e-65  +2.082331e-103  +3.718213e-151  +1.292276e-203  +6.624379e-267  +5.966337e-320  +0.000000e+00  +0.000000e+00  +0.000000e+00 
+5.052423e-222  +7.376454e-159  +1.495925e-106  +4.214936e-65  +1.653784e-34  +9.396590e-15  +1.297932e-05  +2.169409e-05  +1.464374e-05  +1.005507e-04  +8.428567e-06  +3.581233e-04  +2.877138e-04  +1.356781e-04  +2.356035e-04  +7.322495e-05  +1.136471e-04  +1.015418e-04  +3.312016e-05  +1.761040e-04  +8.544752e-05  +3.236720e-11  +5.318142e-28  +4.798167e-53  +7.826288e-84  +2.009780e-125  +4.199413e-173  +8.070956e-214  +2.154303e-265  +0.000000e+00  +0.000000e+00  +0.000000e+00 
+2.202685e-223  +5.821641e-160  +2.136861e-107  +1.089295e-65  +7.711780e-35  +7.582746e-15  +1.036127e-05  +2.423618e-04  +6.128046e-05  +1.235084e-04  +3.885972e-05  +1.359811e-04  +8.992748e-05  +2.879358e-04  +8.348577e-05  +2.051661e-04  +2.942311e-04  +1.271481e-04  +2.217261e-04  +1.402516e-04  +8.288043e-05  +6.476425e-08  +2.464005e-18  +3.260236e-38  +6.028617e-69  +1.521671e-99  +2.105846e-129  +4.047347e-170  +1.080319e-221  +4.004718e-284  +0.000000e+00  +0.000000e+00 
+5.148472e-232  +1.360728e-168  +4.994617e-116  +2.546074e-74  +1.802510e-43  +1.772241e-23  +4.527337e-12  +4.471559e-05  +1.286964e-04  +6.989184e-05  +1.420695e-04  +8.145646e-05  +3.688621e-04  +2.576254e-04  +2.055778e-04  +1.908009e-04  +1.391538e-04  +3.092308e-05  +2.164529e-04  +8.278926e-05  +6.754564e-05  +2.733257e-05  +2.619599e-14  +1.360540e-32  +1.063533e-47  +1.059752e-66  +1.466595e-96  +2.818733e-137  +7.523772e-189  +2.789044e-251  +0.000000e+00  +0.000000e+00 
+1.671253e-251  +4.417097e-188  +3.636580e-135  +3.135622e-88  +6.821202e-52  +2.632789e-26  +2.178566e-10  +1.071855e-04  +1.164507e-04  +1.660675e-04  +2.315657e-04  +1.900984e-04  +2.139464e-06  +2.314253e-05  +1.788262e-04  +1.110525e-04  +1.833166e-04  +2.222384e-04  +1.707070e-04  +1.388194e-04  +1.000449e-04  +3.088282e-05  +4.060402e-09  +2.208301e-17  +1.028627e-25  +1.025004e-44  +1.418507e-74  +2.726310e-115  +7.277078e-167  +2.697595e-229  +1.388783e-302  +0.000000e+00 
+2.501997e-259  +2.023798e-190  +2.290141e-132  +3.660518e-85  +8.437194e-49  +2.916551e-23  +1.600052e-08  +1.660275e-04  +1.324091e-04  +1.249379e-04  +6.809026e-05  +8.274615e-05  +1.771658e-04  +2.145240e-07  +7.201629e-05  +1.350370e-08  +1.052165e-04  +2.917527e-04  +1.623247e-04  +1.897530e-04  +2.408430e-04  +5.590801e-05  +3.562457e-05  +1.929689e-06  +1.382260e-14  +1.376950e-33  +1.905449e-63  +3.662148e-104  +9.774997e-156  +3.623566e-218  +1.865494e-291  +0.000000e+00 
+4.029485e-267  +3.435792e-198  +4.355424e-140  +8.669023e-93  +2.849693e-56  +1.553251e-30  +1.141315e-14  +2.258996e-05  +1.526691e-04  +2.503671e-04  +1.237103e-04  +5.203692e-05  +6.265165e-05  +1.695500e-08  +2.746924e-09  +5.311928e-12  +7.257840e-10  +8.363029e-05  +4.149793e-04  +2.440450e-04  +2.592653e-04  +1.018220e-04  +9.886481e-05  +3.298081e-05  +6.602401e-14  +3.338775e-33  +3.759389e-63  +6.907384e-104  +1.827413e-155  +7.362100e-204  +9.182541e-255  +1.590882e-316 
+1.261059e-285  +1.496426e-216  +2.955448e-158  +9.411158e-111  +8.220250e-71  +1.209689e-39  +2.473639e-19  +7.045654e-10  +4.227889e-06  +1.662821e-05  +1.070929e-04  +1.631212e-04  +1.636507e-04  +7.986358e-05  +2.282977e-04  +9.295229e-05  +4.261298e-10  +5.444209e-06  +2.093242e-04  +1.120587e-04  +2.830369e-04  +1.653226e-04  +6.706258e-05  +2.047586e-06  +2.247346e-16  +3.559665e-37  +3.175720e-66  +3.582701e-90  +1.025995e-121  +9.211034e-162  +1.149068e-212  +1.991468e-274 
+1.740821e-314  +1.142635e-244  +4.596907e-181  +3.509246e-128  +3.720493e-86  +5.478040e-55  +1.122577e-34  +4.031556e-16  +9.422716e-06  +1.357638e-04  +1.140182e-04  +9.487587e-05  +6.473033e-05  +1.936083e-04  +1.847385e-05  +8.422141e-05  +1.203890e-05  +2.276134e-05  +1.690591e-04  +1.053753e-04  +2.880256e-04  +1.010353e-04  +9.129138e-05  +4.213552e-10  +1.415193e-24  +5.103204e-27  +4.143263e-40  +2.759958e-61  +1.782091e-90  +1.601138e-130  +2.737665e-181  +2.076853e-240 
+0.000000e+00  +5.259490e-271  +2.891042e-207  +2.207005e-154  +2.339902e-112  +3.658837e-74  +4.559232e-42  +6.149413e-20  +3.798745e-07  +4.572512e-05  +1.358741e-04  +1.021089e-04  +4.074526e-05  +8.186777e-05  +3.585712e-05  +6.376960e-06  +1.098311e-10  +3.536587e-05  +2.497415e-04  +3.986318e-04  +2.721978e-04  +3.806356e-04  +5.135896e-05  +1.747664e-08  +1.585672e-09  +9.260882e-12  +1.435937e-22  +6.651090e-41  +5.343124e-70  +1.516007e-107  +3.047780e-155  +8.531211e-214 
+0.000000e+00  +4.593789e-308  +2.525119e-244  +1.873039e-186  +4.156254e-131  +1.490771e-85  +7.739630e-51  +5.618078e-27  +5.679964e-14  +1.215132e-07  +8.762901e-06  +1.785237e-04  +1.612822e-04  +3.768068e-04  +1.780468e-04  +4.363955e-05  +2.899188e-07  +3.798829e-05  +3.684902e-05  +2.150046e-04  +1.865983e-04  +1.313476e-04  +2.046991e-04  +2.091732e-04  +4.824971e-05  +1.674874e-05  +5.546604e-13  +5.719923e-29  +5.954007e-55  +8.640924e-92  +1.741606e-139  +4.875036e-198 
+0.000000e+00  +0.000000e+00  +2.231758e-272  +4.374395e-205  +1.191117e-148  +4.504869e-103  +2.366304e-68  +1.726261e-44  +5.740049e-30  +1.381538e-15  +1.134547e-06  +1.008661e-04  +7.717464e-05  +1.780690e-04  +2.406040e-04  +1.203880e-04  +7.876944e-05  +1.605386e-04  +1.990387e-04  +1.936824e-04  +1.619532e-04  +2.716542e-04  +1.908324e-04  +1.596796e-04  +2.985324e-04  +2.121589e-04  +6.056577e-09  +4.522100e-24  +4.725131e-50  +6.857490e-87  +1.382150e-134  +3.868858e-193 
+0.000000e+00  +0.000000e+00  +9.550737e-301  +1.872955e-233  +5.101011e-177  +1.930563e-131  +8.150110e-88  +7.965957e-52  +1.099468e-26  +3.961935e-11  +1.101900e-04  +1.467187e-04  +1.399001e-04  +7.844204e-05  +3.994254e-05  +2.438998e-04  +3.214643e-04  +2.127749e-04  +2.899140e-04  +2.038875e-04  +8.212211e-05  +1.616490e-04  +1.928324e-04  +4.431428e-05  +9.802002e-06  +6.836923e-08  +3.688576e-14  +5.255170e-30  +5.211212e-56  +7.558081e-93  +1.523344e-140  +4.264085e-199 
+0.000000e+00  +0.000000e+00  +0.000000e+00  +8.426544e-257  +3.074705e-188  +1.558100e-130  +1.096542e-83  +1.071749e-47  +1.454785e-22  +2.742495e-08  +9.691112e-05  +2.207730e-05  +1.466511e-04  +2.772067e-04  +2.640463e-04  +2.141351e-04  +6.584893e-05  +2.048919e-04  +2.341070e-04  +3.453285e-04  +3.134769e-04  +1.561002e-04  +1.728461e-04  +3.155245e-05  +1.799926e-07  +2.614554e-20  +2.693051e-28  +2.490525e-45  +1.098331e-72  +1.162100e-109  +2.331859e-157  +6.526901e-216 
+0.000000e+00  +0.000000e+00  +0.000000e+00  +1.574523e-263  +5.745173e-195  +2.911354e-137  +2.048919e-90  +2.002593e-54  +2.718327e-29  +6.576854e-15  +1.442300e-07  +5.885513e-07  +1.342710e-06  +3.600175e-07  +1.982240e-04  +1.407949e-04  +2.229042e-04  +2.215556e-04  +6.042011e-04  +4.694971e-04  +3.261695e-04  +4.403106e-04  +1.077675e-04  +3.628296e-05  +4.230356e-10  +6.146461e-23  +1.251348e-46  +2.980763e-70  +3.735353e-98  +8.901726e-137  +5.111778e-185  +1.387994e-243 
+0.000000e+00  +0.000000e+00  +0.000000e+00  +4.085891e-281  +1.490873e-212  +7.554967e-155  +5.316948e-108  +5.196769e-72  +8.969400e-47  +1.367044e-28  +1.356771e-20  +7.073443e-18  +1.039850e-10  +9.156280e-06  +8.247516e-05  +2.995551e-04  +3.478581e-04  +1.956334e-04  +3.049203e-04  +1.426032e-04  +2.942209e-04  +4.582299e-05  +7.737545e-06  +6.164169e-12  +9.703194e-21  +2.133295e-36  +4.314206e-60  +1.219809e-94  +6.375590e-134  +1.105340e-172  +2.804259e-222  +4.984415e-282 
+0.000000e+00  +0.000000e+00  +0.000000e+00  +1.472524e-309  +5.372993e-241  +2.722752e-183  +1.916201e-136  +2.360037e-100  +2.503653e-71  +1.787080e-52  +4.562246e-28  +5.452335e-11  +9.124357e-05  +8.281977e-05  +1.272386e-04  +1.892958e-04  +1.288294e-04  +2.586369e-04  +2.529197e-04  +7.023832e-05  +1.145786e-04  +4.604688e-09  +1.887570e-16  +1.535579e-22  +2.089728e-39  +5.110128e-58  +2.076063e-84  +5.840534e-119  +2.293408e-164  +2.755388e-219  +6.329668e-269  +0.000000e+00 
+0.000000e+00  +0.000000e+00  +0.000000e+00  +0.000000e+00  +2.689241e-280  +1.362776e-222  +1.198068e-175  +8.843863e-136  +8.202931e-94  +2.264293e-55  +8.680551e-28  +4.621996e-11  +3.425306e-05  +2.373752e-05  +1.070281e-04  +4.318242e-05  +1.892404e-04  +1.667433e-04  +1.832365e-04  +1.346930e-05  +5.945208e-06  +6.946215e-14  +9.572752e-30  +5.403312e-44  +6.129958e-61  +3.507347e-88  +5.191546e-117  +3.898399e-154  +1.525036e-199  +8.316621e-256  +6.422853e-323  +0.000000e+00 
+0.000000e+00  +0.000000e+00  +0.000000e+00  +0.000000e+00  +0.000000e+00  +1.173404e-272  +3.088853e-212  +4.420534e-152  +8.785979e-103  +2.425178e-64  +9.296831e-37  +6.255631e-20  +1.436803e-07  +1.331610e-04  +1.581757e-04  +2.999811e-05  +1.112637e-04  +2.078189e-04  +1.462968e-04  +1.361504e-04  +1.594597e-10  +3.450605e-22  +7.624942e-44  +1.614864e-71  +2.995633e-93  +4.719805e-121  +3.686808e-158  +1.017497e-197  +1.412354e-245  +7.680395e-302  +0.000000e+00  +0.000000e+00 
+0.000000e+00  +0.000000e+00  +0.000000e+00  +0.000000e+00  +0.000000e+00  +4.458870e-303  +4.594776e-232  +6.575697e-172  +1.306945e-122  +9.265690e-84  +6.537470e-49  +1.049019e-24  +2.351108e-11  +3.282252e-06  +3.877791e-06  +6.163580e-08  +4.011213e-05  +5.515096e-05  +1.078145e-06  +9.485471e-07  +3.263912e-16  +4.327597e-33  +4.756847e-60  +1.072147e-92  +5.864141e-135  +3.203266e-164  +7.009167e-203  +9.766769e-250  +3.847446e-300  +0.000000e+00  +0.000000e+00  +0.000000e+00 
+0.000000e+00  +0.000000e+00  +0.000000e+00  +0.000000e+00  +0.000000e+00  +0.000000e+00  +9.492261e-263  +3.069705e-201  +1.757515e-144  +1.462167e-98  +1.689402e-63  +2.711304e-39  +6.005047e-25  +3.050646e-15  +9.819362e-15  +5.609282e-18  +1.082432e-13  +2.510321e-13  +2.307511e-16  +2.290625e-16  +3.166168e-27  +7.573822e-49  +2.865043e-77  +7.624566e-116  +3.297050e-163  +2.026257e-217  +6.606530e-257  +2.007636e-306  +0.000000e+00  +0.000000e+00  +0.000000e+00  +0.000000e+00 
+0.000000e+00  +0.000000e+00  +0.000000e+00  +0.000000e+00  +0.000000e+00  +0.000000e+00  +2.441060e-294  +1.052932e-226  +6.307546e-170  +5.247571e-124  +6.063121e-89  +1.221960e-64  +5.283548e-46  +1.159748e-34  +3.743560e-34  +1.859281e-37  +5.601402e-33  +3.029443e-32  +8.179450e-37  +7.978390e-37  +1.102986e-47  +2.117694e-69  +5.660443e-102  +3.678920e-143  +1.351893e-192  +6.957916e-253  +1.492572e-320  +0.000000e+00  +0.000000e+00  +0.000000e+00  +0.000000e+00  +0.000000e+00 
+0.000000e+00  +0.000000e+00  +0.000000e+00  +0.000000e+00  +0.000000e+00  +0.000000e+00  +0.000000e+00  +5.248071e-263  +3.143834e-206  +2.615517e-160  +3.044642e-125  +3.509469e-98  +2.642132e-76  +6.140477e-65  +1.982098e-64  +8.880175e-68  +7.806066e-63  +7.320141e-62  +4.701097e-68  +3.860220e-68  +5.336634e-79  +1.024615e-100  +2.732070e-133  +1.011746e-176  +1.421181e-230  +4.623787e-291  +0.000000e+00  +0.000000e+00  +0.000000e+00  +0.000000e+00  +0.000000e+00  +0.000000e+00 
+0.000000e+00  +0.000000e+00  +0.000000e+00  +0.000000e+00  +0.000000e+00  +0.000000e+00  +0.000000e+00  +3.632761e-310  +2.176190e-253  +1.810882e-207  +2.740802e-171  +1.162846e-139  +1.942653e-117  +4.515234e-106  +1.457482e-105  +5.890610e-109  +2.463714e-103  +2.710170e-102  +8.355092e-110  +2.593865e-110  +3.585938e-121  +6.884874e-143  +1.835808e-175  +6.798238e-219  +3.496259e-273  +0.000000e+00  +0.000000e+00  +0.000000e+00  +0.000000e+00  +0.000000e+00  +0.000000e+00  +0.000000e+00 
