+0.000000e+00  +0.000000e+00  +0.000000e+00  +0.000000e+00  +0.000000e+00  +0.000000e+00  +0.000000e+00  +0.000000e+00  +0.000000e+00  +0.000000e+00  +0.000000e+00  +0.000000e+00  +0.000000e+00  +0.000000e+00  +0.000000e+00  +9.854046e-292  +9.004321e-248  +1.142912e-214  +2.014710e-192  +4.932309e-181  +1.676975e-180  +7.922066e-191  +5.891738e-212  +1.917927e-242  +6.952432e-283  +0.000000e+00  +0.000000e+00  +0.000000e+00  +0.000000e+00  +0.000000e+00  +0.000000e+00  +0.000000e+00 
+0.000000e+00  +0.000000e+00  +0.000000e+00  +0.000000e+00  +0.000000e+00  +0.000000e+00  +0.000000e+00  +0.000000e+00  +0.000000e+00  +0.000000e+00  +0.000000e+00  +6.338752e-310  +1.009187e-282  +2.231560e-266  +8.038743e-261  +4.935078e-234  +1.360637e-191  +1.727023e-158  +3.044373e-136  +7.453077e-125  +2.534084e-124  +1.204444e-134  +2.308841e-155  +4.085747e-185  +1.515737e-225  +7.822931e-277  +0.000000e+00  +0.000000e+00  +0.000000e+00  +0.000000e+00  +0.000000e+00  +0.000000e+00 
+0.000000e+00  +0.000000e+00  +0.000000e+00  +0.000000e+00  +0.000000e+00  +0.000000e+00  +0.000000e+00  +0.000000e+00  +0.000000e+00  +0.000000e+00  +8.200751e-279  +9.401207e-241  +1.496758e-213  +3.309717e-197  +1.205447e-191  +1.603201e-183  +9.230210e-146  +3.624282e-113  +6.388828e-91  +1.564081e-79  +5.319558e-79  +2.750544e-89  +4.779989e-109  +1.235168e-138  +4.589683e-179  +4.101264e-223  +1.810221e-264  +1.109728e-316  +0.000000e+00  +0.000000e+00  +0.000000e+00  +0.000000e+00 
+0.000000e+00  +0.000000e+00  +0.000000e+00  +0.000000e+00  +0.000000e+00  +0.000000e+00  +0.000000e+00  +0.000000e+00  +0.000000e+00  +2.046348e-269  +1.689163e-220  +1.936428e-182  +3.082971e-155  +6.817281e-139  +2.512155e-133  +4.337428e-136  +2.965841e-106  +1.221396e-78  +1.862014e-56  +4.558554e-45  +1.557135e-44  +1.739344e-54  +1.945922e-73  +5.194076e-103  +2.842918e-139  +9.034640e-170  +3.988354e-211  +1.242052e-262  +2.183770e-321  +0.000000e+00  +0.000000e+00  +0.000000e+00 
+0.000000e+00  +0.000000e+00  +0.000000e+00  +0.000000e+00  +0.000000e+00  +0.000000e+00  +0.000000e+00  +2.329691e-295  +1.574158e-260  +5.853859e-222  +4.832004e-173  +5.539330e-135  +8.819119e-108  +1.950157e-91  +7.276090e-86  +1.333591e-88  +1.412525e-76  +1.062261e-50  +7.651275e-33  +1.845532e-21  +6.699566e-21  +6.198974e-30  +1.136139e-48  +4.104121e-77  +8.696932e-97  +2.764942e-127  +1.163226e-167  +1.642013e-215  +3.596184e-274  +0.000000e+00  +0.000000e+00  +0.000000e+00 
+0.000000e+00  +0.000000e+00  +0.000000e+00  +0.000000e+00  +0.000000e+00  +5.150758e-318  +5.053552e-268  +6.886099e-229  +6.940343e-198  +7.754520e-171  +1.921140e-136  +2.200650e-98  +3.503636e-71  +7.747584e-55  +2.928993e-49  +5.694545e-52  +3.540115e-53  +1.444166e-31  +7.766759e-17  +1.058031e-08  +7.263945e-08  +5.050735e-16  +9.612869e-35  +1.614720e-45  +3.697740e-65  +2.213510e-94  +2.380116e-131  +3.753517e-179  +5.830678e-234  +4.583198e-295  +0.000000e+00  +0.000000e+00 
+0.000000e+00  +0.000000e+00  +0.000000e+00  +0.000000e+00  +1.374314e-311  +3.880951e-262  +2.413371e-212  +3.288423e-173  +6.822874e-145  +4.885581e-121  +2.526049e-102  +1.259650e-72  +1.933084e-45  +4.274656e-29  +1.638789e-23  +3.386304e-26  +1.596937e-33  +5.426329e-19  +2.984609e-08  +2.272860e-04  +9.820413e-05  +4.667994e-12  +5.782506e-16  +9.541878e-25  +8.356507e-43  +6.654206e-69  +9.740878e-106  +8.905923e-146  +5.041407e-196  +3.963351e-257  +0.000000e+00  +0.000000e+00 
+0.000000e+00  +0.000000e+00  +0.000000e+00  +1.745187e-315  +3.783385e-256  +3.693791e-207  +1.666633e-167  +2.180987e-128  +4.127263e-100  +3.416899e-80  +9.177963e-64  +2.524404e-49  +4.149896e-30  +3.275474e-14  +1.274464e-08  +5.480173e-11  +5.029781e-16  +1.293100e-16  +4.377074e-06  +1.145835e-04  +2.024144e-04  +1.406737e-05  +4.753128e-06  +6.173120e-13  +3.588272e-28  +8.943801e-51  +2.624073e-79  +1.069574e-118  +6.054575e-169  +4.760063e-230  +6.075120e-280  +0.000000e+00 
+0.000000e+00  +0.000000e+00  +1.044774e-292  +1.416304e-248  +1.448853e-211  +1.404800e-162  +1.951273e-124  +2.036434e-94  +3.801531e-66  +1.055922e-48  +8.432845e-36  +7.832970e-28  +2.059116e-16  +3.059517e-08  +1.426755e-04  +1.097293e-04  +5.195845e-07  +2.670545e-10  +9.222213e-05  +3.042265e-05  +2.262552e-04  +1.560652e-04  +1.632789e-04  +5.682050e-09  +7.060941e-17  +1.491249e-34  +4.376691e-63  +1.783942e-102  +7.838766e-146  +6.547001e-182  +6.089518e-220  +3.558710e-266 
+0.000000e+00  +1.750047e-291  +1.708227e-236  +2.315684e-192  +4.359645e-159  +7.465424e-129  +1.008271e-90  +2.140298e-63  +5.185265e-43  +1.278050e-25  +8.704955e-17  +5.616369e-11  +8.640011e-10  +5.069747e-05  +1.354607e-05  +7.308922e-06  +1.230779e-04  +1.316093e-04  +1.482433e-04  +1.336990e-04  +1.489553e-04  +2.082158e-04  +1.752765e-04  +1.514839e-04  +1.684293e-11  +3.572707e-29  +8.069727e-56  +2.147085e-78  +2.718352e-105  +4.016300e-135  +1.690027e-170  +9.971701e-217 
+5.664935e-312  +3.973843e-246  +3.878882e-191  +5.258239e-147  +9.899474e-114  +2.588344e-91  +7.425267e-68  +1.408666e-40  +5.734288e-24  +3.270583e-13  +8.566093e-07  +8.101054e-05  +2.853724e-05  +2.007716e-05  +1.896189e-04  +5.440756e-05  +2.847197e-04  +2.308332e-04  +2.249816e-04  +1.688665e-04  +8.815438e-05  +2.347561e-04  +4.266813e-04  +2.863514e-04  +2.618240e-09  +6.321911e-21  +1.201068e-32  +2.181766e-50  +5.131634e-72  +1.547999e-96  +6.731005e-132  +8.377127e-173 
+4.014829e-271  +1.127978e-210  +1.223257e-156  +1.658209e-112  +3.121843e-79  +8.162455e-57  +7.656781e-45  +3.274549e-28  +3.940641e-12  +5.324310e-06  +1.880347e-04  +1.574045e-04  +4.652281e-05  +1.298202e-04  +2.808051e-04  +8.595532e-05  +1.207595e-04  +3.372630e-04  +1.499465e-04  +1.594156e-04  +6.517007e-05  +1.897186e-04  +1.680496e-04  +1.623864e-04  +1.844220e-05  +1.297487e-08  +3.379998e-17  +3.777831e-30  +2.734787e-44  +9.242803e-69  +2.652908e-98  +1.023793e-137 
+2.039728e-238  +5.094004e-178  +1.766841e-128  +8.113368e-89  +1.367251e-55  +3.574849e-33  +1.298092e-21  +4.430141e-14  +3.856013e-07  +1.658277e-04  +2.208259e-04  +2.224899e-04  +3.813061e-04  +4.240812e-04  +1.838968e-04  +4.393332e-05  +2.370707e-04  +4.222869e-04  +1.183336e-04  +4.683444e-04  +9.954527e-05  +3.380828e-04  +1.834059e-04  +1.996862e-04  +2.965445e-05  +3.055168e-05  +5.539122e-08  +9.319812e-14  +2.884476e-27  +1.620652e-45  +4.502733e-74  +1.737677e-113 
+1.439181e-216  +3.594203e-156  +1.246602e-106  +6.004692e-68  +4.025223e-40  +2.178111e-20  +7.895992e-09  +9.295678e-08  +1.466613e-04  +1.376870e-04  +8.180906e-05  +1.512166e-04  +2.790529e-04  +9.337436e-05  +3.376059e-04  +1.228096e-04  +9.550341e-05  +1.235049e-04  +7.989795e-05  +1.571167e-04  +2.325727e-04  +4.060772e-04  +5.460369e-04  +3.984706e-04  +7.511220e-05  +3.099018e-05  +1.240684e-04  +4.072869e-07  +1.916869e-14  +3.819631e-32  +1.061380e-60  +4.096038e-100 
+6.203505e-188  +3.524799e-145  +1.221543e-95  +5.883991e-57  +3.936162e-29  +3.656892e-12  +5.982527e-06  +1.327256e-04  +1.712058e-04  +3.656643e-05  +2.093700e-04  +8.252059e-05  +2.083572e-04  +3.585458e-04  +1.155744e-04  +1.480203e-05  +8.912083e-06  +8.504727e-10  +2.628467e-05  +1.781394e-04  +7.599520e-05  +2.266760e-04  +1.369451e-04  +2.480578e-04  +8.945719e-05  +2.013171e-04  +2.840628e-04  +5.105029e-05  +6.251409e-12  +1.250401e-29  +3.474593e-58  +1.340901e-97 
+3.146387e-149  +1.442559e-109  +9.194496e-81  +8.007425e-57  +5.356637e-29  +4.979318e-12  +2.361637e-05  +1.462058e-04  +1.093354e-04  +1.474583e-04  +2.516263e-04  +1.169532e-04  +1.681093e-04  +4.180931e-05  +2.634614e-10  +3.313502e-11  +1.300647e-06  +8.298680e-12  +1.801393e-10  +3.288316e-05  +1.444488e-04  +8.427021e-05  +1.350803e-04  +1.317976e-04  +1.354591e-04  +1.287727e-04  +2.367212e-04  +1.040746e-04  +6.051790e-12  +5.299888e-30  +7.118970e-59  +1.469370e-98 
+2.216282e-121  +1.016123e-81  +6.470156e-53  +6.072409e-35  +1.700365e-25  +1.081784e-11  +4.081271e-05  +2.612500e-04  +5.680514e-05  +3.331144e-05  +2.071967e-04  +1.970536e-04  +8.746034e-05  +7.182758e-10  +7.195060e-12  +8.795289e-05  +9.135699e-05  +2.031467e-06  +1.608953e-05  +1.481933e-04  +2.217721e-04  +1.149212e-04  +6.995595e-04  +3.111715e-04  +2.025542e-04  +1.726847e-04  +1.220455e-04  +5.239648e-05  +2.941396e-13  +1.232925e-31  +2.091939e-60  +5.419842e-100 
+2.168083e-104  +9.940249e-65  +6.329315e-36  +5.604292e-18  +3.271499e-10  +1.102465e-07  +1.654736e-04  +3.877781e-04  +2.274274e-04  +2.996686e-04  +7.185162e-05  +1.881114e-04  +1.698316e-04  +4.538259e-05  +4.884614e-10  +1.877724e-04  +1.538694e-05  +8.737197e-05  +1.064000e-04  +2.029394e-04  +9.977653e-05  +2.136134e-04  +1.527387e-04  +2.677883e-04  +2.832406e-04  +1.778563e-05  +1.819130e-05  +5.534824e-08  +2.396524e-18  +1.230990e-37  +9.816192e-68  +1.087602e-108 
+1.638253e-95  +1.354935e-58  +8.599301e-30  +7.607351e-12  +1.144784e-04  +4.898339e-05  +4.605443e-04  +2.015625e-04  +2.869282e-04  +2.055459e-04  +1.923028e-04  +1.747474e-04  +1.098822e-06  +1.242962e-05  +4.877886e-06  +1.125464e-04  +9.831711e-05  +3.965697e-05  +1.978350e-04  +2.079406e-04  +2.341884e-04  +1.811391e-04  +1.884490e-04  +1.190473e-04  +1.702328e-04  +1.417649e-04  +1.631614e-04  +1.128057e-06  +1.024473e-16  +1.342477e-37  +2.443163e-69  +6.174986e-112 
+1.299707e-80  +1.553847e-46  +2.581496e-23  +3.551542e-10  +8.863625e-05  +1.495327e-04  +6.563611e-04  +1.992375e-04  +3.497859e-04  +2.209743e-04  +2.855508e-04  +8.168618e-05  +3.129827e-06  +1.799207e-04  +2.356412e-05  +2.120870e-04  +1.142218e-04  +7.626899e-05  +2.591809e-04  +1.598875e-04  +1.857600e-04  +1.896966e-04  +1.283938e-08  +3.716284e-06  +3.079907e-05  +6.188088e-05  +2.187421e-04  +3.810937e-07  +3.122037e-17  +4.090869e-38  +7.444939e-70  +1.881675e-112 
+1.434821e-76  +1.715380e-42  +2.848160e-19  +6.607439e-07  +1.270893e-04  +3.546807e-04  +3.394197e-04  +1.180107e-04  +2.727463e-04  +2.425154e-04  +1.885266e-04  +6.841983e-05  +6.794531e-05  +7.107274e-05  +1.212131e-06  +1.502716e-04  +1.654162e-05  +1.836010e-04  +2.100143e-04  +1.836200e-04  +1.744390e-05  +7.742512e-05  +2.484077e-08  +9.943909e-11  +1.175890e-06  +1.128361e-08  +1.023213e-09  +8.068412e-16  +1.355993e-28  +1.731280e-49  +3.150705e-81  +7.963265e-124 
+2.199822e-83  +2.629981e-49  +4.385115e-26  +4.238994e-13  +3.448736e-06  +2.240435e-04  +4.135121e-04  +1.363038e-04  +2.764055e-04  +5.683427e-06  +1.639973e-04  +1.201648e-04  +2.200387e-04  +7.734544e-05  +1.398667e-04  +2.137179e-04  +2.528811e-05  +6.873694e-05  +6.209863e-06  +4.208193e-05  +1.029072e-04  +8.057923e-05  +7.465695e-11  +8.144274e-23  +9.596937e-19  +6.619180e-21  +1.192440e-25  +8.264346e-32  +8.979671e-49  +1.022205e-71  +1.851796e-103  +4.680321e-146 
+4.684003e-101  +5.616291e-67  +3.007080e-43  +5.793538e-24  +9.515644e-13  +4.070777e-09  +5.106551e-05  +2.494191e-04  +2.016934e-04  +3.061398e-05  +2.407743e-04  +2.994996e-06  +1.927392e-04  +1.966528e-05  +2.543451e-04  +1.995913e-06  +1.107509e-04  +1.886116e-05  +1.965610e-10  +9.822186e-08  +3.268681e-06  +1.454666e-06  +3.422219e-13  +3.656327e-30  +1.087827e-41  +7.384723e-44  +2.106378e-52  +1.316611e-58  +1.294287e-75  +1.994977e-103  +1.512734e-136  +3.820307e-179 
+1.387920e-129  +4.459617e-95  +1.886817e-63  +2.047286e-41  +1.322203e-29  +1.894905e-19  +6.797221e-10  +7.351241e-05  +1.312284e-04  +5.840958e-05  +2.154740e-04  +7.526089e-05  +1.577804e-04  +3.526192e-05  +5.390279e-05  +7.965951e-07  +1.375377e-05  +3.005935e-08  +7.103535e-20  +3.594122e-20  +1.242892e-15  +7.150230e-16  +7.050859e-26  +6.918405e-43  +1.026593e-70  +1.144575e-77  +1.357506e-89  +2.913144e-96  +2.863696e-113  +3.909640e-141  +9.647208e-180  +4.331309e-223 
+3.287958e-168  +1.185288e-124  +9.255481e-92  +1.023687e-69  +2.840813e-55  +9.830195e-35  +1.890134e-18  +1.532770e-09  +8.051637e-05  +1.117185e-04  +2.321362e-08  +4.112573e-07  +3.047280e-05  +1.061008e-06  +1.212866e-08  +6.454129e-15  +6.263557e-14  +1.534384e-19  +8.842041e-32  +2.835922e-42  +1.212730e-35  +7.029708e-36  +5.676520e-47  +1.824372e-66  +2.697676e-94  +2.463725e-122  +1.311354e-134  +8.951677e-145  +8.799729e-162  +1.201357e-189  +2.277818e-228  +1.317714e-277 
+1.436134e-207  +8.074776e-164  +6.306033e-131  +1.177893e-108  +4.709424e-81  +9.882384e-54  +1.189948e-32  +4.647818e-17  +2.522482e-12  +1.930282e-11  +9.889215e-17  +5.433352e-19  +1.900071e-14  +2.874628e-18  +1.530874e-21  +1.370751e-32  +7.055059e-33  +4.621877e-41  +3.157706e-54  +3.535796e-75  +1.655925e-66  +9.599388e-67  +7.728319e-78  +9.304496e-100  +9.846587e-129  +2.028850e-167  +3.917884e-190  +3.820191e-204  +3.755344e-221  +5.126874e-249  +9.720610e-288  +0.000000e+00 
+1.358749e-257  +7.639680e-214  +5.991589e-181  +5.669633e-149  +9.968697e-111  +1.862660e-77  +5.238811e-51  +2.046306e-35  +1.110206e-30  +4.734523e-29  +2.425678e-34  +4.077954e-41  +1.947483e-34  +1.742979e-38  +2.684619e-45  +2.274943e-56  +1.107203e-62  +1.781923e-72  +3.085678e-87  +2.490938e-110  +3.140397e-108  +1.820488e-108  +1.465646e-119  +1.638766e-141  +7.534640e-174  +1.028317e-212  +1.626582e-256  +2.264161e-274  +2.225707e-291  +3.038603e-319  +0.000000e+00  +0.000000e+00 
+1.785341e-318  +1.003850e-274  +1.463107e-238  +1.943014e-189  +5.623808e-144  +1.138918e-106  +3.203260e-80  +1.251209e-64  +6.791811e-60  +1.612993e-57  +8.263993e-63  +4.361579e-72  +2.796829e-65  +2.492712e-69  +6.558459e-80  +5.538160e-91  +2.413227e-103  +3.244758e-113  +1.746520e-130  +1.713804e-154  +8.271167e-161  +4.794795e-161  +3.860212e-172  +4.316088e-194  +6.705557e-227  +7.382843e-269  +2.071568e-318  +0.000000e+00  +0.000000e+00  +0.000000e+00  +0.000000e+00  +0.000000e+00 
+0.000000e+00  +0.000000e+00  +7.588088e-290  +3.274944e-232  +4.775598e-184  +9.671407e-147  +2.720129e-120  +1.062496e-104  +5.784409e-100  +7.631804e-97  +3.910071e-102  +8.697610e-114  +5.580604e-107  +4.972994e-111  +2.894736e-125  +1.872399e-136  +7.306982e-155  +9.813435e-165  +2.372075e-184  +3.206301e-209  +3.025429e-224  +1.753841e-224  +1.411989e-235  +1.578739e-257  +2.451475e-290  +0.000000e+00  +0.000000e+00  +0.000000e+00  +0.000000e+00  +0.000000e+00  +0.000000e+00  +0.000000e+00 
+0.000000e+00  +0.000000e+00  +0.000000e+00  +3.862239e-283  +5.632006e-235  +1.140578e-197  +3.207929e-171  +1.253033e-155  +6.933267e-151  +5.014872e-147  +2.569314e-152  +2.428453e-166  +1.546476e-159  +1.378087e-163  +1.706796e-178  +8.791627e-193  +1.038231e-214  +4.125401e-227  +8.094822e-248  +3.478750e-274  +1.536898e-298  +8.909396e-299  +7.172811e-310  +0.000000e+00  +0.000000e+00  +0.000000e+00  +0.000000e+00  +0.000000e+00  +0.000000e+00  +0.000000e+00  +0.000000e+00  +0.000000e+00 
+0.000000e+00  +0.000000e+00  +0.000000e+00  +0.000000e+00  +9.224362e-297  +1.868092e-259  +5.254096e-233  +2.052276e-217  +1.237352e-212  +4.576468e-208  +2.344703e-213  +2.595908e-229  +5.951738e-223  +5.303677e-227  +6.563697e-242  +5.732950e-260  +6.750196e-282  +2.408523e-300  +4.495997e-321  +0.000000e+00  +0.000000e+00  +0.000000e+00  +0.000000e+00  +0.000000e+00  +0.000000e+00  +0.000000e+00  +0.000000e+00  +0.000000e+00  +0.000000e+00  +0.000000e+00  +0.000000e+00  +0.000000e+00 
+0.000000e+00  +0.000000e+00  +0.000000e+00  +0.000000e+00  +0.000000e+00  +0.000000e+00  +1.195114e-305  +4.668174e-290  +4.104587e-285  +5.800146e-280  +2.971641e-285  +2.119380e-301  +3.181136e-297  +2.834755e-301  +3.508219e-316  +0.000000e+00  +0.000000e+00  +0.000000e+00  +0.000000e+00  +0.000000e+00  +0.000000e+00  +0.000000e+00  +0.000000e+00  +0.000000e+00  +0.000000e+00  +0.000000e+00  +0.000000e+00  +0.000000e+00  +0.000000e+00  +0.000000e+00  +0.000000e+00  +0.000000e+00 
