+0.000000e+00  +0.000000e+00  +0.000000e+00  +0.000000e+00  +0.000000e+00  +0.000000e+00  +0.000000e+00  +0.000000e+00  +0.000000e+00  +1.474207e-316  +1.842994e-286  +3.199833e-267  +7.715580e-259  +2.583735e-261  +1.201614e-274  +7.761047e-299  +7.274672e-319  +1.235658e-320  +5.917427e-308  +7.210279e-301  +1.220139e-304  +2.867656e-319  +0.000000e+00  +0.000000e+00  +0.000000e+00  +0.000000e+00  +0.000000e+00  +0.000000e+00  +0.000000e+00  +0.000000e+00  +0.000000e+00  +0.000000e+00 
+0.000000e+00  +0.000000e+00  +0.000000e+00  +0.000000e+00  +0.000000e+00  +0.000000e+00  +0.000000e+00  +0.000000e+00  +1.065422e-288  +9.590677e-248  +1.198988e-217  +2.081700e-198  +5.019488e-190  +1.680888e-192  +7.817284e-206  +5.049067e-230  +9.117974e-242  +1.579679e-243  +3.418860e-233  +4.165820e-226  +7.049489e-230  +1.667694e-244  +2.939357e-264  +1.094771e-292  +0.000000e+00  +0.000000e+00  +0.000000e+00  +0.000000e+00  +0.000000e+00  +0.000000e+00  +0.000000e+00  +0.000000e+00 
+0.000000e+00  +0.000000e+00  +0.000000e+00  +0.000000e+00  +0.000000e+00  +0.000000e+00  +0.000000e+00  +1.485118e-282  +9.626103e-231  +8.665188e-190  +1.083287e-159  +1.880818e-140  +4.535113e-132  +1.518684e-134  +7.062926e-148  +4.561838e-172  +1.587158e-175  +2.957738e-177  +2.743264e-169  +3.342619e-162  +5.656451e-166  +2.560198e-180  +3.300946e-198  +1.229448e-226  +6.359453e-266  +5.142352e-309  +0.000000e+00  +0.000000e+00  +0.000000e+00  +0.000000e+00  +0.000000e+00  +0.000000e+00 
+0.000000e+00  +0.000000e+00  +0.000000e+00  +0.000000e+00  +0.000000e+00  +0.000000e+00  +3.992787e-298  +1.863493e-235  +1.207862e-183  +1.087288e-142  +1.359284e-112  +2.360008e-93  +5.690558e-85  +1.905610e-87  +8.862400e-101  +5.724407e-125  +3.836897e-120  +9.109488e-122  +3.056976e-116  +3.724871e-109  +6.303315e-113  +1.934497e-125  +5.148293e-143  +1.917498e-171  +1.000762e-210  +8.204490e-240  +4.286423e-275  +1.289533e-299  +0.000000e+00  +0.000000e+00  +0.000000e+00  +0.000000e+00 
+0.000000e+00  +0.000000e+00  +0.000000e+00  +0.000000e+00  +0.000000e+00  +0.000000e+00  +6.957941e-262  +3.247374e-199  +2.104853e-147  +1.894739e-106  +2.368726e-76  +4.112616e-57  +9.916524e-49  +3.320770e-51  +1.544387e-64  +1.060423e-84  +1.288184e-75  +5.621428e-77  +4.731015e-74  +5.764657e-67  +9.757229e-71  +4.158305e-81  +1.115132e-98  +4.153393e-127  +1.214364e-154  +1.817939e-181  +2.662111e-206  +8.040730e-231  +3.372894e-266  +2.467471e-312  +0.000000e+00  +0.000000e+00 
+0.000000e+00  +0.000000e+00  +0.000000e+00  +0.000000e+00  +0.000000e+00  +5.010831e-310  +1.683927e-236  +7.859138e-174  +5.094065e-122  +4.585555e-81  +5.732676e-51  +9.953155e-32  +2.399949e-23  +8.036767e-26  +3.737650e-39  +4.943958e-51  +6.006395e-42  +7.277570e-43  +1.016867e-42  +1.239007e-35  +2.161447e-39  +1.250816e-47  +3.354493e-65  +4.147381e-90  +3.736921e-107  +6.654273e-134  +2.305298e-148  +6.962998e-173  +2.938037e-208  +3.559623e-250  +1.021500e-300  +0.000000e+00 
+0.000000e+00  +0.000000e+00  +1.185758e-321  +1.986228e-289  +3.800602e-262  +7.864472e-243  +5.665522e-222  +2.642275e-159  +1.712298e-107  +1.541282e-66  +1.926818e-36  +3.345354e-17  +8.066458e-09  +2.701233e-11  +1.261958e-24  +3.319249e-28  +3.889445e-19  +1.646147e-19  +3.093231e-22  +3.698383e-15  +3.331900e-18  +5.225549e-25  +1.604635e-41  +1.481644e-54  +1.597066e-70  +1.274778e-87  +2.772463e-101  +8.375179e-126  +1.697926e-158  +3.501355e-198  +1.124200e-243  +2.256383e-292 
+0.000000e+00  +6.968918e-296  +3.824030e-253  +6.409696e-221  +5.385646e-197  +1.050443e-177  +3.907517e-165  +2.334086e-153  +4.307203e-102  +1.140898e-61  +4.653419e-32  +3.392486e-13  +5.005486e-05  +1.645389e-07  +1.556557e-10  +3.226856e-13  +3.497837e-07  +5.597336e-07  +9.359666e-11  +1.533323e-05  +1.572643e-06  +3.152952e-13  +2.185627e-21  +8.798662e-29  +9.671285e-45  +2.129174e-51  +4.630670e-65  +1.695585e-88  +2.314782e-117  +1.186785e-153  +1.714467e-191  +3.723558e-240 
+1.725814e-278  +6.815438e-233  +1.719902e-195  +2.876568e-163  +7.750229e-142  +2.057868e-123  +2.360207e-112  +6.645525e-108  +5.850235e-90  +4.624872e-63  +1.624187e-33  +7.921559e-15  +5.485422e-07  +6.384725e-05  +5.956830e-05  +1.231487e-07  +1.861368e-05  +8.486972e-05  +2.750242e-05  +1.901372e-05  +8.007850e-05  +2.734098e-05  +9.747323e-09  +7.918314e-14  +3.154249e-23  +4.938850e-26  +1.349629e-39  +2.951621e-58  +2.463337e-85  +2.512604e-112  +4.551389e-150  +3.118422e-195 
+4.298182e-226  +1.697398e-180  +9.320072e-146  +1.792883e-116  +4.173822e-95  +5.608686e-80  +2.122732e-70  +5.542108e-66  +3.954856e-56  +3.124950e-43  +1.311103e-40  +1.115041e-23  +2.451849e-09  +7.706491e-06  +1.409041e-04  +1.822673e-04  +1.573884e-05  +1.302188e-04  +2.731089e-04  +2.865915e-04  +5.220449e-04  +2.723434e-04  +2.927028e-04  +1.059078e-06  +1.015980e-08  +1.600440e-11  +7.259499e-21  +2.108274e-38  +7.102448e-55  +1.317271e-81  +1.410731e-115  +4.779416e-160 
+1.486667e-184  +5.871006e-139  +3.219952e-104  +4.004486e-80  +3.612580e-59  +2.239766e-47  +8.046601e-39  +6.441753e-35  +2.111756e-30  +7.687944e-21  +3.222594e-18  +5.381557e-17  +1.624756e-19  +1.914157e-15  +1.846445e-08  +1.834135e-04  +1.182243e-04  +1.545765e-05  +2.349409e-04  +1.295046e-04  +3.288634e-05  +1.374952e-04  +1.973549e-04  +3.367986e-05  +5.445460e-05  +3.450579e-05  +8.432531e-12  +3.879241e-19  +9.908977e-35  +1.231050e-57  +3.004579e-91  +2.632775e-135 
+8.984717e-154  +2.820196e-108  +1.546736e-73  +1.178126e-49  +4.355253e-34  +1.415139e-23  +3.062890e-17  +1.039862e-14  +2.120177e-15  +9.620857e-09  +1.100151e-06  +3.954720e-06  +1.611347e-07  +1.441408e-13  +2.585040e-08  +1.594300e-04  +1.999197e-04  +6.480670e-05  +4.845263e-04  +3.024781e-04  +2.428748e-04  +3.293067e-04  +1.547288e-04  +2.365650e-04  +1.529853e-04  +1.230120e-04  +5.526644e-05  +1.857810e-09  +2.074118e-21  +1.667732e-43  +1.135764e-73  +1.387939e-114 
+8.238758e-124  +4.708373e-85  +1.032234e-53  +7.859515e-30  +8.321244e-17  +2.343980e-09  +2.211256e-06  +2.332117e-05  +1.977832e-10  +9.902814e-05  +1.893647e-04  +8.849010e-05  +5.334761e-05  +1.763445e-05  +1.797387e-04  +7.798674e-05  +3.753634e-04  +2.721725e-04  +4.754963e-04  +4.781045e-04  +1.743844e-04  +6.744593e-05  +1.926512e-04  +1.887952e-04  +1.202032e-04  +3.754965e-04  +2.060480e-04  +6.109553e-06  +2.456221e-14  +1.774856e-33  +8.726361e-58  +8.004546e-89 
+5.113874e-104  +2.921363e-65  +2.317709e-37  +3.284247e-20  +7.703998e-08  +2.792766e-05  +1.329662e-04  +2.332065e-05  +7.960338e-06  +3.163611e-06  +5.140259e-05  +2.175981e-04  +2.232992e-04  +9.844253e-05  +2.551878e-04  +2.697858e-04  +4.247420e-04  +3.187475e-04  +1.367810e-04  +4.057526e-04  +2.465754e-04  +4.690686e-05  +3.377335e-04  +1.354701e-04  +1.522646e-04  +3.580409e-04  +3.044066e-04  +9.470169e-05  +2.255948e-10  +1.070836e-20  +7.073641e-41  +6.489349e-72 
+4.408351e-95  +2.518324e-56  +1.997952e-28  +2.201390e-11  +3.758301e-05  +1.779559e-04  +3.359683e-07  +2.133765e-09  +7.955614e-05  +1.844896e-04  +1.677523e-04  +1.689797e-06  +1.769653e-04  +1.493297e-04  +2.218324e-04  +1.724046e-04  +1.195696e-04  +1.971766e-04  +2.760096e-04  +4.163005e-04  +2.218564e-04  +2.551983e-04  +3.123765e-04  +4.397495e-05  +2.528000e-04  +2.404227e-04  +1.362916e-04  +9.694328e-05  +2.535351e-05  +1.205673e-14  +7.964264e-35  +7.306402e-66 
+9.612098e-96  +3.905251e-57  +2.227265e-29  +2.108597e-12  +6.793716e-05  +1.214109e-04  +3.393157e-05  +1.243167e-04  +5.583191e-05  +1.820255e-04  +1.292154e-04  +2.269408e-04  +1.906962e-04  +2.298879e-04  +2.118829e-04  +4.426192e-04  +2.604852e-04  +2.421723e-04  +1.500527e-04  +5.763132e-04  +1.081462e-04  +2.572569e-04  +2.353765e-04  +1.175096e-04  +2.153080e-04  +1.405610e-05  +3.904292e-07  +1.306134e-04  +3.440763e-06  +7.401945e-17  +2.324980e-38  +2.053264e-70 
+2.823884e-79  +4.006710e-49  +6.449242e-28  +7.497265e-11  +1.302850e-04  +2.160143e-04  +6.106512e-05  +3.554115e-04  +9.353057e-05  +9.259185e-05  +7.811408e-05  +1.563730e-04  +1.684434e-04  +1.447905e-04  +1.833433e-04  +2.238116e-04  +1.625319e-04  +1.159307e-04  +1.093748e-04  +2.520619e-04  +8.666557e-05  +1.059573e-04  +7.847406e-05  +1.276983e-04  +4.151335e-04  +3.095634e-08  +1.284433e-13  +1.698570e-10  +2.988154e-14  +6.409817e-25  +1.910373e-46  +7.907308e-79 
+7.504662e-66  +1.064810e-35  +2.098221e-16  +5.742533e-08  +1.682941e-05  +8.437337e-05  +1.549737e-04  +2.326491e-04  +3.123203e-05  +1.074734e-04  +2.025563e-04  +6.315068e-05  +6.670377e-05  +2.096379e-04  +1.226655e-04  +2.153520e-04  +2.481392e-04  +1.513458e-04  +1.352327e-04  +1.366010e-04  +1.277261e-07  +3.991626e-06  +7.831868e-05  +1.892017e-04  +2.481609e-04  +8.962308e-05  +1.538766e-10  +7.552371e-27  +3.905499e-33  +7.728424e-44  +2.303369e-65  +9.533973e-98 
+2.769887e-63  +3.931066e-33  +7.772094e-14  +2.223773e-05  +2.408169e-04  +1.294170e-04  +1.716420e-04  +1.335322e-04  +2.384812e-04  +7.709691e-05  +1.131961e-04  +4.168053e-06  +1.996827e-04  +2.390269e-04  +1.324938e-04  +5.288440e-05  +2.003390e-04  +2.178286e-04  +9.854546e-06  +8.716836e-05  +2.709812e-09  +2.667182e-09  +6.851063e-07  +6.598850e-07  +5.984702e-05  +9.455491e-05  +1.833014e-11  +7.947472e-28  +7.913345e-55  +1.294120e-73  +3.856974e-95  +1.596457e-127 
+4.523983e-68  +8.677588e-37  +2.312235e-16  +8.558746e-07  +1.155640e-06  +6.272319e-05  +1.049932e-04  +1.105627e-04  +7.603731e-05  +1.941190e-04  +6.169864e-05  +1.612239e-04  +7.378988e-05  +1.365308e-04  +2.188726e-04  +1.887403e-04  +4.244003e-05  +3.639038e-09  +5.706166e-15  +3.510937e-12  +7.508961e-18  +1.026368e-21  +6.217371e-19  +1.634523e-11  +9.043876e-05  +3.079019e-05  +7.679825e-11  +4.653243e-26  +4.277923e-43  +6.373442e-71  +1.318721e-109  +3.789397e-159 
+5.196300e-79  +9.970077e-48  +2.656689e-27  +9.831743e-18  +1.499872e-08  +1.715967e-04  +4.635000e-05  +1.218029e-04  +1.261553e-04  +1.283429e-04  +4.248410e-04  +2.150133e-04  +2.071726e-04  +1.112674e-04  +2.546314e-04  +2.203257e-04  +2.800362e-05  +6.052860e-08  +2.961567e-21  +1.967637e-30  +4.207864e-36  +5.487252e-45  +8.691196e-36  +1.311105e-17  +7.015611e-10  +8.151618e-05  +3.717134e-07  +2.820787e-13  +3.026031e-30  +4.508317e-58  +9.328107e-97  +2.680468e-146 
+8.291666e-101  +1.590912e-69  +4.239243e-49  +4.855263e-31  +8.678280e-17  +1.057173e-08  +1.396297e-04  +1.896079e-04  +1.315453e-04  +2.187195e-04  +1.526069e-04  +2.519085e-04  +5.029087e-04  +1.404226e-04  +3.505665e-05  +2.636642e-06  +2.234017e-11  +1.358754e-16  +6.649658e-30  +4.519588e-54  +3.275078e-65  +4.117828e-79  +3.679011e-52  +3.845594e-32  +1.144867e-13  +4.804027e-06  +3.587710e-05  +2.771077e-11  +2.972705e-28  +4.428870e-56  +9.163723e-95  +2.633231e-144 
+1.837500e-133  +3.525588e-102  +3.044577e-75  +3.888934e-50  +7.131452e-27  +9.687347e-12  +7.566070e-06  +4.041790e-06  +2.063529e-05  +2.577257e-04  +1.086993e-04  +2.605210e-04  +1.334963e-04  +1.944854e-04  +1.131544e-04  +2.498624e-05  +1.827723e-14  +4.217561e-34  +2.073553e-49  +1.409332e-73  +3.541463e-105  +1.991441e-108  +4.698641e-72  +1.022096e-42  +3.087801e-24  +1.304322e-16  +4.894412e-14  +3.780637e-20  +4.055722e-37  +6.042397e-65  +1.250225e-103  +3.592571e-153 
+5.655236e-177  +3.682397e-141  +6.241450e-103  +4.372353e-66  +3.271094e-38  +1.030591e-17  +4.569089e-08  +6.101861e-07  +2.302631e-04  +2.215980e-04  +3.218990e-04  +3.053033e-04  +1.263343e-04  +3.723116e-05  +1.352161e-06  +2.377829e-06  +4.654860e-15  +1.265569e-34  +4.778633e-65  +6.128391e-104  +5.761069e-139  +1.123638e-133  +1.759982e-93  +3.828492e-64  +1.156605e-45  +6.520019e-38  +9.273724e-34  +7.163402e-40  +7.684622e-57  +1.144890e-84  +2.368878e-123  +6.807061e-173 
+8.614286e-229  +1.019862e-174  +8.508734e-125  +1.399745e-82  +3.217485e-51  +1.027122e-30  +4.573574e-21  +7.186692e-09  +1.125904e-04  +1.147602e-05  +1.803861e-04  +1.818646e-06  +9.866895e-05  +7.810848e-05  +4.159037e-09  +5.500798e-17  +1.076805e-25  +2.927637e-45  +1.105440e-75  +5.796840e-117  +4.221680e-169  +5.845214e-166  +9.155499e-126  +1.991597e-96  +6.016711e-78  +4.639959e-69  +2.440318e-64  +1.885001e-70  +2.022156e-87  +3.012700e-115  +6.233542e-154  +1.791232e-203 
+1.147812e-265  +9.822039e-202  +1.170559e-148  +1.937415e-106  +4.453385e-75  +1.424536e-54  +1.990382e-31  +1.923307e-16  +1.124219e-10  +4.206337e-07  +1.467591e-04  +1.455867e-04  +3.264355e-05  +9.055460e-07  +2.353676e-14  +1.081488e-31  +3.459448e-47  +9.405608e-67  +3.551444e-97  +1.862348e-138  +1.356297e-190  +4.222914e-209  +6.614452e-169  +1.438843e-139  +4.346852e-121  +1.605252e-110  +8.918188e-106  +6.888772e-112  +7.390009e-129  +1.100997e-156  +2.278060e-195  +6.546093e-245 
+2.200187e-300  +1.888049e-236  +2.250116e-183  +3.724212e-141  +8.589070e-110  +1.428907e-75  +9.944234e-50  +1.009304e-34  +2.286718e-26  +3.118908e-13  +3.967316e-05  +2.335283e-04  +7.629395e-07  +1.105814e-13  +1.051387e-26  +1.764382e-45  +1.120963e-73  +4.196569e-99  +1.584574e-129  +8.309377e-171  +6.051492e-223  +4.237035e-263  +6.636569e-223  +1.443654e-193  +4.363379e-175  +8.138181e-163  +4.526315e-158  +3.496311e-164  +3.750707e-181  +5.587972e-209  +1.156201e-247  +3.322388e-297 
+0.000000e+00  +5.040376e-282  +6.006956e-229  +9.997118e-187  +1.980303e-141  +9.923430e-105  +6.906460e-79  +3.691725e-63  +1.658011e-40  +3.671660e-20  +1.132361e-10  +1.914946e-09  +1.121550e-14  +5.382501e-26  +9.675343e-44  +3.195986e-68  +2.554678e-98  +2.254022e-137  +9.818790e-173  +5.148894e-214  +3.749799e-266  +0.000000e+00  +9.247649e-288  +2.011643e-258  +6.220498e-240  +5.736195e-226  +3.190443e-221  +2.464428e-227  +2.643743e-244  +3.938768e-272  +8.149659e-311  +0.000000e+00 
+0.000000e+00  +0.000000e+00  +2.247486e-285  +5.293422e-229  +1.909979e-181  +9.571031e-145  +6.696342e-119  +7.079408e-88  +1.131031e-56  +2.509518e-36  +7.767537e-27  +3.516577e-25  +4.751935e-31  +1.953646e-46  +7.360921e-67  +1.784977e-95  +1.913318e-131  +7.136184e-173  +8.742454e-223  +4.430956e-268  +3.226743e-320  +0.000000e+00  +0.000000e+00  +0.000000e+00  +2.578171e-315  +5.615233e-300  +3.123166e-295  +2.412461e-301  +2.587995e-318  +0.000000e+00  +0.000000e+00  +0.000000e+00 
+0.000000e+00  +0.000000e+00  +0.000000e+00  +7.090410e-280  +2.558371e-232  +1.282024e-195  +5.849624e-157  +6.729281e-115  +1.075096e-83  +2.385415e-63  +7.453788e-54  +1.016913e-51  +3.696872e-58  +1.058508e-73  +7.464310e-100  +1.941758e-129  +6.495083e-169  +2.223582e-216  +3.847104e-269  +0.000000e+00  +0.000000e+00  +0.000000e+00  +0.000000e+00  +0.000000e+00  +0.000000e+00  +0.000000e+00  +0.000000e+00  +0.000000e+00  +0.000000e+00  +0.000000e+00  +0.000000e+00  +0.000000e+00 
+0.000000e+00  +0.000000e+00  +0.000000e+00  +0.000000e+00  +4.759225e-294  +9.322611e-248  +7.722187e-195  +8.883437e-153  +1.419252e-121  +3.149027e-101  +1.013161e-91  +4.190525e-89  +7.432458e-96  +8.054016e-112  +5.009893e-138  +3.398117e-174  +9.879489e-214  +4.582310e-264  +4.940656e-323  +0.000000e+00  +0.000000e+00  +0.000000e+00  +0.000000e+00  +0.000000e+00  +0.000000e+00  +0.000000e+00  +0.000000e+00  +0.000000e+00  +0.000000e+00  +0.000000e+00  +0.000000e+00  +0.000000e+00 
+0.000000e+00  +0.000000e+00  +0.000000e+00  +0.000000e+00  +0.000000e+00  +1.709180e-296  +1.415763e-243  +1.628663e-201  +2.602016e-170  +5.773336e-150  +2.025461e-140  +2.409874e-137  +3.454045e-144  +8.922919e-161  +5.237694e-187  +4.584083e-224  +2.096800e-269  +9.695050e-320  +0.000000e+00  +0.000000e+00  +0.000000e+00  +0.000000e+00  +0.000000e+00  +0.000000e+00  +0.000000e+00  +0.000000e+00  +0.000000e+00  +0.000000e+00  +0.000000e+00  +0.000000e+00  +0.000000e+00  +0.000000e+00 
