+0.000000e+00  +0.000000e+00  +0.000000e+00  +0.000000e+00  +0.000000e+00  +0.000000e+00  +0.000000e+00  +0.000000e+00  +0.000000e+00  +0.000000e+00  +0.000000e+00  +0.000000e+00  +0.000000e+00  +0.000000e+00  +0.000000e+00  +0.000000e+00  +0.000000e+00  +0.000000e+00  +0.000000e+00  +3.507672e-314  +1.654690e-312  +1.082004e-321  +0.000000e+00  +0.000000e+00  +0.000000e+00  +0.000000e+00  +0.000000e+00  +0.000000e+00  +0.000000e+00  +0.000000e+00  +0.000000e+00  +0.000000e+00 
+0.000000e+00  +0.000000e+00  +0.000000e+00  +0.000000e+00  +0.000000e+00  +0.000000e+00  +0.000000e+00  +0.000000e+00  +0.000000e+00  +0.000000e+00  +0.000000e+00  +0.000000e+00  +0.000000e+00  +0.000000e+00  +0.000000e+00  +2.639656e-305  +1.239044e-280  +8.146097e-267  +2.862475e-250  +6.280607e-238  +2.962771e-236  +1.941038e-245  +3.751870e-258  +9.905690e-267  +2.340679e-279  +1.610006e-301  +0.000000e+00  +0.000000e+00  +0.000000e+00  +0.000000e+00  +0.000000e+00  +0.000000e+00 
+0.000000e+00  +0.000000e+00  +0.000000e+00  +0.000000e+00  +0.000000e+00  +0.000000e+00  +0.000000e+00  +0.000000e+00  +8.250896e-322  +6.184531e-292  +6.435098e-273  +9.299113e-265  +1.866233e-267  +5.030044e-264  +2.105904e-254  +9.622471e-236  +4.516748e-211  +2.944467e-197  +4.118592e-184  +1.561853e-172  +7.367453e-171  +4.826732e-180  +1.896887e-189  +9.258262e-198  +2.223318e-209  +1.529329e-231  +1.461383e-264  +1.944742e-308  +0.000000e+00  +0.000000e+00  +0.000000e+00  +0.000000e+00 
+0.000000e+00  +0.000000e+00  +0.000000e+00  +0.000000e+00  +0.000000e+00  +0.000000e+00  +1.755720e-314  +2.082216e-289  +3.972822e-252  +2.975949e-222  +3.096520e-203  +4.474662e-195  +8.980169e-198  +6.354955e-196  +2.660162e-186  +4.871511e-177  +2.286667e-152  +1.490666e-138  +1.850340e-128  +5.397326e-118  +2.544337e-116  +1.666904e-125  +1.331905e-131  +6.256645e-139  +2.933053e-150  +2.018413e-172  +1.936815e-205  +2.679624e-249  +2.234597e-300  +0.000000e+00  +0.000000e+00  +0.000000e+00 
+0.000000e+00  +0.000000e+00  +0.000000e+00  +0.000000e+00  +6.249592e-308  +4.617675e-269  +4.739300e-241  +6.770450e-224  +8.254810e-193  +1.988760e-163  +2.069334e-144  +2.990315e-136  +6.001243e-139  +1.120246e-138  +4.666763e-129  +3.696489e-129  +1.607748e-104  +1.048082e-90  +1.278225e-83  +2.612971e-74  +1.220309e-72  +7.994841e-82  +1.298805e-84  +1.088237e-90  +5.377319e-102  +3.723128e-124  +3.779062e-157  +2.232559e-198  +3.659005e-244  +8.357699e-301  +0.000000e+00  +0.000000e+00 
+0.000000e+00  +0.000000e+00  +7.297350e-321  +4.127843e-277  +5.134910e-243  +1.731093e-206  +1.776688e-178  +2.532445e-161  +5.670785e-141  +1.848673e-115  +1.920548e-96  +2.775310e-88  +5.569752e-91  +3.116368e-92  +1.137022e-82  +6.611015e-84  +1.569897e-67  +1.023408e-53  +1.327976e-49  +1.975640e-41  +8.128368e-40  +5.430548e-49  +1.759015e-48  +2.763860e-53  +1.381869e-64  +1.037213e-86  +4.451410e-118  +5.060721e-153  +8.323351e-199  +1.901174e-255  +5.928788e-323  +0.000000e+00 
+0.000000e+00  +3.334476e-314  +1.357721e-259  +7.677707e-216  +6.065076e-183  +9.345776e-155  +9.250093e-127  +1.318484e-109  +7.976485e-100  +4.324706e-77  +2.475474e-59  +3.577208e-51  +7.179074e-54  +4.921125e-56  +3.849415e-47  +2.236926e-48  +2.129002e-41  +1.387891e-27  +1.274422e-24  +4.985915e-19  +7.519373e-18  +2.080299e-25  +3.310973e-23  +9.907812e-27  +5.558890e-38  +2.393223e-59  +1.350012e-83  +1.598769e-118  +2.629489e-164  +6.009025e-221  +3.114146e-284  +0.000000e+00 
+0.000000e+00  +8.613408e-264  +3.507180e-209  +1.983257e-165  +1.557539e-132  +2.449062e-109  +6.688926e-86  +9.533400e-69  +1.887192e-62  +7.981206e-47  +4.488080e-33  +6.403460e-25  +1.285106e-27  +5.605834e-30  +1.841251e-22  +1.051182e-23  +3.272346e-23  +2.617759e-12  +2.471864e-09  +6.531411e-07  +9.780258e-07  +5.479757e-11  +8.778637e-09  +5.842180e-11  +8.489682e-22  +6.946068e-36  +5.923098e-60  +7.014559e-95  +3.276653e-138  +2.534239e-187  +2.731708e-247  +4.089396e-318 
+1.328302e-286  +3.390472e-224  +1.258191e-169  +7.114828e-126  +5.587574e-93  +6.126594e-71  +5.871483e-55  +9.573238e-39  +1.895237e-32  +2.164757e-27  +1.551793e-15  +1.591942e-09  +3.194828e-12  +1.076567e-14  +1.891814e-08  +6.863155e-10  +2.275579e-11  +1.703984e-06  +1.776858e-04  +3.711067e-05  +6.238950e-05  +8.915620e-07  +6.515341e-05  +1.346262e-05  +6.893250e-10  +4.232553e-23  +2.129715e-46  +7.117830e-74  +3.977942e-112  +3.087503e-161  +3.328083e-221  +4.982174e-292 
+3.018014e-251  +6.832099e-190  +2.210629e-139  +3.554146e-97  +2.783856e-64  +3.036298e-42  +6.089378e-30  +1.367095e-19  +2.649239e-13  +3.321275e-17  +6.047450e-07  +6.380001e-05  +3.029776e-07  +2.664309e-09  +2.432847e-04  +2.757537e-06  +2.601414e-06  +1.782193e-04  +3.564076e-05  +1.409590e-04  +1.898534e-04  +1.860721e-05  +3.271557e-05  +6.249252e-05  +2.959379e-07  +1.032854e-14  +2.992764e-31  +1.204330e-58  +6.730638e-97  +5.224023e-146  +5.631082e-206  +8.429787e-277 
+9.530780e-227  +2.157547e-165  +6.783129e-115  +2.961923e-75  +3.722135e-46  +2.101049e-24  +3.197539e-13  +4.471229e-08  +5.459115e-05  +1.293729e-07  +2.442125e-05  +2.105642e-04  +2.044085e-06  +3.662344e-05  +2.474303e-04  +8.204527e-05  +1.325079e-04  +1.252062e-04  +5.852985e-05  +2.064206e-04  +1.370405e-04  +7.000692e-05  +5.357078e-07  +8.028356e-05  +1.426619e-04  +2.427187e-10  +7.032511e-27  +2.829971e-54  +1.581584e-92  +1.227555e-141  +1.323206e-201  +1.980853e-272 
+4.179974e-213  +9.462489e-152  +2.974919e-101  +1.298922e-61  +7.876418e-33  +6.653224e-15  +3.135617e-06  +7.892163e-05  +1.283842e-04  +2.133346e-05  +1.544633e-05  +4.513197e-04  +2.798195e-05  +1.153063e-04  +2.808958e-04  +1.381128e-04  +2.389233e-05  +2.149193e-04  +5.845386e-05  +2.835681e-04  +5.161684e-05  +1.867327e-04  +1.730722e-04  +3.783844e-05  +1.854090e-04  +9.059880e-11  +9.708326e-28  +1.568905e-55  +9.218594e-93  +1.312370e-139  +1.282941e-196  +8.565999e-264 
+1.013727e-208  +8.486933e-148  +1.060604e-97  +2.148873e-58  +7.708604e-30  +4.907029e-12  +5.356981e-05  +1.683176e-04  +2.258341e-05  +2.710277e-05  +1.340397e-04  +2.042140e-04  +1.224248e-04  +2.293357e-04  +1.377063e-04  +2.171215e-04  +9.611197e-05  +3.275398e-04  +2.573648e-04  +1.036713e-05  +1.200253e-04  +1.924567e-04  +1.443309e-04  +1.172910e-04  +9.821110e-05  +1.100934e-08  +9.172179e-23  +8.990786e-47  +2.537609e-81  +1.030391e-126  +5.817053e-183  +4.560966e-250 
+1.605239e-178  +1.022288e-133  +5.262001e-90  +5.906296e-57  +1.357519e-29  +2.997567e-12  +1.236668e-05  +7.848881e-05  +3.550964e-04  +1.147199e-04  +2.048585e-04  +3.731606e-04  +2.217702e-04  +1.904568e-04  +9.757400e-05  +2.063415e-04  +4.639177e-05  +4.679278e-04  +2.881147e-04  +3.540563e-04  +3.015963e-04  +7.969656e-05  +2.129419e-05  +4.785359e-05  +1.434272e-04  +2.021737e-07  +3.055081e-20  +6.439021e-44  +1.884778e-78  +7.661937e-124  +4.325686e-180  +3.391636e-247 
+1.067698e-147  +1.665826e-103  +3.609912e-70  +5.720637e-43  +7.384304e-21  +1.403873e-09  +6.237730e-05  +1.749047e-04  +5.524941e-04  +1.236726e-04  +2.457055e-04  +1.354816e-04  +6.456377e-05  +1.803683e-04  +1.423280e-04  +4.188992e-04  +2.225626e-04  +4.569365e-04  +2.655973e-04  +2.767150e-04  +1.538474e-04  +9.477022e-05  +1.871452e-04  +5.783580e-05  +1.610221e-04  +1.113509e-09  +3.143447e-25  +2.508907e-51  +1.963152e-86  +7.912992e-132  +4.467303e-188  +3.502674e-255 
+9.862676e-128  +1.538779e-83  +3.334229e-50  +1.004022e-27  +5.574042e-15  +1.298920e-05  +1.482809e-04  +1.383918e-04  +2.851597e-04  +6.889131e-05  +1.699988e-04  +2.491696e-04  +7.986317e-05  +1.899932e-04  +2.462439e-04  +2.525299e-04  +3.617176e-04  +2.702248e-04  +6.438184e-04  +2.475268e-04  +2.176110e-04  +2.891506e-05  +1.745129e-04  +3.107914e-04  +4.740355e-05  +4.644844e-11  +2.223914e-26  +1.484959e-52  +1.377049e-89  +1.773463e-137  +3.171998e-196  +7.879192e-266 
+1.265258e-118  +1.974061e-74  +4.277401e-41  +1.287175e-18  +5.403376e-07  +3.223864e-04  +2.901073e-04  +1.247329e-04  +2.618440e-04  +1.331669e-04  +2.319289e-04  +1.431277e-04  +7.010680e-06  +7.797422e-05  +5.690222e-05  +2.635036e-04  +5.022965e-04  +1.203459e-04  +4.260083e-04  +4.166609e-04  +2.369914e-04  +3.634192e-05  +1.221774e-04  +1.426414e-07  +1.480065e-11  +5.420274e-20  +2.883353e-38  +1.713805e-64  +1.589241e-101  +2.046739e-149  +3.660776e-208  +9.093308e-278 
+6.009296e-119  +1.455665e-74  +4.921259e-41  +2.317998e-18  +1.519421e-06  +1.409424e-05  +9.620021e-09  +7.819081e-05  +3.095500e-04  +1.035755e-04  +7.047542e-05  +9.893886e-05  +1.465422e-04  +8.196655e-06  +7.846969e-05  +3.480316e-04  +5.426362e-04  +3.130027e-04  +2.859056e-04  +3.774523e-04  +1.065153e-04  +3.922650e-05  +6.750897e-07  +4.666995e-14  +1.299737e-26  +2.105413e-37  +1.231604e-56  +1.275200e-86  +2.548357e-124  +3.280504e-172  +5.867476e-231  +1.457471e-300 
+3.058803e-123  +7.512291e-79  +2.562307e-45  +1.213746e-22  +7.984775e-11  +7.295169e-10  +3.192804e-07  +1.357977e-04  +2.357395e-05  +4.061478e-04  +1.439696e-04  +9.669042e-05  +6.842642e-05  +2.037842e-04  +4.192807e-04  +2.502207e-04  +6.669418e-04  +6.825097e-04  +5.821445e-04  +2.565885e-04  +2.236214e-04  +2.970572e-06  +6.969639e-12  +2.311562e-24  +3.575241e-45  +1.175115e-65  +6.650103e-85  +5.402521e-115  +6.152090e-156  +7.397760e-206  +1.306075e-264  +0.000000e+00 
+2.246582e-138  +5.517511e-94  +1.881924e-60  +8.914537e-38  +5.864534e-26  +5.381196e-25  +1.392662e-14  +7.028785e-11  +3.645752e-09  +9.558885e-05  +2.816756e-07  +1.021732e-07  +1.450098e-08  +1.351109e-04  +5.445629e-04  +3.600281e-04  +5.093586e-04  +3.183409e-04  +4.734790e-04  +3.740623e-04  +1.077623e-04  +2.668186e-08  +1.098222e-21  +3.374958e-40  +1.554537e-63  +1.519562e-97  +4.987007e-124  +4.051405e-154  +4.571000e-195  +7.164593e-247  +5.596189e-309  +0.000000e+00 
+2.291559e-164  +5.627973e-120  +1.919600e-86  +9.093008e-64  +5.981944e-52  +1.194812e-45  +2.554956e-32  +5.966000e-28  +3.455923e-16  +8.522473e-12  +2.323414e-16  +3.539168e-21  +9.489601e-16  +6.080427e-06  +1.528873e-04  +3.829343e-04  +6.255391e-04  +4.336845e-04  +3.554092e-04  +4.025921e-04  +8.908041e-05  +2.535753e-09  +1.172800e-22  +7.670376e-47  +6.967857e-82  +2.017271e-124  +1.792911e-169  +4.219425e-204  +4.760568e-245  +7.459372e-297  +0.000000e+00  +0.000000e+00 
+3.246219e-201  +7.972577e-157  +2.719303e-123  +1.288114e-100  +8.474012e-89  +9.504094e-75  +2.375892e-60  +2.563819e-49  +4.550146e-34  +1.121511e-29  +6.536757e-36  +9.304786e-33  +7.629228e-14  +2.875362e-05  +1.480628e-04  +2.282819e-04  +4.122012e-04  +5.570858e-04  +2.526342e-04  +4.187359e-05  +7.993517e-05  +4.776722e-10  +1.853419e-25  +1.003481e-51  +7.546555e-89  +7.896577e-137  +1.405553e-195  +6.946468e-263  +6.885641e-306  +0.000000e+00  +0.000000e+00  +0.000000e+00 
+6.386495e-249  +1.568496e-204  +5.349858e-171  +2.534189e-148  +1.690280e-136  +2.596187e-114  +3.865708e-99  +4.687988e-78  +8.320023e-63  +2.050693e-58  +1.311834e-62  +5.294253e-33  +2.983427e-14  +2.589162e-06  +1.171875e-04  +4.828314e-05  +2.140362e-04  +1.077602e-04  +9.958032e-05  +3.757164e-05  +2.673588e-08  +3.664379e-19  +3.371057e-35  +1.825201e-61  +1.372605e-98  +1.433568e-146  +2.079356e-205  +4.188684e-275  +0.000000e+00  +0.000000e+00  +0.000000e+00  +0.000000e+00 
+1.744959e-307  +4.285545e-263  +1.461722e-229  +6.924074e-207  +3.416681e-189  +4.164221e-164  +9.315961e-144  +1.190484e-117  +2.112816e-102  +5.207602e-98  +1.079095e-73  +5.666715e-44  +1.693636e-21  +3.091512e-09  +1.915269e-05  +1.206653e-04  +1.831250e-04  +8.087585e-06  +4.074944e-06  +2.178230e-08  +3.507292e-18  +2.035358e-31  +5.240853e-55  +4.611007e-82  +3.467265e-119  +3.621260e-167  +5.252553e-226  +1.058082e-295  +0.000000e+00  +0.000000e+00  +0.000000e+00  +0.000000e+00 
+0.000000e+00  +0.000000e+00  +5.546583e-299  +2.627376e-276  +1.421557e-250  +1.294773e-224  +3.285479e-194  +4.198545e-168  +7.451383e-153  +7.656349e-136  +2.327077e-91  +2.202503e-57  +2.895234e-34  +6.510652e-19  +4.093957e-08  +3.590355e-08  +8.473231e-09  +8.946136e-16  +1.389254e-16  +2.757493e-19  +3.243800e-32  +3.461406e-52  +3.047551e-76  +3.895237e-111  +1.216478e-150  +1.270396e-198  +1.842680e-257  +0.000000e+00  +0.000000e+00  +0.000000e+00  +0.000000e+00  +0.000000e+00 
+0.000000e+00  +0.000000e+00  +0.000000e+00  +0.000000e+00  +3.804305e-322  +1.749411e-292  +1.609206e-255  +2.056420e-229  +3.814842e-214  +8.107022e-160  +5.525255e-115  +5.229970e-81  +7.048903e-53  +3.195011e-31  +2.011247e-20  +1.758315e-20  +1.701992e-23  +3.442382e-31  +6.589534e-38  +1.303726e-40  +3.604622e-54  +1.006384e-77  +7.045120e-108  +8.802672e-143  +1.537940e-188  +6.190355e-241  +8.977749e-300  +0.000000e+00  +0.000000e+00  +0.000000e+00  +0.000000e+00  +0.000000e+00 
+0.000000e+00  +0.000000e+00  +0.000000e+00  +0.000000e+00  +0.000000e+00  +0.000000e+00  +0.000000e+00  +1.398823e-301  +5.447672e-250  +2.673400e-194  +1.828298e-149  +1.473536e-108  +4.809255e-76  +2.179881e-54  +1.372226e-43  +1.199656e-43  +4.749865e-49  +9.601769e-57  +4.340801e-70  +8.588079e-73  +2.359761e-86  +9.113471e-111  +6.339312e-145  +2.811708e-185  +4.904048e-231  +1.189750e-287  +0.000000e+00  +0.000000e+00  +0.000000e+00  +0.000000e+00  +0.000000e+00  +0.000000e+00 
+0.000000e+00  +0.000000e+00  +0.000000e+00  +0.000000e+00  +0.000000e+00  +0.000000e+00  +0.000000e+00  +0.000000e+00  +2.494891e-295  +1.575454e-239  +5.941280e-186  +1.396237e-142  +4.556970e-110  +2.065529e-88  +1.300242e-77  +1.136724e-77  +1.842323e-85  +3.721445e-93  +1.084482e-111  +7.856814e-116  +2.158805e-129  +8.238119e-154  +4.467622e-189  +7.942517e-234  +2.172844e-284  +0.000000e+00  +0.000000e+00  +0.000000e+00  +0.000000e+00  +0.000000e+00  +0.000000e+00  +0.000000e+00 
+0.000000e+00  +0.000000e+00  +0.000000e+00  +0.000000e+00  +0.000000e+00  +0.000000e+00  +0.000000e+00  +0.000000e+00  +0.000000e+00  +4.620353e-285  +7.818373e-231  +1.837365e-187  +5.996704e-155  +2.718114e-133  +1.711042e-122  +1.495862e-122  +1.172539e-132  +2.003134e-140  +5.623661e-159  +9.982397e-170  +2.742848e-183  +1.046662e-207  +5.547132e-243  +4.266430e-289  +0.000000e+00  +0.000000e+00  +0.000000e+00  +0.000000e+00  +0.000000e+00  +0.000000e+00  +0.000000e+00  +0.000000e+00 
+0.000000e+00  +0.000000e+00  +0.000000e+00  +0.000000e+00  +0.000000e+00  +0.000000e+00  +0.000000e+00  +0.000000e+00  +0.000000e+00  +0.000000e+00  +1.428863e-286  +3.357916e-243  +1.095940e-210  +4.967547e-189  +3.127051e-178  +2.733795e-178  +3.393286e-189  +1.497429e-198  +4.203929e-217  +1.761413e-234  +4.839807e-248  +1.846855e-272  +9.787586e-308  +0.000000e+00  +0.000000e+00  +0.000000e+00  +0.000000e+00  +0.000000e+00  +0.000000e+00  +0.000000e+00  +0.000000e+00  +0.000000e+00 
+0.000000e+00  +0.000000e+00  +0.000000e+00  +0.000000e+00  +0.000000e+00  +0.000000e+00  +0.000000e+00  +0.000000e+00  +0.000000e+00  +0.000000e+00  +0.000000e+00  +8.522796e-310  +2.781629e-277  +1.260823e-255  +7.936832e-245  +6.938701e-245  +8.425325e-256  +1.554606e-267  +4.364451e-286  +4.316454e-310  +9.881313e-324  +0.000000e+00  +0.000000e+00  +0.000000e+00  +0.000000e+00  +0.000000e+00  +0.000000e+00  +0.000000e+00  +0.000000e+00  +0.000000e+00  +0.000000e+00  +0.000000e+00 
+0.000000e+00  +0.000000e+00  +0.000000e+00  +0.000000e+00  +0.000000e+00  +0.000000e+00  +0.000000e+00  +0.000000e+00  +0.000000e+00  +0.000000e+00  +0.000000e+00  +0.000000e+00  +0.000000e+00  +0.000000e+00  +2.816174e-322  +2.470328e-322  +0.000000e+00  +0.000000e+00  +0.000000e+00  +0.000000e+00  +0.000000e+00  +0.000000e+00  +0.000000e+00  +0.000000e+00  +0.000000e+00  +0.000000e+00  +0.000000e+00  +0.000000e+00  +0.000000e+00  +0.000000e+00  +0.000000e+00  +0.000000e+00 
