+0.000000e+00  +0.000000e+00  +0.000000e+00  +9.219309e-318  +1.919238e-268  +3.512155e-227  +1.678015e-194  +1.115159e-172  +1.036225e-160  +1.872707e-134  +5.227890e-119  +2.032670e-114  +2.407347e-107  +3.613074e-93  +6.597284e-70  +1.672992e-57  +5.891993e-56  +7.012509e-64  +2.869804e-77  +1.700958e-101  +1.400144e-136  +1.664476e-182  +2.741585e-227  +1.132991e-277  +0.000000e+00  +0.000000e+00  +0.000000e+00  +0.000000e+00  +0.000000e+00  +0.000000e+00  +0.000000e+00  +0.000000e+00 
+0.000000e+00  +0.000000e+00  +1.077063e-321  +1.604041e-261  +3.321527e-212  +1.137881e-173  +8.741809e-142  +5.809288e-120  +5.426243e-109  +4.661992e-91  +1.301452e-75  +5.047122e-71  +2.222793e-67  +7.481021e-59  +3.602547e-42  +9.135628e-30  +3.218201e-28  +2.463226e-34  +1.050582e-47  +6.226893e-72  +7.809905e-107  +8.291284e-140  +1.153040e-179  +2.694329e-227  +8.746384e-286  +0.000000e+00  +0.000000e+00  +0.000000e+00  +0.000000e+00  +0.000000e+00  +0.000000e+00  +0.000000e+00 
+0.000000e+00  +0.000000e+00  +2.599484e-276  +3.875884e-216  +8.025873e-167  +2.308217e-128  +7.246046e-100  +4.202887e-78  +3.914021e-67  +1.611801e-58  +4.499539e-43  +1.744514e-38  +4.450343e-36  +3.875125e-30  +2.732948e-25  +6.928207e-13  +2.480716e-11  +1.251545e-15  +5.341286e-29  +2.493110e-52  +4.838782e-74  +2.263707e-103  +3.807457e-140  +8.899692e-188  +2.889036e-246  +1.302473e-315  +0.000000e+00  +0.000000e+00  +0.000000e+00  +0.000000e+00  +0.000000e+00  +0.000000e+00 
+0.000000e+00  +9.567616e-308  +8.725426e-242  +1.300660e-181  +2.693305e-132  +7.745420e-94  +3.099800e-66  +4.240045e-47  +3.923822e-36  +1.527976e-34  +2.160458e-21  +8.376097e-17  +2.070107e-15  +2.822040e-12  +1.353386e-12  +7.414088e-07  +5.793645e-05  +8.839157e-08  +3.466430e-19  +5.447915e-30  +8.576458e-49  +1.037757e-74  +1.746616e-111  +4.082605e-159  +1.325325e-217  +6.006829e-287  +0.000000e+00  +0.000000e+00  +0.000000e+00  +0.000000e+00  +0.000000e+00  +0.000000e+00 
+0.000000e+00  +1.406032e-268  +3.139424e-206  +9.741217e-155  +1.255215e-108  +3.609741e-70  +1.441696e-42  +8.585930e-26  +5.466712e-16  +1.605972e-14  +1.440668e-10  +5.596105e-06  +1.405991e-05  +4.804401e-05  +3.744287e-05  +8.064665e-05  +1.789937e-04  +3.376992e-05  +1.188302e-07  +6.351623e-16  +5.455854e-31  +6.611609e-57  +1.122068e-93  +9.561277e-141  +7.229405e-197  +1.040404e-263  +0.000000e+00  +0.000000e+00  +0.000000e+00  +0.000000e+00  +0.000000e+00  +0.000000e+00 
+1.784888e-313  +2.869644e-240  +6.407416e-178  +1.986899e-126  +8.556708e-86  +5.351350e-56  +9.331311e-30  +5.175921e-13  +1.456659e-06  +2.452744e-05  +4.481622e-06  +8.016285e-05  +1.834251e-04  +4.156898e-05  +1.032693e-05  +1.684388e-04  +1.676861e-06  +3.492786e-04  +2.195846e-04  +5.639475e-09  +2.507357e-23  +7.846679e-47  +4.217459e-81  +3.150497e-126  +3.268485e-182  +4.709252e-249  +0.000000e+00  +0.000000e+00  +0.000000e+00  +0.000000e+00  +0.000000e+00  +0.000000e+00 
+5.059201e-296  +8.133902e-223  +1.816159e-160  +5.631794e-109  +2.425368e-68  +1.450596e-38  +1.204919e-19  +2.437872e-10  +3.857510e-05  +1.639701e-04  +2.340498e-04  +8.803435e-05  +3.885571e-05  +4.652397e-05  +1.704704e-05  +1.706412e-04  +9.454104e-05  +1.750977e-04  +1.542022e-04  +5.613620e-07  +1.298692e-19  +4.937868e-43  +2.651609e-77  +1.980500e-122  +2.054644e-178  +2.960339e-245  +5.928788e-323  +0.000000e+00  +0.000000e+00  +0.000000e+00  +0.000000e+00  +0.000000e+00 
+1.991548e-289  +3.201900e-216  +7.149287e-154  +2.216949e-102  +9.547429e-62  +5.710252e-32  +4.743271e-13  +5.677619e-05  +3.604481e-04  +1.011329e-04  +4.665094e-05  +3.188424e-04  +2.929746e-05  +2.195519e-04  +6.921279e-05  +2.432180e-04  +9.026851e-05  +2.287820e-04  +2.112802e-04  +2.533998e-09  +7.523114e-24  +9.886950e-48  +1.993293e-82  +5.669993e-128  +2.400318e-184  +2.274808e-251  +0.000000e+00  +0.000000e+00  +0.000000e+00  +0.000000e+00  +0.000000e+00  +0.000000e+00 
+1.088774e-293  +1.750470e-220  +3.908495e-158  +1.212000e-106  +5.219841e-66  +3.177474e-36  +1.758002e-16  +5.630199e-06  +1.496595e-04  +1.671896e-04  +1.049777e-04  +4.837743e-04  +2.927674e-04  +1.754135e-04  +2.911629e-05  +1.116755e-04  +1.023530e-04  +2.213395e-04  +7.603535e-05  +3.218253e-07  +2.075063e-19  +4.299140e-42  +1.362517e-75  +6.035826e-120  +3.714888e-175  +3.175440e-241  +1.466070e-305  +2.221315e-306  +4.674157e-318  +0.000000e+00  +0.000000e+00  +0.000000e+00 
+8.266516e-309  +1.329191e-235  +3.073473e-173  +1.152227e-120  +1.473804e-77  +2.843769e-45  +7.622595e-24  +2.864833e-13  +4.361717e-06  +1.183431e-04  +1.754278e-04  +1.113884e-04  +2.437774e-04  +1.746852e-04  +2.972183e-04  +5.462710e-04  +6.571168e-05  +1.042633e-04  +1.567786e-04  +5.639416e-08  +9.313606e-20  +2.140055e-42  +6.829201e-76  +3.026585e-120  +1.862832e-175  +1.882597e-239  +2.793413e-230  +4.232438e-231  +8.906024e-243  +2.602646e-265  +1.056293e-298  +0.000000e+00 
+0.000000e+00  +1.047609e-257  +7.547416e-193  +7.552541e-139  +1.049605e-95  +2.025802e-63  +5.434385e-42  +5.539067e-23  +5.474103e-10  +3.389514e-05  +5.576979e-04  +8.306588e-05  +1.135576e-04  +4.390141e-04  +2.835888e-04  +1.040214e-04  +1.928154e-04  +3.202855e-05  +9.030047e-05  +5.382434e-08  +1.242975e-21  +3.986922e-46  +1.776038e-81  +1.060992e-121  +6.441962e-165  +1.474031e-173  +7.391857e-166  +1.119976e-166  +2.356689e-178  +6.887053e-201  +2.795134e-234  +1.575473e-278 
+0.000000e+00  +1.036292e-286  +7.466879e-222  +7.471952e-168  +1.038406e-124  +2.014851e-92  +5.399976e-60  +3.869244e-36  +2.840108e-18  +5.090843e-09  +1.231168e-04  +8.814599e-05  +1.919310e-04  +3.522010e-04  +2.542884e-04  +2.555554e-04  +4.809468e-04  +1.943185e-04  +4.927043e-05  +6.529462e-11  +1.508673e-24  +7.044906e-40  +2.208337e-61  +9.654591e-94  +4.458223e-126  +1.856574e-118  +2.716501e-112  +4.115904e-113  +8.660810e-125  +2.530986e-147  +1.027222e-180  +5.794251e-225 
+0.000000e+00  +0.000000e+00  +1.025931e-261  +1.026628e-207  +4.201429e-164  +1.024567e-118  +1.385255e-83  +7.979499e-53  +1.248935e-32  +7.259581e-14  +3.402394e-05  +1.014673e-04  +1.211073e-05  +3.123402e-04  +5.475755e-04  +2.673444e-04  +3.007697e-04  +7.328230e-05  +7.895037e-05  +2.349397e-07  +4.761073e-12  +8.865334e-23  +2.790780e-44  +1.220096e-76  +7.833361e-82  +3.261686e-74  +1.386450e-69  +2.100678e-70  +4.420314e-82  +1.291840e-104  +5.261155e-138  +3.597564e-182 
+0.000000e+00  +0.000000e+00  +1.957649e-312  +1.412143e-255  +3.749567e-199  +6.485319e-151  +4.330100e-109  +9.867416e-71  +2.386764e-40  +8.224254e-21  +1.058655e-09  +1.701714e-05  +1.417667e-04  +7.449468e-05  +1.324116e-04  +4.132138e-04  +2.107685e-04  +1.839075e-04  +2.276639e-04  +8.432896e-05  +6.872056e-06  +1.556003e-16  +4.898063e-38  +6.381984e-67  +1.911492e-48  +7.959115e-41  +9.827352e-38  +1.488996e-38  +3.134004e-50  +9.305289e-73  +7.448775e-106  +1.318999e-148 
+0.000000e+00  +0.000000e+00  +0.000000e+00  +2.673584e-301  +9.394584e-240  +6.939320e-182  +8.702482e-130  +1.515709e-88  +4.194337e-58  +1.934974e-35  +9.337930e-22  +5.318472e-15  +3.684459e-08  +1.180629e-04  +1.312664e-04  +3.786813e-04  +1.998385e-04  +1.844450e-04  +7.768153e-06  +1.576983e-04  +4.087261e-06  +3.901276e-17  +1.669244e-29  +4.849834e-42  +6.477907e-26  +2.697286e-18  +9.674356e-17  +1.467543e-17  +3.316254e-29  +5.083652e-51  +1.050906e-82  +3.642037e-125 
+0.000000e+00  +0.000000e+00  +0.000000e+00  +0.000000e+00  +1.639335e-273  +1.480331e-210  +1.856607e-158  +5.838365e-117  +6.867292e-83  +3.372721e-59  +1.900372e-38  +1.698242e-17  +2.294390e-06  +3.006334e-04  +1.022602e-04  +3.657672e-04  +2.686261e-04  +6.525926e-04  +1.349611e-04  +1.745671e-04  +1.717074e-05  +6.777846e-09  +6.640110e-13  +7.910444e-24  +3.051988e-14  +1.269485e-06  +1.341005e-06  +2.700066e-07  +9.459976e-18  +1.630836e-38  +4.080560e-70  +1.419008e-112 
+0.000000e+00  +0.000000e+00  +0.000000e+00  +4.298371e-322  +3.703984e-288  +6.935824e-223  +2.079244e-161  +8.656674e-111  +5.005396e-71  +4.061930e-42  +5.961778e-23  +9.998804e-13  +2.316037e-05  +2.059383e-05  +1.104054e-04  +4.669641e-04  +1.505339e-04  +2.324059e-04  +1.755714e-04  +3.478574e-05  +4.771593e-05  +1.353144e-04  +2.514471e-06  +3.741635e-09  +2.327934e-06  +5.302488e-05  +9.182111e-05  +3.805404e-06  +4.891720e-16  +8.818327e-37  +2.208094e-68  +7.678704e-111 
+0.000000e+00  +0.000000e+00  +3.339747e-299  +2.062332e-254  +1.768649e-220  +2.106506e-197  +1.326333e-150  +5.522021e-100  +3.192872e-60  +2.563914e-31  +2.864177e-13  +1.317086e-05  +1.813172e-05  +1.105058e-04  +8.794586e-05  +1.758233e-04  +2.985099e-04  +1.572708e-04  +3.375123e-05  +1.968670e-05  +1.177664e-04  +1.460935e-04  +1.269186e-04  +6.733680e-05  +1.409742e-04  +1.350375e-04  +5.099146e-07  +2.834534e-15  +3.675630e-25  +6.627138e-46  +1.659428e-77  +5.770706e-120 
+0.000000e+00  +4.981006e-298  +2.214747e-242  +1.367632e-197  +1.172877e-163  +1.396926e-140  +2.310641e-128  +4.891961e-100  +2.828566e-60  +2.271369e-31  +2.533070e-13  +3.942735e-06  +9.527356e-05  +1.747834e-05  +1.920769e-04  +5.127422e-04  +1.345425e-04  +2.256255e-04  +1.494143e-04  +3.427570e-05  +1.302764e-04  +5.161449e-05  +9.524083e-05  +4.445347e-05  +2.485010e-07  +3.471590e-09  +3.130473e-11  +8.545413e-24  +3.868678e-45  +6.916796e-66  +1.731958e-97  +6.022931e-140 
+1.432835e-318  +4.587390e-252  +2.039730e-196  +1.259557e-151  +1.080192e-117  +1.286536e-94  +2.128046e-82  +4.937353e-76  +1.097734e-65  +4.438109e-42  +3.087099e-23  +1.490091e-08  +3.329849e-04  +3.073763e-04  +6.886538e-06  +3.580971e-04  +1.980192e-04  +1.166348e-04  +1.889933e-04  +1.095204e-04  +2.204142e-04  +2.997664e-05  +1.419097e-04  +6.005596e-05  +8.960345e-05  +1.870670e-09  +5.843941e-25  +7.287921e-39  +2.762899e-62  +2.457256e-96  +2.510466e-128  +8.730212e-171 
+5.603289e-283  +5.873600e-217  +2.608913e-161  +1.611033e-116  +1.381617e-82  +1.645540e-59  +2.721871e-47  +2.869471e-45  +4.976804e-35  +8.980427e-31  +3.246697e-13  +1.633799e-06  +5.673640e-05  +1.393477e-04  +1.853769e-04  +2.756433e-04  +1.184934e-04  +3.390218e-04  +4.174780e-04  +1.294780e-05  +4.699325e-04  +2.015158e-04  +4.810404e-04  +1.350318e-04  +4.051273e-05  +1.132924e-09  +2.228379e-22  +6.090638e-46  +2.312099e-80  +1.724836e-122  +1.264879e-167  +1.757436e-212 
+5.203043e-252  +8.435713e-189  +2.362394e-136  +2.867669e-92  +2.454214e-58  +2.923028e-35  +4.834950e-23  +1.116008e-21  +3.133637e-15  +6.413867e-14  +3.994885e-10  +9.230182e-05  +2.797290e-04  +2.910993e-04  +1.857032e-04  +1.206956e-04  +1.954118e-04  +1.758317e-04  +3.477018e-04  +3.287475e-04  +1.119233e-04  +6.778486e-05  +1.739426e-04  +1.663594e-06  +1.300030e-04  +3.751234e-07  +1.137448e-18  +2.171930e-38  +6.186933e-69  +2.447639e-110  +1.344799e-162  +1.026137e-225 
+9.971014e-232  +1.616405e-168  +3.639141e-116  +1.137922e-74  +5.546392e-44  +7.240797e-22  +1.192766e-09  +2.833965e-08  +2.932625e-06  +3.475670e-05  +2.410148e-06  +6.881207e-05  +7.229145e-05  +5.591948e-05  +2.084400e-04  +1.135806e-04  +2.458231e-04  +2.175615e-05  +5.926871e-05  +2.523194e-04  +4.534704e-05  +1.037300e-04  +1.817532e-04  +1.530838e-04  +5.784571e-06  +3.659197e-05  +5.402093e-14  +1.108047e-33  +3.156402e-64  +1.248718e-105  +6.860793e-158  +5.235067e-221 
+2.653746e-222  +4.301997e-159  +9.685428e-107  +3.028346e-65  +1.315013e-34  +7.930605e-15  +7.050568e-06  +3.010659e-05  +3.571655e-05  +4.490501e-05  +1.051511e-04  +2.515028e-04  +2.843157e-04  +8.210759e-05  +1.357109e-04  +3.031444e-04  +2.344523e-04  +1.716941e-04  +2.819851e-06  +1.272888e-04  +1.237691e-04  +1.438004e-04  +1.354838e-04  +1.290630e-04  +2.474888e-06  +4.918481e-08  +5.292688e-20  +7.851389e-40  +2.236388e-70  +8.847470e-112  +4.861039e-164  +3.709173e-227 
+9.808829e-224  +1.590113e-160  +3.579948e-108  +1.119344e-66  +4.860580e-36  +2.931235e-16  +2.454998e-07  +2.862259e-09  +9.362536e-09  +1.151685e-08  +1.812324e-07  +4.774340e-05  +7.226384e-06  +4.399073e-04  +1.786321e-04  +1.723993e-04  +9.095509e-05  +4.762618e-04  +8.063790e-05  +6.574369e-08  +1.209416e-06  +2.952254e-06  +1.578699e-07  +2.517253e-08  +1.707135e-13  +2.268041e-18  +6.759865e-31  +2.805821e-54  +2.361445e-87  +8.705992e-129  +4.783237e-181  +3.649806e-244 
+5.035157e-236  +8.162512e-173  +1.837691e-120  +5.745916e-79  +2.495077e-48  +1.504688e-28  +1.260222e-19  +1.465837e-21  +2.627645e-22  +1.117218e-22  +1.426375e-18  +6.104836e-13  +2.132447e-06  +2.742654e-05  +1.950470e-04  +2.561456e-04  +8.030563e-05  +4.836461e-06  +8.693625e-09  +9.455337e-17  +2.179166e-18  +2.996166e-17  +4.595643e-21  +1.439356e-22  +1.381434e-29  +1.453323e-39  +4.331362e-52  +1.792872e-75  +1.030655e-109  +8.347325e-155  +6.627843e-209  +4.987716e-272 
+3.589606e-259  +5.819124e-196  +1.310106e-143  +4.096312e-102  +1.778761e-71  +1.072705e-51  +8.984230e-43  +1.045007e-44  +1.026333e-46  +9.736135e-43  +1.980268e-19  +5.620737e-07  +9.879064e-05  +2.221129e-04  +3.628427e-04  +3.054860e-04  +8.756011e-05  +3.637502e-08  +3.818893e-18  +2.297942e-31  +5.727724e-41  +4.408550e-39  +2.244959e-45  +1.149409e-47  +7.122566e-55  +4.667731e-71  +3.854332e-84  +1.595416e-107  +9.171425e-142  +7.322133e-187  +8.118634e-243  +1.344784e-309 
+3.554009e-293  +5.761418e-230  +1.297114e-177  +4.055690e-136  +1.761122e-105  +1.062067e-85  +8.895136e-77  +1.034644e-78  +8.114559e-81  +1.106881e-46  +2.256363e-23  +6.792716e-10  +1.322362e-04  +6.276119e-05  +2.475998e-04  +6.489457e-05  +1.151841e-07  +3.168006e-13  +1.268553e-29  +6.196036e-52  +2.709752e-74  +9.010127e-72  +1.681274e-79  +1.274985e-83  +7.876943e-91  +8.620913e-109  +4.763341e-127  +1.971681e-150  +1.133442e-184  +9.048991e-230  +1.003319e-285  +0.000000e+00 
+0.000000e+00  +7.922077e-275  +1.783560e-222  +5.576664e-181  +2.421582e-150  +1.460366e-130  +1.223101e-121  +1.422659e-123  +1.320936e-95  +1.041505e-58  +1.176545e-31  +1.848943e-15  +3.720482e-09  +1.920847e-07  +4.106236e-09  +6.034076e-11  +4.953045e-20  +8.233460e-27  +3.187083e-43  +1.713345e-70  +2.066842e-107  +2.557442e-115  +4.354251e-123  +1.966140e-130  +1.213161e-137  +1.042772e-155  +8.210255e-181  +3.384052e-204  +1.945360e-238  +1.553105e-283  +0.000000e+00  +0.000000e+00 
+0.000000e+00  +0.000000e+00  +3.405928e-278  +1.064933e-236  +4.624308e-206  +2.788749e-186  +2.335662e-177  +9.259918e-162  +5.432458e-113  +4.426242e-75  +5.008549e-48  +7.905012e-32  +1.420717e-21  +8.227224e-20  +1.145704e-24  +3.513979e-27  +3.383979e-37  +2.971788e-51  +1.150344e-67  +6.184104e-95  +4.617041e-133  +1.008136e-169  +1.715879e-177  +4.236958e-188  +2.594917e-195  +2.227374e-213  +3.020363e-242  +8.066323e-269  +4.637014e-303  +0.000000e+00  +0.000000e+00  +0.000000e+00 
+0.000000e+00  +0.000000e+00  +0.000000e+00  +2.824280e-303  +1.226401e-272  +7.395968e-253  +6.194477e-244  +5.474404e-189  +3.211720e-140  +2.616836e-102  +2.961108e-75  +2.073238e-57  +8.450909e-45  +4.893892e-43  +4.888648e-51  +2.884740e-54  +2.700882e-64  +3.852585e-85  +5.766339e-103  +3.099910e-130  +2.314388e-168  +2.399722e-217  +9.393717e-243  +1.316151e-256  +7.708438e-264  +6.616571e-282  +7.892926e-311  +0.000000e+00  +0.000000e+00  +0.000000e+00  +0.000000e+00  +0.000000e+00 
+0.000000e+00  +0.000000e+00  +0.000000e+00  +0.000000e+00  +0.000000e+00  +0.000000e+00  +1.064028e-286  +4.494859e-227  +2.637041e-178  +2.148601e-140  +2.487030e-113  +1.674289e-91  +6.981399e-79  +4.042904e-77  +3.276241e-86  +3.301659e-92  +3.076254e-102  +4.005061e-123  +4.014314e-149  +2.158040e-176  +1.611189e-214  +1.670595e-263  +7.142361e-319  +0.000000e+00  +0.000000e+00  +0.000000e+00  +0.000000e+00  +0.000000e+00  +0.000000e+00  +0.000000e+00  +0.000000e+00  +0.000000e+00 
