+0.000000e+00  +0.000000e+00  +0.000000e+00  +0.000000e+00  +0.000000e+00  +0.000000e+00  +0.000000e+00  +0.000000e+00  +0.000000e+00  +0.000000e+00  +0.000000e+00  +0.000000e+00  +0.000000e+00  +0.000000e+00  +0.000000e+00  +0.000000e+00  +0.000000e+00  +1.269933e-317  +8.781193e-296  +8.432651e-285  +1.124638e-284  +2.083047e-295  +5.388248e-317  +0.000000e+00  +0.000000e+00  +0.000000e+00  +0.000000e+00  +0.000000e+00  +0.000000e+00  +0.000000e+00  +0.000000e+00  +0.000000e+00 
+0.000000e+00  +0.000000e+00  +0.000000e+00  +0.000000e+00  +0.000000e+00  +0.000000e+00  +0.000000e+00  +0.000000e+00  +0.000000e+00  +0.000000e+00  +0.000000e+00  +0.000000e+00  +0.000000e+00  +0.000000e+00  +0.000000e+00  +1.689705e-321  +6.055817e-278  +3.015140e-245  +2.084875e-223  +2.002123e-212  +2.670172e-212  +4.945677e-223  +3.431124e-242  +5.808028e-253  +1.370479e-274  +4.491110e-307  +0.000000e+00  +0.000000e+00  +0.000000e+00  +0.000000e+00  +0.000000e+00  +0.000000e+00 
+0.000000e+00  +0.000000e+00  +0.000000e+00  +0.000000e+00  +0.000000e+00  +0.000000e+00  +0.000000e+00  +0.000000e+00  +0.000000e+00  +0.000000e+00  +0.000000e+00  +0.000000e+00  +0.000000e+00  +0.000000e+00  +2.396381e-303  +9.729774e-259  +1.996813e-216  +9.941960e-184  +6.874556e-162  +6.601691e-151  +8.804481e-151  +1.630761e-161  +5.411301e-176  +9.194057e-187  +2.169456e-208  +7.109391e-241  +3.399905e-284  +0.000000e+00  +0.000000e+00  +0.000000e+00  +0.000000e+00  +0.000000e+00 
+0.000000e+00  +0.000000e+00  +0.000000e+00  +0.000000e+00  +2.914987e-322  +1.233923e-306  +7.281223e-302  +5.967519e-308  +4.515812e-289  +5.172411e-275  +1.360524e-267  +2.012977e-261  +3.244051e-255  +7.260631e-260  +4.200080e-244  +4.654278e-201  +9.391496e-166  +4.552757e-133  +3.148090e-111  +3.023136e-100  +4.031867e-100  +7.467801e-111  +1.189647e-120  +2.021267e-131  +4.769438e-153  +1.568733e-185  +2.751432e-225  +4.911287e-265  +1.410878e-315  +0.000000e+00  +0.000000e+00  +0.000000e+00 
+0.000000e+00  +0.000000e+00  +3.509296e-311  +7.730766e-274  +2.365174e-247  +1.004943e-231  +5.930043e-227  +4.859731e-233  +6.884002e-218  +7.541785e-205  +1.768790e-197  +4.368411e-193  +7.039994e-187  +1.575647e-191  +6.427237e-185  +3.279994e-154  +1.743516e-120  +2.895571e-93  +2.002108e-71  +1.922641e-60  +2.564169e-60  +4.749369e-71  +3.632223e-76  +6.171320e-87  +1.456593e-108  +1.891792e-139  +1.296992e-170  +2.682831e-210  +7.707037e-261  +3.063207e-322  +0.000000e+00  +0.000000e+00 
+0.000000e+00  +2.502344e-295  +3.969278e-247  +8.744078e-210  +2.675189e-183  +1.136666e-167  +6.707325e-163  +5.496721e-169  +1.457490e-157  +3.091980e-145  +3.193631e-138  +1.316578e-135  +2.121754e-129  +4.748776e-134  +1.406654e-136  +5.306369e-110  +1.706284e-84  +1.262274e-61  +1.768341e-42  +1.698152e-31  +2.264775e-31  +5.453721e-42  +1.540157e-42  +2.616851e-53  +2.343587e-74  +6.607064e-98  +9.839506e-127  +2.035305e-166  +5.846870e-217  +2.332682e-278  +0.000000e+00  +0.000000e+00 
+3.441516e-301  +3.930759e-242  +6.235065e-194  +1.373547e-156  +4.202270e-130  +1.785511e-114  +1.053607e-109  +8.634420e-116  +4.285584e-108  +5.863010e-96  +8.008212e-90  +5.510995e-89  +8.880870e-83  +1.987661e-87  +4.280064e-99  +1.612867e-72  +8.472991e-57  +1.712133e-36  +3.924653e-24  +2.083018e-13  +2.778059e-13  +7.414087e-20  +9.069760e-20  +1.854100e-30  +7.550897e-47  +6.960319e-65  +1.036686e-93  +2.144388e-133  +6.160242e-184  +2.667117e-245  +1.319118e-313  +0.000000e+00 
+7.507877e-259  +8.575191e-200  +1.360218e-151  +2.996477e-114  +9.167510e-88  +3.895201e-72  +2.298509e-67  +1.883651e-73  +1.750058e-69  +2.281781e-57  +2.789188e-52  +3.213661e-53  +5.162429e-47  +1.155422e-51  +2.377435e-63  +6.831368e-46  +3.566859e-30  +3.243098e-22  +3.313607e-10  +3.709967e-06  +4.761322e-06  +6.063297e-08  +7.527225e-08  +2.688024e-15  +9.496924e-25  +1.018453e-42  +1.516910e-71  +3.536443e-111  +1.302116e-157  +5.904930e-214  +3.719187e-281  +0.000000e+00 
+2.274692e-227  +2.598060e-168  +4.121105e-120  +9.078545e-83  +2.777517e-56  +1.180144e-40  +6.963885e-36  +5.706974e-42  +9.925058e-42  +1.288622e-29  +1.351085e-25  +3.084431e-28  +4.167643e-22  +9.327759e-27  +4.268687e-33  +1.715102e-28  +2.117319e-14  +1.521429e-09  +5.632349e-06  +6.333514e-05  +3.727189e-05  +8.137615e-06  +1.344010e-04  +2.749819e-06  +1.929815e-13  +2.461822e-31  +6.640642e-56  +1.561382e-90  +5.098784e-136  +2.312395e-192  +1.456449e-259  +0.000000e+00 
+1.208985e-206  +1.094993e-147  +1.734050e-99  +3.819967e-62  +1.168692e-35  +4.965677e-20  +2.930184e-15  +2.401315e-21  +7.836558e-25  +1.014586e-12  +9.242184e-10  +3.683695e-13  +4.672829e-08  +1.068063e-12  +1.070534e-13  +3.124391e-16  +2.665135e-07  +1.305584e-04  +1.146996e-04  +4.670141e-05  +2.894061e-05  +1.855396e-04  +5.090032e-05  +1.057627e-05  +1.749701e-08  +2.133014e-21  +3.611395e-45  +8.491696e-80  +2.773012e-125  +1.257613e-181  +7.921005e-249  +0.000000e+00 
+6.777041e-190  +4.872781e-133  +4.875776e-87  +8.979807e-52  +6.959335e-26  +2.902096e-10  +1.712287e-05  +1.403248e-11  +4.484949e-16  +1.809704e-06  +1.057225e-04  +7.959004e-06  +1.351210e-04  +3.407938e-05  +4.806663e-05  +3.104204e-06  +7.296944e-08  +9.794494e-05  +8.605227e-05  +2.591421e-05  +1.164296e-04  +1.444853e-04  +1.211296e-04  +1.127362e-04  +1.050585e-07  +6.171742e-21  +6.418425e-45  +1.058956e-79  +2.750774e-125  +1.093140e-181  +6.417061e-249  +0.000000e+00 
+2.532490e-183  +1.820870e-126  +1.818226e-80  +2.521477e-45  +4.856243e-21  +1.299157e-07  +5.506922e-05  +6.181979e-06  +4.207533e-10  +2.586783e-05  +1.355064e-04  +1.670221e-04  +4.048599e-04  +9.255916e-05  +3.090533e-04  +2.275730e-04  +4.128590e-04  +2.649486e-04  +3.573518e-04  +4.001692e-04  +2.502192e-04  +3.426585e-04  +2.703378e-04  +2.330979e-04  +1.754858e-09  +1.946048e-23  +1.548863e-47  +1.752440e-82  +2.754336e-128  +6.012153e-185  +2.434447e-252  +5.622218e-316 
+1.314297e-187  +9.449842e-131  +9.436123e-85  +1.308581e-49  +2.520261e-25  +6.749634e-12  +1.865813e-06  +1.359351e-04  +1.412582e-04  +8.570257e-05  +1.238202e-04  +3.131107e-04  +7.703115e-05  +3.269290e-04  +3.064460e-04  +3.311225e-04  +4.666381e-04  +2.254042e-04  +2.465978e-04  +2.539862e-04  +1.315136e-04  +2.899528e-04  +3.347975e-04  +1.559914e-04  +2.360015e-08  +1.826140e-22  +4.003920e-46  +2.180830e-80  +2.502879e-119  +1.192334e-160  +7.888500e-213  +7.248177e-276 
+9.472773e-203  +6.810958e-146  +6.801070e-100  +9.431575e-65  +1.816500e-40  +3.345897e-24  +9.456342e-12  +7.661931e-08  +9.005269e-05  +1.461225e-04  +1.608463e-04  +4.492941e-04  +2.873544e-04  +2.925919e-04  +3.033602e-04  +2.047779e-04  +2.866144e-04  +5.800724e-04  +4.387171e-04  +6.109752e-04  +5.582078e-04  +1.823740e-04  +3.689223e-04  +2.554474e-04  +3.362433e-07  +1.232231e-19  +5.426490e-39  +1.306406e-59  +4.481243e-90  +2.134799e-131  +1.412386e-183  +1.621486e-237 
+9.481972e-229  +6.817573e-172  +6.807675e-126  +9.440739e-91  +3.124714e-63  +6.405811e-40  +2.070079e-27  +1.550200e-13  +1.439236e-06  +7.284005e-05  +2.538736e-04  +3.030366e-04  +3.144721e-04  +1.250364e-04  +2.798976e-04  +3.536300e-04  +2.929459e-04  +5.851019e-04  +4.894978e-04  +3.487200e-04  +4.368730e-04  +2.275072e-04  +1.193800e-04  +1.500200e-04  +3.129731e-05  +7.157863e-12  +1.315204e-21  +3.248441e-41  +1.114283e-71  +1.878317e-112  +7.865384e-148  +6.376063e-194 
+1.318130e-265  +9.477402e-209  +9.463648e-163  +5.675030e-124  +8.380332e-90  +1.719263e-66  +5.246777e-44  +8.660908e-24  +6.008642e-09  +3.056627e-04  +2.286482e-04  +2.025378e-04  +3.113983e-04  +2.009314e-04  +4.302278e-04  +2.173807e-04  +8.766037e-05  +3.043455e-04  +1.375007e-04  +1.956616e-04  +5.037658e-05  +1.593772e-04  +1.538008e-04  +1.033075e-04  +6.108139e-05  +2.555528e-05  +4.547718e-14  +1.132080e-33  +1.750838e-55  +7.358726e-80  +4.295338e-115  +3.482010e-161 
+2.544812e-313  +1.829732e-256  +1.988423e-206  +2.114582e-161  +3.123333e-127  +1.739992e-88  +5.459786e-52  +2.386591e-26  +1.495338e-11  +1.320832e-05  +5.130014e-05  +7.283093e-04  +2.084685e-04  +5.529806e-04  +5.498478e-04  +1.367718e-04  +1.469495e-04  +1.332443e-04  +1.698375e-05  +5.759822e-06  +8.461015e-05  +6.146104e-05  +2.015085e-04  +1.741061e-06  +5.047689e-05  +5.937336e-05  +1.686221e-10  +4.391799e-20  +1.327887e-33  +5.581077e-58  +3.257712e-93  +2.640860e-139 
+0.000000e+00  +1.343885e-310  +1.029115e-254  +1.853508e-207  +2.996632e-149  +6.768389e-102  +2.123271e-65  +9.257453e-40  +4.335284e-23  +1.147639e-09  +1.239318e-04  +4.231209e-04  +1.594238e-04  +4.320246e-04  +4.578203e-04  +1.116935e-04  +1.985304e-04  +4.239173e-06  +3.487954e-10  +8.885672e-08  +5.432636e-05  +6.647478e-09  +7.008984e-10  +8.910269e-11  +3.315714e-07  +4.332701e-05  +1.174355e-05  +4.622080e-09  +1.398668e-22  +5.878565e-47  +3.431358e-82  +2.781626e-128 
+0.000000e+00  +0.000000e+00  +8.500350e-301  +1.038111e-231  +2.566306e-168  +2.142850e-114  +2.484940e-71  +4.002007e-39  +8.951129e-18  +2.796316e-07  +1.392782e-04  +3.588206e-04  +3.186684e-04  +3.951232e-04  +3.901032e-04  +4.668554e-04  +2.950139e-04  +1.347603e-06  +7.219780e-10  +4.062104e-09  +9.162530e-13  +7.428140e-21  +4.700463e-25  +6.486461e-26  +1.913872e-19  +4.490437e-10  +4.550779e-06  +6.760696e-09  +2.046001e-22  +8.599290e-47  +5.019464e-82  +4.069022e-128 
+0.000000e+00  +0.000000e+00  +1.833657e-308  +7.938313e-233  +4.772834e-168  +3.985313e-114  +4.621538e-71  +7.443008e-39  +1.664748e-17  +5.197494e-07  +1.710767e-04  +3.187529e-04  +3.227297e-04  +3.327646e-04  +8.032584e-04  +4.854307e-04  +5.934595e-04  +1.653315e-04  +7.967111e-05  +1.888285e-04  +1.126571e-10  +1.347253e-27  +4.692207e-51  +4.958173e-51  +4.183071e-36  +9.116285e-22  +6.612902e-17  +1.373462e-19  +4.156570e-33  +1.746996e-57  +1.019733e-92  +8.266454e-139 
+0.000000e+00  +0.000000e+00  +4.736163e-319  +2.050392e-243  +1.232778e-178  +1.029369e-124  +1.193700e-81  +1.922465e-49  +5.514337e-28  +1.691634e-12  +3.947597e-06  +1.408529e-04  +1.614487e-04  +4.628178e-04  +5.105891e-04  +2.200916e-04  +3.662800e-04  +2.904208e-04  +1.854037e-04  +2.236242e-04  +1.342562e-09  +5.664655e-25  +3.385205e-51  +8.370976e-84  +1.105770e-58  +2.720695e-44  +1.787509e-38  +3.875105e-41  +1.172741e-54  +4.929002e-79  +2.877092e-114  +2.332311e-160 
+0.000000e+00  +0.000000e+00  +0.000000e+00  +7.355012e-265  +4.422130e-200  +3.692475e-146  +4.282677e-103  +4.734374e-69  +4.327504e-41  +6.952412e-24  +2.434081e-10  +8.324569e-05  +3.652513e-05  +2.136962e-04  +2.807255e-04  +2.941779e-04  +3.378993e-04  +2.250443e-04  +2.535985e-04  +1.679730e-04  +3.604962e-10  +2.082160e-26  +2.990518e-53  +1.557958e-90  +4.566080e-92  +1.163191e-77  +6.971800e-71  +1.518408e-73  +4.595231e-87  +1.931364e-111  +1.127350e-146  +9.138850e-193 
+0.000000e+00  +0.000000e+00  +0.000000e+00  +3.664105e-297  +2.203008e-232  +1.906275e-178  +3.106382e-130  +2.574666e-91  +1.479716e-61  +7.992024e-34  +8.390236e-15  +1.790794e-06  +2.595074e-05  +5.610442e-05  +7.928956e-05  +1.744772e-04  +2.794325e-04  +2.119232e-04  +1.719679e-04  +5.949768e-05  +9.900080e-12  +2.706963e-29  +3.174816e-57  +2.365858e-95  +2.618564e-136  +8.832584e-122  +3.792065e-114  +8.262884e-117  +2.500636e-130  +1.051011e-154  +6.134822e-190  +4.973185e-236 
+0.000000e+00  +0.000000e+00  +0.000000e+00  +0.000000e+00  +1.167391e-273  +4.947065e-213  +2.966856e-163  +5.033491e-116  +3.907778e-75  +4.246047e-45  +6.407432e-26  +1.345206e-17  +9.554198e-10  +2.922108e-05  +6.464016e-05  +2.502920e-04  +1.150340e-04  +6.544360e-05  +1.041418e-04  +4.891072e-06  +1.645651e-14  +2.740423e-32  +9.116012e-61  +4.237187e-100  +2.735442e-150  +2.337365e-176  +2.865725e-168  +6.244716e-171  +1.889868e-184  +7.943068e-209  +4.636422e-244  +3.758510e-290 
+0.000000e+00  +0.000000e+00  +0.000000e+00  +0.000000e+00  +1.526697e-317  +2.320076e-252  +9.409710e-190  +5.301032e-138  +4.147464e-97  +4.506536e-67  +6.800502e-48  +2.329255e-35  +7.537862e-21  +1.332701e-11  +3.395481e-05  +9.491792e-05  +9.121532e-05  +2.933825e-05  +1.301833e-04  +5.226578e-06  +5.645982e-17  +2.772018e-38  +5.417329e-70  +1.842716e-112  +4.449937e-164  +3.916135e-225  +3.007815e-233  +6.554381e-236  +1.983584e-249  +8.336951e-274  +4.866335e-309  +0.000000e+00 
+0.000000e+00  +0.000000e+00  +0.000000e+00  +0.000000e+00  +0.000000e+00  +3.419210e-285  +1.386986e-222  +7.813693e-171  +6.113340e-130  +6.642610e-100  +1.013409e-80  +3.787387e-58  +3.695038e-38  +4.345100e-21  +1.220379e-12  +2.601610e-06  +3.141840e-05  +1.157041e-04  +8.755129e-05  +3.874129e-09  +5.327816e-21  +1.067525e-43  +3.848647e-77  +3.998922e-121  +1.104474e-175  +5.348250e-241  +4.384376e-309  +9.554074e-312  +0.000000e+00  +0.000000e+00  +0.000000e+00  +0.000000e+00 
+0.000000e+00  +0.000000e+00  +0.000000e+00  +0.000000e+00  +0.000000e+00  +0.000000e+00  +2.839265e-266  +1.599522e-214  +1.251447e-173  +1.359792e-143  +3.823727e-117  +1.984713e-86  +1.669589e-58  +3.713635e-41  +3.359278e-24  +3.400220e-17  +7.183235e-08  +8.559456e-06  +7.507136e-09  +2.558685e-16  +6.810666e-34  +1.049922e-56  +2.763450e-90  +1.010521e-134  +5.144872e-190  +3.700270e-256  +0.000000e+00  +0.000000e+00  +0.000000e+00  +0.000000e+00  +0.000000e+00  +0.000000e+00 
+0.000000e+00  +0.000000e+00  +0.000000e+00  +0.000000e+00  +0.000000e+00  +0.000000e+00  +8.073033e-321  +4.547389e-269  +3.557823e-228  +1.324339e-197  +2.056697e-156  +1.244475e-117  +1.056323e-89  +8.455224e-64  +1.712408e-46  +2.406336e-30  +2.452063e-20  +9.705273e-17  +3.222657e-21  +3.708879e-31  +1.841583e-49  +1.285252e-78  +4.030316e-114  +1.473095e-158  +7.477800e-214  +5.271765e-280  +0.000000e+00  +0.000000e+00  +0.000000e+00  +0.000000e+00  +0.000000e+00  +0.000000e+00 
+0.000000e+00  +0.000000e+00  +0.000000e+00  +0.000000e+00  +0.000000e+00  +0.000000e+00  +0.000000e+00  +0.000000e+00  +1.404735e-293  +4.111904e-248  +1.789235e-198  +1.087446e-159  +4.104691e-125  +5.985557e-97  +1.562110e-74  +9.397751e-54  +8.830926e-43  +1.575884e-38  +4.090555e-43  +7.983439e-57  +3.707247e-75  +2.556483e-104  +2.448425e-144  +3.016404e-193  +1.514671e-248  +1.067823e-314  +0.000000e+00  +0.000000e+00  +0.000000e+00  +0.000000e+00  +0.000000e+00  +0.000000e+00 
+0.000000e+00  +0.000000e+00  +0.000000e+00  +0.000000e+00  +0.000000e+00  +0.000000e+00  +0.000000e+00  +0.000000e+00  +0.000000e+00  +4.961635e-301  +2.171257e-251  +3.843497e-208  +4.035504e-169  +2.544322e-140  +8.471842e-109  +5.116398e-88  +2.039869e-75  +3.648019e-71  +7.239255e-76  +9.153844e-91  +1.036469e-111  +7.147284e-141  +6.844952e-181  +9.104117e-232  +2.107769e-293  +0.000000e+00  +0.000000e+00  +0.000000e+00  +0.000000e+00  +0.000000e+00  +0.000000e+00  +0.000000e+00 
+0.000000e+00  +0.000000e+00  +0.000000e+00  +0.000000e+00  +0.000000e+00  +0.000000e+00  +0.000000e+00  +0.000000e+00  +0.000000e+00  +0.000000e+00  +6.977539e-313  +5.247675e-263  +5.510493e-224  +1.473141e-185  +6.380963e-154  +4.544055e-133  +7.153319e-119  +1.198748e-114  +1.781066e-119  +2.239489e-134  +4.419676e-159  +2.775090e-188  +2.657703e-228  +3.534873e-279  +0.000000e+00  +0.000000e+00  +0.000000e+00  +0.000000e+00  +0.000000e+00  +0.000000e+00  +0.000000e+00  +0.000000e+00 
+0.000000e+00  +0.000000e+00  +0.000000e+00  +0.000000e+00  +0.000000e+00  +0.000000e+00  +0.000000e+00  +0.000000e+00  +0.000000e+00  +0.000000e+00  +0.000000e+00  +0.000000e+00  +4.940690e-284  +1.540955e-241  +6.675163e-210  +3.845194e-188  +3.490945e-173  +5.567173e-169  +6.094314e-174  +7.626491e-189  +1.348742e-214  +1.496445e-246  +1.433113e-286  +0.000000e+00  +0.000000e+00  +0.000000e+00  +0.000000e+00  +0.000000e+00  +0.000000e+00  +0.000000e+00  +0.000000e+00  +0.000000e+00 
