+0.000000e+00  +0.000000e+00  +0.000000e+00  +0.000000e+00  +0.000000e+00  +0.000000e+00  +0.000000e+00  +0.000000e+00  +0.000000e+00  +0.000000e+00  +5.876217e-288  +2.577045e-229  +1.569583e-181  +1.332441e-144  +7.905412e-108  +1.813692e-79  +5.778843e-62  +3.242901e-55  +1.126707e-54  +2.570858e-64  +8.146842e-85  +1.236344e-111  +7.862729e-128  +6.944878e-155  +3.348526e-179  +1.422517e-209  +8.162818e-235  +7.026876e-260  +8.400835e-296  +0.000000e+00  +0.000000e+00  +0.000000e+00 
+0.000000e+00  +0.000000e+00  +0.000000e+00  +0.000000e+00  +0.000000e+00  +0.000000e+00  +0.000000e+00  +0.000000e+00  +0.000000e+00  +1.241735e-317  +3.921164e-248  +1.719647e-189  +1.047373e-141  +8.859394e-105  +1.083660e-78  +9.816510e-52  +3.127766e-34  +1.512936e-27  +2.117822e-27  +4.832204e-37  +1.531307e-57  +4.510811e-70  +2.868805e-86  +8.047058e-109  +2.461439e-128  +5.141173e-158  +2.538587e-172  +2.185316e-197  +2.612608e-233  +4.337829e-280  +0.000000e+00  +0.000000e+00 
+0.000000e+00  +0.000000e+00  +0.000000e+00  +0.000000e+00  +0.000000e+00  +0.000000e+00  +0.000000e+00  +0.000000e+00  +0.000000e+00  +3.174621e-288  +3.634115e-219  +1.593662e-160  +9.706382e-113  +8.210378e-76  +9.647921e-50  +2.332132e-34  +2.351071e-17  +1.074000e-10  +5.528756e-11  +1.262916e-20  +4.991287e-34  +2.285706e-39  +1.453713e-55  +8.214797e-69  +2.512827e-88  +1.768877e-106  +1.096432e-120  +9.438523e-146  +1.128403e-181  +1.873537e-228  +4.320294e-286  +0.000000e+00 
+0.000000e+00  +0.000000e+00  +0.000000e+00  +0.000000e+00  +0.000000e+00  +0.000000e+00  +0.000000e+00  +0.000000e+00  +0.000000e+00  +5.474063e-259  +4.461391e-194  +5.191429e-140  +1.265313e-94  +1.057977e-57  +1.242964e-31  +2.061525e-16  +2.241332e-10  +1.134350e-04  +2.233209e-05  +6.882134e-12  +3.512920e-14  +1.608519e-19  +5.293677e-31  +1.164684e-39  +3.565033e-59  +1.061024e-65  +6.576724e-80  +5.661504e-105  +6.768510e-141  +1.126138e-187  +6.970523e-245  +1.141101e-310 
+0.000000e+00  +0.000000e+00  +0.000000e+00  +0.000000e+00  +0.000000e+00  +0.000000e+00  +0.000000e+00  +0.000000e+00  +3.537878e-316  +2.070314e-240  +1.682742e-175  +1.901557e-121  +3.014874e-78  +7.269138e-46  +1.029699e-23  +5.260972e-09  +1.889183e-04  +1.145982e-04  +1.188644e-04  +2.010461e-06  +3.605809e-05  +9.383429e-10  +1.041399e-12  +2.293311e-21  +1.982437e-32  +8.838756e-36  +5.478674e-50  +4.716986e-75  +6.345764e-111  +9.642856e-156  +1.790409e-210  +4.661904e-276 
+0.000000e+00  +0.000000e+00  +0.000000e+00  +0.000000e+00  +0.000000e+00  +0.000000e+00  +0.000000e+00  +0.000000e+00  +1.015910e-293  +5.170402e-224  +3.666598e-165  +9.982000e-114  +1.564863e-70  +3.423294e-38  +1.082755e-16  +6.457612e-06  +3.715405e-04  +1.450078e-05  +1.480696e-04  +2.653159e-05  +2.101690e-05  +2.355508e-04  +3.033979e-05  +6.495704e-14  +2.305655e-13  +1.022586e-16  +6.397419e-31  +4.677241e-55  +4.016908e-88  +5.422029e-132  +1.016576e-186  +2.647014e-252 
+0.000000e+00  +0.000000e+00  +0.000000e+00  +0.000000e+00  +0.000000e+00  +0.000000e+00  +0.000000e+00  +0.000000e+00  +5.390165e-274  +2.743238e-204  +1.938939e-145  +1.903556e-97  +2.614574e-60  +7.800629e-34  +5.524760e-16  +1.640923e-06  +2.257556e-04  +6.709047e-05  +1.097241e-04  +6.914909e-05  +1.889304e-04  +2.940419e-05  +2.762385e-06  +2.928050e-06  +3.837942e-05  +2.566560e-08  +4.664818e-20  +3.258000e-42  +3.167031e-75  +4.275557e-119  +8.016244e-174  +2.087311e-239 
+0.000000e+00  +0.000000e+00  +0.000000e+00  +0.000000e+00  +0.000000e+00  +0.000000e+00  +0.000000e+00  +4.339129e-285  +9.865161e-248  +2.021382e-195  +1.428722e-136  +1.402443e-88  +1.911927e-51  +3.624298e-25  +1.013033e-09  +1.900911e-04  +9.273954e-05  +1.359319e-04  +2.910975e-04  +2.536648e-04  +1.932947e-04  +8.852102e-05  +1.115497e-04  +1.597264e-04  +1.847953e-04  +1.014462e-06  +5.097468e-18  +3.567950e-40  +3.468336e-73  +4.682325e-117  +8.778895e-172  +2.285894e-237 
+0.000000e+00  +4.692339e-305  +5.562262e-275  +9.172637e-256  +2.100753e-247  +6.681801e-250  +2.951551e-263  +6.966225e-224  +1.753177e-188  +2.010817e-160  +8.013311e-134  +2.034795e-89  +1.962865e-53  +3.704238e-27  +9.742206e-12  +3.123506e-06  +1.953716e-04  +1.300758e-04  +3.264790e-04  +2.169334e-04  +1.238526e-04  +2.345071e-04  +2.007151e-04  +1.322343e-05  +2.780024e-04  +1.465637e-07  +1.232709e-20  +2.038391e-44  +5.112194e-79  +1.880502e-124  +2.228574e-180  +3.537970e-246 
+2.101441e-271  +3.104192e-237  +7.377176e-208  +1.216558e-188  +2.786207e-180  +8.862005e-183  +3.914611e-196  +1.569510e-173  +2.443701e-138  +1.965953e-112  +7.957235e-95  +5.876394e-71  +2.503965e-43  +1.167421e-20  +7.671189e-09  +1.298222e-04  +2.645711e-04  +1.640033e-04  +3.107682e-04  +3.538791e-04  +2.033016e-04  +1.715360e-04  +1.941966e-04  +4.019311e-04  +1.550878e-04  +2.497823e-09  +2.424012e-22  +4.447152e-46  +1.138332e-80  +4.049892e-126  +2.001352e-182  +1.373582e-249 
+9.038426e-212  +1.068031e-177  +1.360586e-151  +2.240831e-132  +5.132037e-124  +1.632332e-126  +7.210494e-140  +4.911203e-134  +7.626753e-99  +1.897710e-74  +1.052164e-57  +1.832146e-48  +3.521871e-28  +1.582767e-18  +4.147671e-07  +7.768375e-05  +4.496300e-04  +4.797033e-04  +2.157683e-04  +6.164582e-04  +1.573663e-04  +2.359072e-05  +1.197862e-04  +1.199573e-04  +2.265942e-07  +1.822826e-15  +3.453421e-34  +1.383120e-58  +3.541472e-93  +1.260196e-138  +6.227788e-195  +4.274330e-262 
+5.398914e-163  +6.378979e-129  +1.394329e-105  +5.732230e-87  +1.312817e-78  +4.175637e-81  +1.844503e-94  +2.312467e-102  +3.314344e-70  +7.152594e-46  +2.144448e-31  +1.114902e-24  +1.539349e-16  +4.078320e-07  +1.025724e-07  +2.451285e-04  +1.484882e-04  +3.466391e-04  +3.730046e-04  +2.276122e-04  +1.937622e-04  +2.705336e-04  +1.227890e-04  +9.939265e-06  +1.764998e-15  +2.080561e-28  +2.647745e-47  +4.696124e-77  +1.648383e-116  +5.446155e-162  +2.691446e-218  +1.847226e-285 
+4.478762e-125  +5.291791e-91  +8.684546e-68  +2.038438e-52  +4.663978e-44  +1.483458e-46  +6.552872e-60  +1.492059e-74  +4.469364e-48  +4.314210e-28  +1.341334e-14  +2.847838e-09  +1.096648e-09  +1.085657e-04  +2.129419e-04  +1.526125e-04  +4.024287e-04  +4.677377e-04  +4.178643e-04  +4.257151e-04  +1.400844e-04  +1.377058e-04  +1.608500e-09  +3.322211e-11  +1.249210e-22  +9.359797e-45  +4.620706e-71  +8.230278e-101  +2.036577e-141  +7.003461e-193  +1.618731e-252  +1.108683e-319 
+5.159974e-98  +6.096663e-64  +1.000403e-40  +3.284562e-28  +2.301160e-20  +7.319230e-23  +3.256714e-36  +2.454963e-47  +4.008432e-31  +1.667458e-15  +1.084201e-07  +1.900246e-04  +3.880662e-05  +2.014345e-04  +1.757311e-04  +6.655420e-05  +1.429805e-04  +1.550238e-04  +1.360889e-04  +1.478648e-04  +1.350161e-06  +4.249521e-05  +6.856840e-13  +5.456865e-27  +2.007895e-38  +1.026349e-60  +7.320902e-94  +2.021906e-135  +4.985475e-176  +1.714031e-227  +8.184205e-290  +0.000000e+00 
+8.256100e-82  +9.754830e-48  +1.600672e-24  +3.648421e-12  +1.577948e-07  +5.016186e-10  +1.674174e-17  +2.575858e-25  +6.608887e-25  +2.079530e-09  +1.322184e-04  +1.175919e-04  +5.213101e-05  +8.368225e-05  +1.590227e-04  +2.732303e-04  +4.046413e-04  +1.782168e-04  +4.508879e-04  +2.802674e-04  +1.663279e-04  +1.513406e-09  +1.293267e-20  +2.931519e-39  +4.586098e-65  +2.343169e-87  +1.662993e-120  +1.639225e-164  +2.263453e-219  +5.830334e-273  +0.000000e+00  +0.000000e+00 
+1.834596e-76  +2.167630e-42  +3.556868e-19  +8.105661e-07  +4.085676e-05  +4.946059e-05  +2.256015e-06  +4.825807e-12  +5.995700e-10  +3.656764e-07  +1.529438e-04  +1.682557e-04  +3.637295e-05  +5.558852e-05  +1.889954e-04  +1.015587e-04  +1.152810e-04  +1.894949e-04  +2.023239e-04  +1.127719e-04  +2.905969e-05  +2.120889e-13  +1.436782e-29  +3.838107e-56  +2.427122e-87  +7.441860e-125  +5.274087e-158  +5.198414e-202  +7.115945e-257  +1.333977e-322  +0.000000e+00  +0.000000e+00 
+5.661660e-82  +6.689420e-48  +1.097668e-24  +2.501450e-12  +1.160787e-09  +1.469761e-04  +7.334806e-05  +5.801448e-06  +6.177592e-05  +1.395237e-04  +1.272572e-04  +1.466437e-04  +2.626190e-04  +1.384535e-04  +2.672710e-04  +1.714443e-04  +1.631764e-04  +2.343237e-04  +5.197515e-05  +1.746618e-04  +8.472982e-06  +1.529130e-11  +1.652328e-24  +2.480611e-48  +5.172333e-83  +1.498144e-128  +6.031583e-185  +2.323470e-250  +3.134213e-305  +0.000000e+00  +0.000000e+00  +0.000000e+00 
+2.426527e-98  +2.867014e-64  +4.704489e-41  +1.072201e-28  +2.322650e-15  +1.726689e-08  +2.129393e-05  +1.007285e-04  +2.396015e-05  +1.478206e-04  +3.203468e-04  +1.024894e-04  +6.785987e-05  +4.418098e-05  +2.746916e-04  +3.433384e-04  +1.186979e-04  +5.780873e-05  +2.026772e-04  +2.474402e-05  +1.711143e-04  +4.033689e-07  +8.030572e-20  +3.240634e-43  +2.238764e-77  +2.315665e-122  +3.401435e-178  +6.982024e-245  +1.976263e-322  +0.000000e+00  +0.000000e+00  +0.000000e+00 
+1.444323e-125  +1.706511e-91  +2.800218e-68  +1.054177e-47  +2.312628e-30  +4.109977e-18  +1.395090e-06  +2.243735e-04  +9.740863e-05  +1.875925e-04  +8.517657e-05  +1.221985e-04  +2.973197e-04  +1.000840e-04  +9.351661e-05  +1.790143e-04  +1.310404e-04  +1.702832e-04  +4.027035e-06  +2.523280e-04  +8.385050e-05  +8.984595e-09  +2.445775e-21  +1.349392e-44  +1.036452e-78  +1.105615e-123  +1.637934e-179  +9.285030e-232  +1.669680e-277  +0.000000e+00  +0.000000e+00  +0.000000e+00 
+2.512723e-161  +5.435128e-110  +1.640521e-69  +6.876882e-40  +4.003496e-21  +6.789295e-13  +2.857712e-05  +1.424988e-04  +2.301007e-04  +2.379521e-04  +2.434458e-04  +6.464709e-05  +2.470768e-04  +1.100583e-04  +2.880736e-04  +1.873548e-04  +2.299562e-04  +2.885991e-05  +5.258241e-05  +2.083445e-04  +9.493525e-06  +9.753856e-11  +2.038164e-25  +5.915789e-51  +2.385341e-87  +7.870808e-116  +8.601447e-145  +1.113719e-179  +2.002745e-225  +5.001652e-282  +0.000000e+00  +0.000000e+00 
+8.969556e-148  +2.523954e-99  +2.692573e-61  +7.176194e-32  +4.175413e-13  +3.411049e-05  +1.682955e-04  +4.942728e-05  +4.026357e-04  +2.439984e-04  +3.794500e-04  +1.388569e-04  +8.829806e-05  +2.577872e-04  +1.411481e-04  +2.303411e-04  +1.051706e-04  +1.363644e-04  +1.360002e-04  +4.014952e-05  +1.376753e-07  +2.269189e-19  +9.678756e-38  +3.126557e-46  +3.227786e-58  +1.583095e-79  +1.432828e-103  +1.855265e-138  +3.336229e-184  +8.331894e-241  +2.889812e-308  +0.000000e+00 
+7.594461e-139  +2.132222e-90  +8.313917e-53  +4.502119e-26  +3.385879e-10  +4.483300e-05  +7.325618e-05  +2.645522e-04  +3.748459e-04  +2.672276e-05  +2.331790e-04  +2.241635e-04  +9.847285e-05  +8.716818e-07  +4.563090e-05  +3.720181e-06  +2.103174e-04  +8.444331e-05  +9.508879e-05  +1.013131e-04  +2.759008e-05  +7.439387e-15  +3.435015e-21  +2.553120e-22  +2.688786e-34  +3.555522e-49  +3.314841e-73  +4.292142e-108  +7.718342e-154  +1.927578e-210  +6.685560e-278  +0.000000e+00 
+8.930221e-141  +2.507252e-92  +9.777260e-55  +5.367083e-28  +1.111113e-11  +9.699388e-05  +1.719439e-04  +1.653778e-04  +1.722808e-04  +1.542998e-05  +1.693686e-04  +2.540360e-04  +4.317591e-05  +7.427568e-05  +2.387509e-04  +3.883904e-04  +2.958210e-04  +2.898058e-04  +2.028232e-04  +5.295761e-05  +3.675301e-05  +5.895677e-07  +3.950552e-08  +2.895485e-09  +1.711883e-16  +1.142638e-29  +1.065058e-53  +1.379051e-88  +2.479877e-134  +6.193242e-191  +2.148048e-258  +0.000000e+00 
+1.785861e-153  +1.233373e-103  +6.031242e-64  +4.234385e-35  +4.129764e-17  +5.600220e-10  +1.122574e-05  +2.699342e-05  +1.050224e-04  +1.707539e-04  +1.235791e-04  +9.552053e-05  +1.822839e-06  +1.491139e-04  +2.774486e-04  +1.232727e-04  +2.851781e-04  +1.873839e-04  +3.279792e-04  +3.631499e-05  +1.667214e-04  +3.991600e-05  +3.789429e-05  +3.986736e-05  +7.933440e-08  +5.107282e-21  +4.752800e-45  +6.153553e-80  +1.106558e-125  +2.763517e-182  +9.584910e-250  +0.000000e+00 
+2.634496e-170  +9.592225e-120  +4.850418e-80  +3.406253e-51  +3.322099e-33  +6.405697e-23  +1.403030e-15  +9.169990e-13  +9.318786e-08  +2.114486e-09  +1.290999e-11  +1.700793e-12  +2.465684e-07  +4.707965e-05  +2.354593e-04  +5.494541e-05  +3.365847e-04  +3.737198e-04  +1.070573e-04  +1.324026e-04  +6.676379e-08  +2.261489e-05  +2.188184e-06  +9.384543e-07  +6.277327e-10  +3.204960e-23  +2.946945e-47  +3.813454e-82  +6.857358e-128  +1.712554e-184  +5.939777e-252  +0.000000e+00 
+2.943221e-197  +1.071630e-146  +5.418817e-107  +3.805417e-78  +3.786114e-60  +1.010704e-43  +8.713634e-36  +2.407754e-28  +2.693238e-21  +1.525698e-24  +3.633775e-27  +5.173399e-29  +3.667314e-14  +4.757536e-06  +1.385559e-04  +9.709822e-05  +9.690511e-05  +1.790393e-04  +1.032332e-04  +2.234835e-07  +5.624629e-16  +7.906179e-12  +1.126325e-12  +5.022880e-19  +1.412547e-22  +3.014513e-36  +2.546701e-60  +3.282592e-95  +5.901743e-141  +1.473888e-197  +5.111991e-265  +0.000000e+00 
+4.566528e-235  +1.662677e-184  +8.407517e-145  +5.904262e-116  +1.638521e-93  +2.216669e-75  +3.608884e-66  +9.560872e-53  +1.081034e-45  +1.784633e-49  +2.876131e-53  +5.540521e-44  +6.806224e-24  +1.191518e-11  +4.139639e-05  +2.361534e-04  +2.475693e-04  +1.083767e-05  +1.551316e-04  +4.090528e-07  +9.351306e-20  +6.519437e-29  +9.291984e-30  +2.268693e-41  +9.452931e-46  +5.883659e-60  +3.136965e-84  +3.928780e-119  +7.054460e-165  +1.761666e-221  +6.110097e-289  +0.000000e+00 
+9.839825e-284  +3.582690e-233  +1.811628e-193  +1.784537e-164  +4.990194e-136  +6.763969e-118  +6.811168e-106  +5.329661e-88  +6.026180e-81  +9.472452e-85  +3.167632e-90  +7.825900e-63  +5.505504e-39  +1.154900e-20  +8.895866e-13  +3.037524e-06  +1.431577e-04  +3.044283e-05  +2.451652e-05  +5.693195e-11  +1.295294e-23  +4.116074e-47  +1.064874e-57  +2.107828e-69  +1.116780e-79  +3.795921e-94  +6.357216e-119  +6.586740e-154  +1.171520e-199  +2.924339e-256  +9.881313e-324  +0.000000e+00 
+0.000000e+00  +1.072132e-292  +5.421390e-253  +2.166939e-218  +2.110747e-189  +2.990104e-171  +5.067989e-152  +4.126104e-134  +4.665333e-127  +7.326082e-131  +1.867370e-123  +3.508336e-87  +6.329761e-58  +1.593503e-39  +2.024704e-25  +7.149858e-15  +1.843173e-10  +1.424507e-06  +1.968831e-09  +1.132531e-18  +3.399477e-38  +7.918029e-62  +5.189212e-96  +3.354773e-108  +1.905393e-124  +5.715309e-139  +3.439918e-164  +1.630312e-199  +2.709545e-245  +6.742540e-302  +0.000000e+00  +0.000000e+00 
+0.000000e+00  +0.000000e+00  +2.025669e-322  +1.272924e-282  +1.239919e-253  +3.579477e-235  +5.448967e-209  +4.436277e-191  +5.016042e-184  +7.876654e-188  +5.127985e-157  +6.691248e-117  +1.212690e-87  +2.609715e-66  +3.761460e-45  +6.295494e-32  +4.840289e-24  +1.551725e-18  +9.210712e-24  +1.325475e-33  +1.062315e-53  +1.184539e-84  +9.335777e-122  +7.415307e-158  +6.577745e-180  +1.337057e-194  +5.808899e-220  +7.886502e-256  +8.884788e-302  +0.000000e+00  +0.000000e+00  +0.000000e+00 
+0.000000e+00  +0.000000e+00  +0.000000e+00  +0.000000e+00  +0.000000e+00  +1.388302e-305  +8.136368e-277  +6.624226e-259  +7.489928e-252  +1.451901e-248  +1.364278e-197  +1.780359e-157  +3.873998e-128  +6.702987e-97  +5.206389e-75  +1.765267e-59  +7.317243e-47  +2.347562e-41  +1.046357e-46  +2.155070e-59  +1.726684e-79  +1.921908e-110  +2.970919e-152  +2.186745e-203  +6.257613e-241  +4.416059e-261  +1.817130e-286  +1.235164e-322  +0.000000e+00  +0.000000e+00  +0.000000e+00  +0.000000e+00 
+0.000000e+00  +0.000000e+00  +0.000000e+00  +0.000000e+00  +0.000000e+00  +0.000000e+00  +0.000000e+00  +0.000000e+00  +0.000000e+00  +5.365059e-300  +5.041285e-249  +6.579099e-209  +2.313054e-170  +2.455750e-138  +1.653263e-113  +7.343125e-97  +1.537404e-80  +4.932392e-75  +2.197685e-80  +6.223182e-96  +3.897716e-116  +4.338404e-147  +6.706373e-189  +1.439738e-241  +4.385681e-305  +0.000000e+00  +0.000000e+00  +0.000000e+00  +0.000000e+00  +0.000000e+00  +0.000000e+00  +0.000000e+00 
