+0.000000e+00  +0.000000e+00  +0.000000e+00  +6.347269e-289  +5.094173e-241  +5.743734e-204  +8.994001e-178  +1.955913e-162  +5.907231e-158  +4.993421e-162  +1.199793e-137  +1.021875e-116  +1.209871e-106  +1.026393e-106  +5.930884e-97  +6.289643e-98  +1.028930e-109  +8.896902e-107  +2.189618e-98  +7.521733e-101  +3.588439e-114  +2.377647e-138  +2.276253e-173  +2.826786e-215  +6.342326e-266  +0.000000e+00  +0.000000e+00  +0.000000e+00  +0.000000e+00  +0.000000e+00  +0.000000e+00  +0.000000e+00 
+0.000000e+00  +0.000000e+00  +1.236313e-285  +4.393729e-233  +9.486221e-189  +1.067138e-151  +1.671010e-125  +3.633922e-110  +1.097514e-105  +5.645884e-111  +3.920273e-94  +2.644665e-75  +3.131209e-65  +5.585227e-66  +7.995426e-58  +8.490709e-59  +4.430232e-70  +4.276013e-67  +8.723861e-59  +2.996764e-61  +1.429724e-74  +9.714986e-99  +1.306726e-130  +2.085562e-170  +4.692933e-221  +1.466588e-282  +0.000000e+00  +0.000000e+00  +0.000000e+00  +0.000000e+00  +0.000000e+00  +0.000000e+00 
+0.000000e+00  +4.060854e-302  +1.038889e-238  +3.691123e-186  +1.823761e-144  +2.754745e-110  +4.311646e-84  +9.376476e-69  +2.831875e-64  +1.661929e-69  +1.846166e-58  +9.511819e-45  +1.125442e-34  +1.880920e-35  +1.499357e-29  +1.638858e-30  +2.238342e-39  +3.049750e-37  +4.829729e-30  +1.658189e-32  +8.057254e-46  +1.223491e-67  +1.322781e-96  +2.143154e-136  +4.822575e-187  +1.507102e-248  +6.541429e-321  +0.000000e+00  +0.000000e+00  +0.000000e+00  +0.000000e+00  +0.000000e+00 
+0.000000e+00  +4.739099e-266  +1.212404e-202  +4.307615e-150  +2.125516e-108  +1.466432e-77  +1.545198e-53  +3.360018e-38  +1.014790e-33  +8.172039e-39  +2.055512e-33  +4.117338e-23  +5.617872e-15  +9.275520e-16  +4.209273e-12  +7.084487e-13  +4.782476e-18  +2.530138e-16  +3.800049e-12  +1.291810e-14  +2.723429e-26  +1.618465e-44  +1.887723e-73  +3.058623e-113  +6.882585e-164  +2.150875e-225  +9.335057e-298  +0.000000e+00  +0.000000e+00  +0.000000e+00  +0.000000e+00  +0.000000e+00 
+1.381211e-300  +7.680983e-241  +1.965005e-177  +6.981573e-125  +3.444933e-83  +2.360729e-52  +2.323616e-32  +1.672204e-18  +5.050288e-14  +5.024469e-18  +4.811727e-14  +3.740727e-09  +3.905869e-06  +6.410718e-07  +7.267029e-05  +2.617909e-05  +1.505180e-07  +8.529578e-06  +9.155944e-05  +2.006079e-06  +3.822759e-14  +3.207003e-32  +3.741563e-61  +6.072828e-101  +1.779453e-151  +2.315004e-211  +1.726946e-281  +0.000000e+00  +0.000000e+00  +0.000000e+00  +0.000000e+00  +0.000000e+00 
+7.586294e-253  +2.840018e-198  +1.543314e-154  +1.572631e-110  +7.754166e-69  +5.313743e-38  +5.057128e-18  +7.839936e-09  +3.501077e-05  +2.149195e-07  +5.847220e-05  +4.472959e-05  +1.955363e-04  +1.840064e-07  +2.722411e-04  +1.260700e-04  +1.243959e-04  +1.659086e-04  +2.279962e-04  +2.160628e-05  +1.442618e-11  +1.968167e-27  +4.018547e-54  +1.140005e-91  +4.496422e-140  +1.102271e-197  +3.226414e-263  +0.000000e+00  +0.000000e+00  +0.000000e+00  +0.000000e+00  +0.000000e+00 
+5.786785e-216  +2.166350e-161  +1.126310e-117  +8.161689e-85  +7.013458e-56  +1.895419e-34  +1.580872e-14  +2.112547e-05  +1.684558e-04  +9.066215e-05  +1.108317e-04  +1.020779e-05  +1.766934e-04  +1.831050e-04  +8.685599e-05  +9.308950e-05  +2.637087e-04  +1.059598e-04  +1.256006e-06  +3.992045e-05  +6.951928e-10  +5.841424e-25  +1.400407e-47  +1.556055e-80  +2.415254e-124  +5.206548e-179  +1.558745e-244  +6.482141e-321  +0.000000e+00  +0.000000e+00  +0.000000e+00  +0.000000e+00 
+6.130317e-190  +2.294956e-135  +1.193174e-91  +8.615310e-59  +8.641710e-37  +8.208030e-20  +4.135190e-10  +1.375181e-06  +1.436656e-04  +8.152067e-05  +4.505721e-05  +1.302694e-04  +1.713175e-04  +1.832311e-04  +5.009913e-05  +1.118577e-04  +2.116914e-04  +7.386507e-05  +2.831841e-05  +1.195170e-04  +2.096220e-06  +1.160949e-17  +9.341052e-40  +1.044015e-72  +1.620525e-116  +3.493357e-171  +1.045847e-236  +4.348416e-313  +0.000000e+00  +0.000000e+00  +0.000000e+00  +0.000000e+00 
+2.497880e-174  +3.378666e-120  +1.755445e-76  +1.267519e-43  +1.271041e-21  +1.771024e-10  +2.054876e-05  +1.629497e-04  +1.313219e-04  +2.189051e-04  +3.397332e-05  +6.432434e-05  +6.969843e-05  +1.239445e-04  +1.830871e-04  +1.710162e-04  +1.316531e-04  +4.975443e-05  +1.100210e-04  +7.460990e-05  +5.057439e-09  +1.081769e-20  +8.704151e-43  +9.728322e-76  +1.510082e-119  +3.259525e-174  +1.030022e-239  +1.387280e-315  +0.000000e+00  +0.000000e+00  +0.000000e+00  +0.000000e+00 
+7.711816e-158  +1.080031e-106  +2.100652e-66  +5.700315e-37  +2.870164e-17  +3.928146e-06  +4.106727e-05  +2.664352e-05  +8.148528e-05  +1.316274e-04  +9.051936e-05  +6.770722e-05  +1.378472e-04  +6.313560e-05  +1.342972e-04  +1.627028e-04  +4.996074e-04  +2.619737e-04  +1.143244e-04  +4.034612e-05  +8.119072e-08  +2.001790e-17  +6.858246e-38  +3.263213e-69  +2.156333e-111  +1.978901e-164  +2.522146e-228  +4.464311e-303  +0.000000e+00  +0.000000e+00  +0.000000e+00  +0.000000e+00 
+5.175215e-152  +7.247827e-101  +1.409695e-60  +3.807860e-31  +1.428959e-12  +8.251586e-05  +1.793467e-04  +8.411575e-08  +1.400709e-04  +1.746726e-04  +1.719900e-04  +1.103146e-04  +4.108295e-05  +2.086104e-04  +1.969137e-04  +1.966160e-04  +2.846520e-04  +2.082763e-04  +8.829217e-05  +1.067798e-04  +5.378702e-06  +1.263771e-15  +4.329680e-36  +2.060099e-67  +1.361315e-109  +1.249300e-162  +1.592256e-226  +2.818365e-301  +0.000000e+00  +0.000000e+00  +0.000000e+00  +0.000000e+00 
+4.830601e-157  +7.065594e-106  +3.133433e-65  +1.515400e-34  +1.672931e-14  +2.623385e-05  +9.950187e-05  +2.455082e-08  +9.758557e-07  +1.662963e-04  +2.385941e-04  +3.468321e-05  +1.092465e-04  +5.208751e-05  +1.391832e-06  +3.044571e-04  +2.301154e-04  +3.647712e-04  +2.128532e-04  +1.054844e-06  +1.294876e-12  +1.176485e-24  +3.796165e-45  +1.806212e-76  +1.193546e-118  +1.095336e-171  +1.396027e-235  +2.088283e-270  +6.556336e-292  +4.940656e-324  +0.000000e+00  +0.000000e+00 
+2.615703e-166  +1.102982e-113  +6.459310e-72  +5.253418e-41  +5.956489e-21  +6.440672e-09  +5.577407e-05  +1.054481e-04  +8.396623e-05  +1.400128e-04  +1.244263e-04  +9.319457e-05  +8.846423e-05  +1.416173e-04  +5.617163e-05  +1.350029e-04  +3.817143e-05  +1.012443e-04  +1.369105e-04  +7.705557e-06  +3.296426e-13  +9.544477e-29  +3.853813e-55  +2.161281e-92  +1.470138e-138  +5.113822e-191  +6.153171e-191  +1.391018e-201  +4.367216e-223  +2.534036e-255  +7.595696e-292  +0.000000e+00 
+1.289534e-183  +5.437669e-131  +3.184513e-89  +1.591305e-57  +2.724142e-32  +7.198186e-17  +1.852307e-08  +1.766286e-08  +2.398122e-09  +1.146345e-04  +2.531317e-04  +2.283898e-04  +1.991735e-04  +1.617600e-04  +1.585005e-04  +8.760198e-05  +1.463583e-04  +1.450472e-04  +2.168113e-04  +1.058028e-04  +1.944434e-09  +5.653181e-25  +2.282608e-51  +1.279995e-88  +1.674614e-128  +3.496910e-133  +5.692203e-133  +1.286809e-143  +4.040568e-165  +4.561243e-194  +5.498708e-230  +9.209665e-277 
+8.829080e-212  +3.865625e-159  +1.511811e-113  +2.227019e-77  +2.753232e-50  +5.621087e-31  +3.711806e-17  +4.423745e-06  +1.350059e-04  +2.351409e-04  +1.744024e-04  +1.990695e-05  +1.090815e-04  +4.689318e-05  +2.309720e-04  +1.948436e-04  +2.653413e-04  +1.413001e-04  +1.852037e-04  +2.771791e-06  +1.062089e-15  +4.322285e-31  +3.028427e-43  +3.364390e-66  +3.838253e-97  +4.492662e-86  +7.313069e-86  +1.653231e-96  +1.046930e-117  +4.584021e-143  +5.528302e-179  +9.259232e-226 
+4.417858e-249  +3.307801e-191  +3.526653e-144  +2.206208e-105  +3.301715e-75  +7.305856e-45  +4.199910e-22  +1.626967e-08  +1.042489e-05  +4.651395e-05  +1.382079e-04  +2.639602e-04  +6.908434e-05  +1.489659e-04  +3.739455e-04  +3.054382e-04  +2.782464e-04  +3.048363e-04  +2.061529e-04  +2.893555e-05  +4.080826e-09  +1.629849e-13  +1.303689e-25  +1.448315e-48  +6.839217e-61  +8.016062e-50  +1.304839e-49  +2.950967e-60  +7.371619e-78  +6.400525e-103  +7.718996e-139  +1.292838e-185 
+1.396111e-290  +1.110091e-232  +3.451991e-182  +1.339672e-137  +1.247230e-91  +2.929102e-56  +9.574000e-32  +4.346031e-18  +6.170889e-12  +2.455431e-05  +3.958385e-05  +9.212085e-06  +1.002246e-04  +2.298584e-04  +1.041009e-04  +1.501507e-04  +2.069009e-04  +2.971555e-04  +2.349006e-04  +4.778246e-05  +6.207794e-05  +9.747707e-07  +7.794407e-19  +1.331354e-38  +7.378429e-35  +1.986352e-24  +3.233347e-24  +3.016788e-34  +1.429273e-48  +1.241145e-73  +1.496814e-109  +2.506981e-156 
+0.000000e+00  +1.046139e-280  +2.233755e-215  +2.725658e-158  +4.619095e-112  +1.087127e-76  +3.553381e-52  +2.840157e-38  +3.479850e-21  +1.061696e-13  +1.341952e-11  +1.640317e-06  +1.988860e-04  +1.067946e-04  +7.129212e-05  +2.918778e-04  +3.293887e-04  +1.187221e-04  +1.271024e-04  +6.858983e-05  +1.782515e-05  +7.489547e-08  +5.803035e-15  +2.057269e-18  +8.794859e-15  +6.836246e-10  +1.114086e-09  +6.156143e-16  +3.849110e-30  +3.342470e-55  +4.031000e-91  +6.751433e-138 
+0.000000e+00  +1.310389e-314  +1.151357e-246  +2.004376e-189  +1.430271e-136  +4.739490e-94  +2.218018e-62  +3.703995e-39  +5.126746e-25  +2.021356e-18  +4.631839e-13  +2.697694e-10  +2.168887e-08  +1.348693e-04  +2.051778e-04  +3.758577e-04  +4.744998e-04  +4.434315e-04  +3.501664e-04  +1.631713e-04  +1.221200e-04  +1.517836e-04  +8.193918e-06  +1.703149e-07  +2.073552e-05  +3.869509e-05  +5.645646e-05  +2.302363e-08  +1.439605e-22  +1.250116e-47  +1.507633e-83  +2.525102e-130 
+0.000000e+00  +6.641645e-311  +8.216270e-236  +1.411600e-171  +3.368113e-118  +1.116091e-75  +5.136303e-44  +3.302832e-23  +2.817712e-11  +5.448827e-08  +6.113365e-05  +4.525804e-07  +2.591906e-06  +1.586312e-04  +2.284400e-04  +2.837108e-04  +2.115761e-04  +2.157708e-04  +2.294812e-04  +3.319926e-04  +2.163981e-04  +6.043551e-05  +2.290202e-04  +7.279367e-05  +5.347927e-05  +4.234992e-07  +2.656810e-08  +1.195900e-11  +7.477632e-26  +6.493388e-51  +7.830988e-87  +1.311595e-133 
+0.000000e+00  +2.172111e-303  +2.687083e-228  +4.616556e-164  +1.101522e-110  +3.650110e-68  +1.679797e-36  +1.073608e-15  +9.550616e-06  +4.371297e-05  +1.013373e-05  +7.541431e-05  +1.573124e-04  +1.697532e-04  +1.156438e-04  +7.658269e-04  +7.879350e-04  +3.021866e-04  +5.974360e-04  +3.534521e-04  +5.026434e-04  +2.217756e-04  +3.737211e-04  +2.832271e-04  +1.056101e-04  +8.138689e-11  +1.925281e-22  +8.626876e-26  +5.394148e-40  +4.684143e-65  +5.649050e-101  +9.461469e-148 
+0.000000e+00  +9.865665e-307  +1.220465e-231  +2.096826e-167  +5.003079e-114  +1.657869e-71  +7.629590e-40  +4.876295e-19  +4.328294e-09  +5.341039e-10  +1.021599e-08  +8.789672e-06  +1.589415e-06  +2.173844e-04  +1.878365e-04  +1.833240e-04  +5.213345e-04  +3.104131e-04  +2.092315e-04  +3.702914e-04  +2.514749e-04  +2.045673e-04  +2.498064e-04  +1.350588e-06  +2.288431e-07  +9.600099e-16  +1.119340e-34  +8.642718e-51  +5.404054e-65  +4.692745e-90  +5.659423e-126  +9.478843e-173 
+0.000000e+00  +6.225227e-321  +7.698529e-246  +1.322649e-181  +3.155874e-128  +1.045761e-85  +4.812641e-54  +3.075901e-33  +2.730229e-23  +3.365610e-24  +1.531494e-18  +3.865332e-08  +5.753524e-05  +1.199289e-04  +1.339838e-04  +3.138872e-04  +1.024190e-04  +3.142923e-04  +1.642870e-04  +5.042957e-04  +1.745182e-04  +1.641031e-04  +1.708301e-04  +3.384296e-10  +1.450653e-13  +8.462913e-24  +1.918853e-44  +4.690427e-72  +7.518901e-101  +6.529225e-126  +7.874208e-162  +1.318834e-208 
+0.000000e+00  +0.000000e+00  +6.744162e-271  +1.158684e-206  +2.764649e-153  +9.161210e-111  +4.216030e-79  +2.694589e-58  +2.391769e-48  +3.421950e-49  +2.761566e-25  +2.239126e-11  +5.087316e-06  +2.560387e-07  +1.420973e-04  +2.204746e-04  +8.615995e-05  +2.389899e-04  +2.832297e-04  +2.229757e-04  +1.482183e-04  +2.152525e-04  +1.809266e-04  +4.084011e-05  +7.078017e-06  +7.110811e-14  +2.113209e-30  +8.778786e-58  +5.064826e-96  +4.058192e-145  +4.517361e-205  +2.548372e-255 
+0.000000e+00  +0.000000e+00  +8.205144e-307  +1.409689e-242  +3.363552e-189  +1.114580e-146  +5.129345e-115  +3.278315e-94  +2.909896e-84  +3.805481e-64  +2.221558e-39  +1.195231e-24  +2.603671e-15  +1.073072e-11  +4.693761e-05  +6.220386e-05  +3.573808e-04  +1.660598e-04  +1.601959e-04  +9.802211e-05  +1.397490e-04  +1.576486e-04  +2.483173e-04  +1.107785e-04  +8.821932e-05  +1.836388e-10  +5.493041e-27  +2.281944e-54  +1.316543e-92  +1.054880e-141  +1.173840e-201  +1.814066e-272 
+0.000000e+00  +0.000000e+00  +0.000000e+00  +2.381877e-289  +5.683218e-236  +1.883247e-193  +8.666786e-162  +5.539198e-141  +1.011439e-124  +4.251563e-89  +2.874599e-64  +7.251376e-45  +3.197655e-33  +4.806291e-15  +1.022113e-07  +1.265706e-05  +6.274325e-05  +4.717453e-06  +3.279588e-05  +1.110949e-04  +9.529132e-05  +1.830286e-04  +8.573578e-05  +1.124853e-05  +6.039116e-07  +5.042726e-16  +2.039945e-34  +8.237932e-62  +4.752734e-100  +3.808128e-149  +4.237576e-209  +6.548796e-280 
+0.000000e+00  +0.000000e+00  +0.000000e+00  +0.000000e+00  +1.333609e-293  +4.419176e-251  +2.033725e-219  +1.299813e-198  +1.569338e-160  +6.625973e-125  +3.895572e-96  +1.795031e-75  +1.170969e-46  +1.770347e-28  +1.584459e-19  +1.751365e-15  +1.691167e-14  +8.012314e-11  +6.163749e-07  +2.590186e-07  +2.060808e-07  +1.017868e-06  +1.980663e-09  +1.719995e-14  +1.714431e-18  +1.412737e-27  +1.616773e-47  +2.610924e-78  +2.439532e-118  +1.909246e-167  +2.124535e-227  +3.283280e-298 
+0.000000e+00  +0.000000e+00  +0.000000e+00  +0.000000e+00  +0.000000e+00  +1.440152e-319  +6.627721e-288  +1.117276e-253  +3.382094e-207  +4.049863e-169  +5.436885e-138  +5.502458e-100  +5.990060e-71  +9.093379e-53  +2.567166e-40  +6.507368e-36  +1.386987e-34  +3.293092e-23  +2.663681e-19  +3.480967e-19  +6.188813e-19  +1.062211e-18  +5.912694e-23  +2.884044e-32  +6.807619e-41  +5.569838e-50  +6.374227e-70  +1.013096e-100  +2.236221e-142  +6.987981e-195  +1.508457e-256  +0.000000e+00 
+0.000000e+00  +0.000000e+00  +0.000000e+00  +0.000000e+00  +0.000000e+00  +0.000000e+00  +0.000000e+00  +3.343604e-311  +9.076450e-264  +7.722875e-222  +4.987052e-175  +3.909133e-135  +4.255544e-106  +9.221730e-87  +5.915187e-72  +9.014476e-67  +3.472031e-61  +1.879774e-46  +1.764213e-42  +6.512888e-42  +3.281712e-41  +2.775638e-41  +5.933929e-46  +1.240048e-58  +1.812047e-73  +3.049732e-83  +3.490171e-103  +5.547147e-134  +1.224420e-175  +3.753440e-228  +1.597976e-291  +0.000000e+00 
+0.000000e+00  +0.000000e+00  +0.000000e+00  +0.000000e+00  +0.000000e+00  +0.000000e+00  +0.000000e+00  +0.000000e+00  +0.000000e+00  +8.717802e-272  +4.920458e-221  +3.856933e-181  +4.204245e-152  +2.745171e-129  +1.892886e-114  +2.466221e-108  +2.752281e-95  +1.490203e-80  +2.031938e-76  +1.692468e-75  +2.424336e-74  +1.645818e-74  +8.354255e-80  +1.091313e-94  +5.543632e-114  +2.319096e-127  +2.654017e-147  +4.218196e-178  +9.310814e-220  +2.854214e-272  +0.000000e+00  +0.000000e+00 
+0.000000e+00  +0.000000e+00  +0.000000e+00  +0.000000e+00  +0.000000e+00  +0.000000e+00  +0.000000e+00  +0.000000e+00  +0.000000e+00  +0.000000e+00  +6.742255e-278  +5.284961e-238  +3.032448e-208  +1.219981e-182  +8.412411e-168  +9.860567e-161  +3.030194e-140  +1.640678e-125  +4.522860e-121  +6.108108e-120  +2.487364e-118  +1.609470e-118  +1.633486e-124  +1.988920e-139  +4.135097e-162  +2.449204e-182  +2.802843e-202  +4.454734e-233  +9.832924e-275  +0.000000e+00  +0.000000e+00  +0.000000e+00 
+0.000000e+00  +0.000000e+00  +0.000000e+00  +0.000000e+00  +0.000000e+00  +0.000000e+00  +0.000000e+00  +0.000000e+00  +0.000000e+00  +0.000000e+00  +0.000000e+00  +1.006149e-305  +1.516663e-272  +7.529819e-247  +5.192478e-232  +1.193931e-221  +4.633254e-196  +2.508644e-181  +1.837208e-176  +3.061476e-175  +3.544247e-173  +2.271846e-173  +4.435821e-180  +5.400654e-195  +1.392403e-220  +3.686507e-248  +4.110851e-268  +6.533633e-299  +0.000000e+00  +0.000000e+00  +0.000000e+00  +0.000000e+00 
