+0.000000e+00  +0.000000e+00  +0.000000e+00  +0.000000e+00  +0.000000e+00  +0.000000e+00  +0.000000e+00  +0.000000e+00  +0.000000e+00  +0.000000e+00  +0.000000e+00  +2.513121e-309  +6.151191e-253  +2.090947e-207  +9.871078e-173  +6.471787e-149  +5.893299e-136  +8.653469e-134  +4.038537e-140  +1.873845e-156  +1.220305e-183  +8.617543e-206  +9.593243e-229  +2.171517e-261  +4.278503e-300  +0.000000e+00  +0.000000e+00  +0.000000e+00  +0.000000e+00  +0.000000e+00  +0.000000e+00  +0.000000e+00 
+0.000000e+00  +0.000000e+00  +0.000000e+00  +0.000000e+00  +0.000000e+00  +0.000000e+00  +0.000000e+00  +0.000000e+00  +0.000000e+00  +0.000000e+00  +0.000000e+00  +7.297436e-262  +1.709627e-205  +5.811458e-160  +2.743512e-125  +1.798732e-101  +1.638068e-88  +2.688358e-86  +2.072559e-92  +9.699386e-109  +2.836280e-135  +1.725945e-147  +1.957883e-170  +5.565501e-200  +1.176882e-238  +3.456422e-288  +0.000000e+00  +0.000000e+00  +0.000000e+00  +0.000000e+00  +0.000000e+00  +0.000000e+00 
+0.000000e+00  +0.000000e+00  +0.000000e+00  +0.000000e+00  +0.000000e+00  +0.000000e+00  +0.000000e+00  +0.000000e+00  +0.000000e+00  +2.428956e-290  +7.125539e-264  +6.901497e-219  +3.389003e-168  +2.243203e-123  +1.058978e-88  +6.942992e-65  +6.323675e-52  +1.240016e-49  +1.488361e-55  +7.522586e-72  +5.989224e-88  +4.800871e-100  +1.449638e-121  +2.125985e-149  +4.495855e-188  +4.789054e-233  +8.392907e-283  +0.000000e+00  +0.000000e+00  +0.000000e+00  +0.000000e+00  +0.000000e+00 
+0.000000e+00  +0.000000e+00  +0.000000e+00  +0.000000e+00  +0.000000e+00  +0.000000e+00  +0.000000e+00  +3.939827e-309  +5.337387e-261  +1.004197e-223  +2.650725e-197  +6.288437e-180  +8.343366e-135  +4.630822e-95  +5.681285e-63  +3.721901e-39  +3.390737e-26  +8.682211e-24  +1.598771e-29  +1.420331e-45  +2.313609e-51  +1.922065e-63  +7.407563e-82  +1.127917e-109  +7.628614e-145  +9.623811e-184  +1.687701e-233  +5.240811e-294  +0.000000e+00  +0.000000e+00  +0.000000e+00  +0.000000e+00 
+0.000000e+00  +0.000000e+00  +0.000000e+00  +0.000000e+00  +0.000000e+00  +0.000000e+00  +2.319041e-312  +2.262153e-253  +3.064598e-205  +5.765847e-168  +1.507858e-141  +3.509757e-125  +2.457009e-109  +2.277093e-72  +1.525600e-43  +3.035398e-24  +2.525821e-11  +9.738395e-09  +4.139311e-14  +2.151167e-24  +1.241279e-25  +5.077347e-36  +5.457814e-53  +2.350695e-78  +2.128468e-106  +2.714233e-145  +2.670491e-194  +1.072314e-225  +1.743603e-254  +3.937696e-294  +0.000000e+00  +0.000000e+00 
+0.000000e+00  +0.000000e+00  +0.000000e+00  +0.000000e+00  +0.000000e+00  +0.000000e+00  +1.849232e-267  +1.803868e-208  +2.443748e-160  +4.597755e-123  +1.201446e-96  +6.328327e-81  +6.312390e-73  +3.015335e-55  +5.756960e-30  +1.012441e-13  +4.293038e-06  +2.752006e-04  +7.169362e-08  +1.660597e-09  +9.893106e-11  +5.095227e-18  +1.444230e-33  +9.082884e-51  +9.699155e-79  +1.806145e-115  +1.517215e-146  +6.816702e-166  +1.108411e-194  +3.201038e-233  +2.835579e-276  +0.000000e+00 
+0.000000e+00  +0.000000e+00  +0.000000e+00  +0.000000e+00  +0.000000e+00  +1.923005e-297  +2.047916e-233  +1.997679e-174  +2.706307e-126  +5.091744e-89  +1.330444e-62  +5.009592e-47  +5.847312e-40  +7.241048e-40  +7.147696e-23  +1.866468e-08  +8.137022e-05  +3.403815e-04  +1.366059e-05  +9.355100e-05  +9.815078e-05  +3.446912e-10  +7.534712e-17  +1.922485e-33  +2.595185e-57  +2.659195e-83  +5.145856e-99  +6.018182e-117  +1.042120e-145  +4.378908e-179  +4.208666e-222  +5.618164e-276 
+0.000000e+00  +0.000000e+00  +0.000000e+00  +0.000000e+00  +1.597254e-296  +2.242736e-242  +7.713821e-196  +3.072454e-151  +4.162324e-103  +7.831146e-66  +2.046223e-39  +7.448653e-24  +7.836747e-18  +1.263784e-17  +1.010129e-21  +5.128235e-12  +6.832623e-05  +1.021704e-04  +2.876140e-04  +1.201565e-04  +2.022426e-04  +1.997840e-04  +2.972648e-09  +1.229074e-20  +5.615737e-38  +1.428902e-49  +6.302400e-61  +7.381789e-79  +1.306157e-103  +9.025778e-136  +8.675330e-179  +1.158074e-232 
+0.000000e+00  +0.000000e+00  +0.000000e+00  +1.556045e-300  +4.289446e-243  +7.154999e-195  +1.274830e-151  +5.968091e-116  +7.677108e-89  +1.681715e-53  +4.370685e-27  +1.586457e-11  +2.127522e-06  +3.067862e-06  +1.750559e-08  +3.269507e-08  +2.549850e-05  +1.624568e-04  +1.289011e-04  +2.633741e-04  +8.999089e-05  +2.249098e-04  +2.016979e-05  +2.803820e-12  +7.742518e-19  +2.354492e-26  +1.073186e-33  +7.833906e-50  +3.735061e-71  +2.583788e-103  +2.483509e-146  +3.315249e-200 
+0.000000e+00  +0.000000e+00  +3.621660e-310  +1.451082e-251  +3.972252e-198  +2.634228e-152  +6.183069e-115  +1.400724e-82  +8.905891e-58  +1.489273e-42  +2.307417e-20  +5.784905e-09  +7.429337e-05  +1.712349e-05  +6.358108e-05  +1.214590e-04  +3.155438e-04  +2.103996e-04  +2.466902e-04  +8.702159e-05  +1.117727e-04  +2.505338e-04  +2.510314e-04  +5.711854e-05  +7.231379e-07  +3.037050e-10  +3.828842e-17  +3.007036e-28  +1.484463e-49  +1.027241e-81  +9.873781e-125  +1.328521e-178 
+0.000000e+00  +0.000000e+00  +9.599629e-264  +2.371937e-206  +1.316304e-159  +2.019691e-117  +3.128015e-83  +1.030760e-56  +2.975478e-35  +2.563277e-21  +2.898772e-16  +3.204336e-06  +2.911092e-05  +9.931863e-05  +1.719369e-04  +2.472255e-04  +4.383596e-04  +1.512099e-04  +1.399696e-04  +9.662138e-05  +1.439641e-04  +2.514061e-04  +8.811725e-05  +6.534786e-05  +2.793953e-05  +1.027124e-04  +5.431616e-07  +1.649732e-17  +8.196432e-39  +9.863066e-70  +1.728421e-106  +1.918543e-153 
+0.000000e+00  +1.986922e-296  +3.533786e-228  +8.731469e-171  +2.996268e-124  +1.469229e-88  +1.991596e-58  +7.271241e-36  +3.314893e-20  +1.222208e-09  +1.427273e-06  +2.827416e-05  +1.103433e-04  +2.231358e-04  +1.335687e-04  +1.805964e-04  +1.979719e-04  +1.090994e-04  +4.293392e-04  +2.579256e-04  +2.462917e-04  +5.083804e-04  +2.093450e-04  +2.208125e-04  +1.637845e-04  +3.192552e-04  +5.863196e-07  +5.649848e-13  +1.974004e-28  +1.009859e-53  +8.447617e-90  +9.837590e-137 
+3.817566e-304  +1.713586e-245  +1.068228e-197  +4.463865e-146  +1.531780e-99  +7.300693e-64  +4.943859e-39  +3.797071e-21  +3.542584e-10  +2.057515e-05  +4.554213e-05  +1.121999e-04  +1.488099e-04  +2.433248e-04  +2.374668e-04  +1.598205e-04  +3.785546e-04  +3.199773e-04  +3.061590e-04  +1.492732e-04  +2.306387e-04  +3.859784e-04  +2.342722e-04  +8.549268e-05  +7.571146e-05  +1.741641e-04  +1.466178e-04  +2.803290e-08  +1.438535e-22  +2.680430e-47  +2.204388e-82  +3.260416e-128 
+1.327163e-260  +5.957218e-202  +3.713648e-154  +3.215111e-117  +1.087581e-85  +5.183008e-50  +3.432308e-25  +3.557385e-11  +1.820360e-05  +1.510698e-04  +1.162443e-04  +1.493037e-04  +3.214337e-04  +2.443720e-04  +7.632896e-05  +6.289675e-05  +3.537494e-05  +1.253332e-05  +1.552640e-04  +3.092454e-04  +5.519443e-04  +1.188241e-04  +2.339281e-04  +4.700348e-05  +1.254160e-04  +1.493217e-04  +1.042657e-04  +6.885454e-08  +3.720598e-21  +2.925643e-45  +3.213661e-80  +1.837460e-122 
+6.407666e-228  +2.876200e-169  +1.792984e-121  +1.552285e-84  +1.866400e-58  +6.520635e-41  +3.721046e-22  +3.132753e-08  +2.363665e-04  +2.849244e-04  +1.755047e-04  +1.787260e-04  +2.302710e-04  +1.282985e-04  +1.097135e-04  +4.178811e-06  +1.184276e-08  +8.923340e-16  +1.019360e-08  +8.800756e-05  +3.061198e-04  +2.564557e-04  +5.094446e-04  +1.936452e-04  +3.877521e-04  +2.751535e-05  +7.342820e-05  +1.839018e-09  +3.139579e-18  +1.728454e-36  +1.321563e-65  +1.403318e-105 
+4.297086e-206  +1.928558e-147  +1.202237e-99  +1.040843e-62  +1.251464e-36  +2.089726e-21  +1.399781e-12  +6.788584e-06  +2.212104e-04  +9.503737e-05  +6.312904e-05  +1.842198e-05  +2.069628e-04  +9.707891e-05  +1.581678e-07  +1.235118e-10  +8.719116e-06  +2.770896e-10  +6.755206e-07  +1.396222e-04  +2.615409e-04  +3.861680e-04  +2.275721e-04  +1.396973e-04  +1.718356e-04  +1.095500e-04  +1.400084e-04  +9.118578e-05  +3.338057e-12  +1.833890e-30  +1.402101e-59  +1.488836e-99 
+1.234624e-188  +7.071697e-133  +6.742050e-88  +9.754619e-52  +1.165397e-25  +1.946119e-10  +4.579273e-06  +7.252508e-05  +1.063242e-04  +4.076515e-05  +1.981432e-04  +6.717007e-05  +2.230760e-04  +2.468151e-06  +3.209852e-11  +3.370154e-05  +1.115007e-04  +7.996709e-05  +1.910189e-04  +1.793171e-04  +3.668804e-05  +1.561790e-04  +1.677472e-04  +5.684080e-05  +1.247285e-04  +9.030620e-05  +9.514758e-05  +3.370153e-06  +3.025408e-16  +3.008721e-35  +2.072040e-64  +2.193863e-104 
+3.531025e-178  +2.021992e-122  +1.608037e-77  +1.776031e-43  +2.724240e-20  +5.838638e-08  +1.071661e-04  +1.061873e-05  +8.549152e-05  +1.695920e-04  +2.096918e-04  +8.533135e-05  +1.101785e-04  +2.002309e-07  +4.283753e-11  +1.693143e-05  +2.259523e-05  +5.924528e-05  +1.011470e-04  +2.394341e-04  +1.318268e-04  +2.167001e-04  +5.186843e-05  +2.683754e-11  +5.968415e-08  +2.371162e-05  +1.165329e-08  +4.286967e-14  +5.837951e-25  +1.118355e-46  +5.841664e-79  +5.199873e-120 
+1.402506e-178  +8.031254e-123  +6.387044e-78  +7.054308e-44  +1.082049e-20  +2.305709e-08  +1.298657e-04  +2.616853e-05  +1.814482e-04  +6.634133e-05  +6.057914e-05  +8.238514e-05  +2.396836e-04  +8.650760e-05  +8.120906e-06  +4.628593e-07  +1.919487e-04  +1.529900e-04  +1.563106e-04  +2.632097e-04  +2.088229e-04  +2.216695e-04  +4.268519e-05  +4.851088e-08  +1.505626e-16  +5.057596e-14  +5.300926e-19  +4.049304e-32  +1.128571e-43  +2.138042e-65  +5.625385e-98  +2.059421e-141 
+7.738542e-190  +4.430226e-134  +3.523237e-89  +3.891315e-55  +6.031983e-32  +2.086494e-14  +1.195871e-05  +9.820249e-05  +1.025134e-04  +3.934625e-04  +2.514979e-04  +1.001355e-04  +1.280762e-04  +6.171524e-07  +1.729660e-04  +3.226312e-05  +2.002292e-04  +2.452154e-04  +2.086949e-04  +2.194722e-04  +1.844151e-04  +1.418209e-04  +6.674127e-05  +9.619244e-08  +9.041495e-21  +1.863413e-33  +3.896943e-40  +1.120214e-53  +3.030835e-73  +5.741021e-95  +1.510478e-127  +5.519220e-171 
+1.143669e-173  +3.169839e-120  +1.220146e-77  +6.522655e-46  +4.847692e-25  +1.917352e-13  +1.928336e-05  +1.122670e-04  +2.651470e-04  +1.780306e-04  +9.421200e-05  +3.257599e-04  +2.500650e-04  +1.277576e-06  +2.013278e-04  +1.131987e-04  +1.107244e-04  +1.755585e-04  +1.021515e-04  +2.187409e-04  +2.213386e-06  +1.042661e-04  +1.190322e-04  +1.632337e-08  +3.526210e-21  +1.131626e-44  +8.252960e-72  +1.118805e-85  +4.569167e-110  +2.140919e-135  +5.632816e-168  +2.058206e-211 
+9.066761e-165  +2.512979e-111  +9.673051e-69  +5.171018e-37  +3.839092e-16  +4.043632e-06  +1.521801e-04  +4.528816e-04  +4.781423e-04  +3.435957e-04  +2.458596e-04  +4.394809e-04  +1.948141e-04  +2.345157e-04  +1.917021e-04  +4.748857e-05  +1.246494e-04  +1.846857e-04  +1.124844e-04  +6.597567e-05  +3.592024e-12  +1.613026e-10  +4.579920e-11  +4.156582e-16  +7.369009e-32  +6.836067e-56  +3.042792e-90  +1.552039e-128  +6.335870e-153  +1.144726e-186  +2.917256e-219  +1.065952e-262 
+9.982557e-167  +2.766804e-113  +1.065009e-70  +5.693322e-39  +4.228090e-18  +6.841366e-08  +1.849831e-04  +1.899513e-04  +6.916860e-05  +3.039707e-04  +4.059463e-04  +6.614424e-05  +1.006378e-04  +9.756618e-05  +2.552449e-04  +1.093186e-04  +2.573874e-04  +1.192186e-05  +9.842689e-05  +1.595455e-06  +3.451001e-18  +3.686735e-27  +2.490796e-28  +2.252754e-33  +2.841558e-49  +5.034931e-76  +2.670451e-112  +1.578077e-157  +1.220496e-206  +6.920463e-242  +2.098272e-281  +0.000000e+00 
+8.269763e-173  +7.810476e-118  +1.024472e-73  +1.866212e-40  +4.721509e-18  +1.663266e-06  +6.323437e-05  +2.689968e-04  +2.549337e-04  +2.574655e-04  +1.521334e-04  +7.728772e-05  +1.634116e-04  +7.899413e-06  +1.321631e-04  +1.472940e-04  +1.169628e-04  +5.452568e-08  +4.329783e-07  +4.057887e-13  +2.668395e-25  +7.616229e-48  +1.901640e-56  +1.695998e-61  +2.139269e-77  +3.747515e-104  +9.120117e-142  +4.916608e-190  +1.579920e-246  +1.851412e-306  +0.000000e+00  +0.000000e+00 
+2.818798e-176  +2.662248e-121  +3.491974e-77  +6.361089e-44  +1.609275e-21  +5.732075e-10  +6.790979e-07  +1.897166e-04  +2.587378e-04  +2.728009e-04  +1.929773e-04  +2.292412e-05  +4.963937e-05  +5.734476e-05  +6.898681e-05  +2.301296e-04  +9.755894e-06  +1.013405e-10  +7.346701e-19  +5.656539e-28  +4.857250e-43  +8.721514e-66  +2.109078e-95  +1.773271e-100  +2.236737e-116  +3.918256e-143  +9.532541e-181  +3.220820e-229  +1.536820e-288  +0.000000e+00  +0.000000e+00  +0.000000e+00 
+1.334360e-190  +1.260252e-135  +1.653027e-91  +3.011206e-58  +7.618331e-36  +4.305152e-24  +4.869984e-14  +1.563048e-10  +1.367848e-09  +3.496053e-06  +1.001587e-04  +5.459725e-05  +4.476019e-05  +1.007415e-06  +2.190693e-08  +1.193008e-07  +1.233286e-13  +2.998567e-21  +5.196890e-37  +1.271367e-50  +3.787448e-70  +1.614128e-94  +5.518508e-128  +2.574913e-150  +3.247899e-166  +5.689582e-193  +1.384192e-230  +4.676813e-279  +0.000000e+00  +0.000000e+00  +0.000000e+00  +0.000000e+00 
+8.772431e-216  +8.285229e-161  +1.086743e-116  +1.979646e-83  +5.018918e-61  +9.425779e-45  +2.142863e-31  +2.521360e-27  +1.741328e-23  +6.542840e-15  +1.799221e-10  +2.388053e-05  +1.066595e-06  +1.411995e-11  +1.087774e-19  +3.350648e-21  +1.461809e-27  +1.295038e-42  +2.135599e-58  +4.680258e-84  +4.243945e-104  +4.681312e-133  +1.272815e-167  +5.866822e-211  +6.549799e-227  +1.147376e-253  +2.791398e-291  +0.000000e+00  +0.000000e+00  +0.000000e+00  +0.000000e+00  +0.000000e+00 
+8.009490e-252  +7.564660e-197  +9.922289e-153  +1.807489e-119  +8.792371e-97  +4.422847e-73  +2.207307e-59  +5.893658e-55  +4.105363e-46  +3.805455e-32  +2.192940e-20  +8.675346e-15  +7.360452e-19  +9.425734e-24  +1.820218e-39  +1.367174e-45  +5.891976e-52  +3.538363e-69  +1.218857e-90  +2.933743e-117  +1.931230e-148  +2.742959e-179  +1.843037e-217  +2.090557e-262  +1.834389e-298  +0.000000e+00  +0.000000e+00  +0.000000e+00  +0.000000e+00  +0.000000e+00  +0.000000e+00  +0.000000e+00 
+1.015612e-298  +9.592068e-244  +1.258157e-199  +2.292682e-166  +2.447934e-136  +2.997140e-112  +5.398599e-98  +1.935591e-93  +7.477665e-75  +3.888130e-57  +1.106673e-40  +4.378038e-35  +2.468666e-40  +8.738471e-47  +1.678801e-62  +7.755465e-81  +3.341369e-87  +1.999454e-104  +1.760684e-132  +2.325352e-160  +7.773219e-198  +1.726638e-234  +3.919880e-276  +1.976263e-323  +0.000000e+00  +0.000000e+00  +0.000000e+00  +0.000000e+00  +0.000000e+00  +0.000000e+00  +0.000000e+00  +0.000000e+00 
+0.000000e+00  +1.689169e-301  +2.215624e-257  +2.647576e-221  +2.198156e-186  +3.332510e-162  +2.294561e-147  +3.054313e-139  +8.528097e-114  +2.722874e-88  +7.756216e-72  +3.068387e-66  +1.685891e-71  +1.125107e-80  +2.161512e-96  +5.767736e-123  +2.632411e-133  +1.575094e-150  +1.308900e-178  +2.561241e-214  +8.556670e-252  +5.488022e-300  +0.000000e+00  +0.000000e+00  +0.000000e+00  +0.000000e+00  +0.000000e+00  +0.000000e+00  +0.000000e+00  +0.000000e+00  +0.000000e+00  +0.000000e+00 
+0.000000e+00  +0.000000e+00  +0.000000e+00  +3.292002e-282  +2.757510e-247  +8.232027e-223  +1.431406e-207  +4.418942e-189  +1.292148e-157  +2.650307e-130  +7.549506e-114  +2.986612e-108  +1.640881e-113  +2.011949e-125  +3.865039e-141  +1.031230e-167  +2.880208e-190  +1.723359e-207  +1.432076e-235  +1.652750e-274  +1.308119e-316  +0.000000e+00  +0.000000e+00  +0.000000e+00  +0.000000e+00  +0.000000e+00  +0.000000e+00  +0.000000e+00  +0.000000e+00  +0.000000e+00  +0.000000e+00  +0.000000e+00 
+0.000000e+00  +0.000000e+00  +0.000000e+00  +0.000000e+00  +4.946437e-319  +5.011146e-294  +1.254393e-278  +1.278385e-248  +1.746700e-210  +3.582637e-183  +1.020529e-166  +4.037248e-161  +2.218113e-166  +5.165267e-181  +9.598161e-197  +2.560883e-223  +4.386039e-258  +2.618689e-275  +2.176075e-303  +0.000000e+00  +0.000000e+00  +0.000000e+00  +0.000000e+00  +0.000000e+00  +0.000000e+00  +0.000000e+00  +0.000000e+00  +0.000000e+00  +0.000000e+00  +0.000000e+00  +0.000000e+00  +0.000000e+00 
