+0.000000e+00  +0.000000e+00  +0.000000e+00  +0.000000e+00  +0.000000e+00  +0.000000e+00  +7.407606e-299  +9.987045e-263  +1.869967e-237  +4.862606e-223  +1.756071e-219  +8.807506e-227  +6.134820e-245  +6.751560e-274  +1.786865e-308  +0.000000e+00  +0.000000e+00  +0.000000e+00  +0.000000e+00  +0.000000e+00  +0.000000e+00  +0.000000e+00  +0.000000e+00  +0.000000e+00  +0.000000e+00  +0.000000e+00  +0.000000e+00  +0.000000e+00  +0.000000e+00  +0.000000e+00  +0.000000e+00  +0.000000e+00 
+0.000000e+00  +0.000000e+00  +0.000000e+00  +0.000000e+00  +0.000000e+00  +5.446364e-283  +5.287225e-236  +7.128316e-200  +1.334701e-174  +3.470715e-160  +1.253407e-156  +6.286412e-164  +4.379078e-182  +4.949271e-209  +1.073191e-242  +3.259743e-287  +1.675032e-290  +2.599945e-291  +5.181925e-285  +2.966099e-283  +2.357924e-292  +7.070910e-298  +8.137502e-308  +0.000000e+00  +0.000000e+00  +0.000000e+00  +0.000000e+00  +0.000000e+00  +0.000000e+00  +0.000000e+00  +0.000000e+00  +0.000000e+00 
+0.000000e+00  +0.000000e+00  +0.000000e+00  +0.000000e+00  +7.723450e-289  +5.398767e-231  +5.241019e-184  +7.066019e-148  +1.323037e-122  +3.440384e-108  +1.242453e-104  +6.231474e-112  +4.600396e-130  +4.092962e-154  +8.951624e-188  +2.537594e-227  +2.829460e-217  +4.419676e-218  +9.678076e-213  +5.539664e-211  +4.413959e-220  +1.245300e-223  +1.434570e-233  +2.317613e-254  +5.199946e-286  +0.000000e+00  +0.000000e+00  +0.000000e+00  +0.000000e+00  +0.000000e+00  +0.000000e+00  +0.000000e+00 
+0.000000e+00  +0.000000e+00  +0.000000e+00  +2.112477e-316  +1.063254e-247  +7.432251e-190  +7.215086e-143  +9.727487e-107  +1.821368e-81  +4.736229e-67  +1.710431e-63  +8.578869e-71  +3.070441e-87  +4.741286e-110  +1.036967e-143  +5.953000e-165  +6.637766e-155  +1.061094e-155  +2.510295e-151  +1.436876e-149  +1.370796e-158  +3.046142e-160  +3.512289e-170  +5.674265e-191  +1.273128e-222  +2.825010e-263  +8.214665e-310  +0.000000e+00  +0.000000e+00  +0.000000e+00  +0.000000e+00  +0.000000e+00 
+0.000000e+00  +0.000000e+00  +0.000000e+00  +4.038831e-286  +2.032830e-217  +1.420968e-159  +1.379448e-112  +1.859792e-76  +3.482262e-51  +9.055168e-37  +3.270164e-33  +1.682852e-40  +4.843694e-54  +7.627761e-77  +1.668268e-110  +1.939535e-113  +2.162610e-103  +3.750513e-104  +9.042710e-101  +5.175985e-99  +7.471597e-107  +1.034905e-107  +1.194254e-117  +1.929373e-138  +6.623125e-170  +4.872095e-206  +1.436902e-252  +5.890518e-310  +0.000000e+00  +0.000000e+00  +0.000000e+00  +0.000000e+00 
+0.000000e+00  +0.000000e+00  +0.000000e+00  +1.072402e-266  +5.397625e-198  +3.772992e-140  +3.662748e-93  +4.938172e-57  +9.246199e-32  +2.404353e-17  +8.683145e-14  +9.979102e-20  +1.082194e-31  +1.704368e-54  +9.738620e-84  +8.795031e-73  +9.785266e-63  +2.189893e-63  +4.523882e-61  +2.589433e-59  +3.031166e-65  +4.883398e-66  +5.639509e-76  +9.147358e-97  +5.573569e-124  +1.183562e-159  +3.505287e-206  +7.054984e-256  +4.712981e-314  +0.000000e+00  +0.000000e+00  +0.000000e+00 
+0.000000e+00  +0.000000e+00  +0.000000e+00  +3.954551e-258  +1.990409e-189  +1.391315e-131  +1.350662e-84  +1.820983e-48  +3.409596e-23  +8.866209e-09  +3.238192e-05  +2.961510e-08  +3.436401e-20  +5.080890e-36  +5.742760e-53  +7.659149e-43  +6.149297e-33  +2.525907e-33  +3.144092e-32  +1.799096e-30  +1.805260e-34  +3.200518e-35  +3.698620e-45  +1.235787e-63  +1.880315e-88  +4.074297e-124  +2.814102e-162  +1.353635e-209  +9.042768e-268  +0.000000e+00  +0.000000e+00  +0.000000e+00 
+0.000000e+00  +0.000000e+00  +0.000000e+00  +2.025232e-260  +1.019342e-191  +7.125302e-134  +6.917106e-87  +9.325745e-51  +1.746146e-25  +4.540653e-11  +3.833850e-06  +4.036127e-06  +5.113873e-10  +1.759917e-21  +7.597332e-28  +5.190765e-22  +5.411717e-14  +5.929455e-14  +3.358564e-14  +1.735971e-12  +1.495236e-14  +2.916039e-15  +8.777429e-25  +5.761750e-39  +9.680625e-64  +2.165009e-90  +7.498657e-127  +3.606993e-174  +2.409600e-232  +2.235541e-301  +0.000000e+00  +0.000000e+00 
+0.000000e+00  +0.000000e+00  +0.000000e+00  +7.650996e-272  +7.396958e-205  +5.067833e-147  +4.919716e-100  +6.632834e-64  +1.242775e-38  +5.869791e-20  +5.720609e-09  +1.223232e-04  +2.830297e-05  +6.548544e-13  +1.395959e-13  +3.350452e-08  +1.627197e-05  +2.395420e-05  +1.895291e-05  +2.401019e-05  +1.767570e-05  +4.369834e-06  +3.426811e-11  +6.038004e-25  +3.212591e-40  +8.012006e-66  +2.775013e-102  +1.334833e-149  +8.917160e-208  +8.273023e-277  +0.000000e+00  +0.000000e+00 
+0.000000e+00  +0.000000e+00  +9.881313e-324  +6.668434e-249  +1.133306e-183  +3.078379e-129  +1.162628e-85  +6.098190e-53  +4.442212e-31  +4.494026e-20  +1.903335e-14  +5.255723e-07  +1.624941e-04  +1.548524e-05  +2.800813e-06  +9.967749e-05  +1.400417e-04  +2.039152e-04  +1.771790e-04  +1.561863e-04  +1.474807e-04  +1.223705e-04  +2.114319e-06  +9.194530e-12  +1.651106e-26  +4.117758e-52  +1.426214e-88  +6.860351e-136  +4.582960e-194  +4.252616e-263  +4.940656e-324  +0.000000e+00 
+0.000000e+00  +0.000000e+00  +2.091555e-304  +2.272409e-230  +3.428916e-167  +7.218052e-115  +3.334431e-73  +6.606239e-41  +4.751209e-19  +4.806151e-08  +6.959002e-08  +9.115716e-09  +1.197441e-04  +9.948512e-05  +1.566613e-04  +3.165053e-05  +4.021154e-07  +6.045363e-05  +9.504981e-05  +8.518432e-05  +6.819027e-05  +3.008326e-05  +6.840324e-05  +6.568714e-09  +1.178510e-23  +2.939126e-49  +1.017987e-85  +5.003736e-133  +4.815928e-171  +1.392364e-217  +5.909118e-274  +8.469086e-318 
+0.000000e+00  +0.000000e+00  +7.436262e-296  +8.079266e-222  +1.219066e-158  +2.554591e-106  +7.434674e-65  +3.005549e-34  +1.691165e-14  +1.414699e-05  +1.240627e-04  +9.811513e-05  +9.347244e-05  +1.163651e-04  +8.557887e-05  +1.659097e-04  +3.096442e-04  +1.523626e-04  +3.308263e-04  +1.729460e-04  +1.122688e-04  +8.616393e-05  +3.359349e-06  +1.669422e-12  +2.819664e-25  +1.582572e-45  +6.320056e-71  +6.310027e-97  +1.313579e-132  +4.051614e-179  +2.893157e-213  +4.586315e-257 
+0.000000e+00  +0.000000e+00  +8.101801e-293  +1.478318e-219  +3.746626e-157  +1.319596e-105  +6.482927e-65  +4.665167e-35  +1.525193e-15  +1.068192e-05  +9.279431e-05  +3.310148e-04  +3.513012e-04  +3.996004e-04  +3.643935e-04  +1.018250e-04  +5.598180e-04  +2.753145e-04  +2.718887e-04  +2.297063e-04  +9.601863e-05  +1.244276e-04  +2.272877e-04  +3.340371e-06  +2.763578e-14  +9.259322e-29  +1.595779e-44  +2.390234e-69  +4.985659e-105  +1.906270e-130  +2.178058e-163  +4.601464e-207 
+0.000000e+00  +0.000000e+00  +4.215521e-290  +7.691795e-217  +1.949136e-154  +6.859532e-103  +3.352624e-62  +2.275690e-32  +2.145261e-13  +2.831220e-05  +2.792924e-04  +3.772635e-04  +2.477214e-04  +1.348048e-04  +5.838506e-04  +5.192079e-04  +1.357931e-04  +5.754516e-04  +4.563804e-04  +2.392969e-04  +3.826884e-04  +4.238427e-04  +5.062658e-04  +1.860493e-04  +6.898366e-08  +7.974692e-14  +8.427282e-28  +1.999616e-52  +2.422563e-69  +1.996431e-91  +3.568387e-124  +2.900544e-166 
+0.000000e+00  +0.000000e+00  +1.629779e-268  +1.917611e-213  +2.895019e-156  +4.861686e-109  +1.970273e-67  +1.482069e-36  +2.600423e-16  +6.534748e-06  +1.925728e-04  +6.548209e-05  +5.758995e-04  +4.739148e-04  +3.879341e-04  +3.715144e-04  +2.162985e-04  +3.044600e-04  +2.051334e-04  +1.886479e-04  +2.263468e-04  +2.108741e-04  +2.085558e-04  +4.261839e-04  +2.694814e-04  +1.813894e-07  +1.670189e-19  +5.938072e-30  +3.533695e-41  +5.694508e-63  +4.491202e-94  +9.808554e-136 
+0.000000e+00  +7.633225e-272  +7.538883e-218  +2.433927e-172  +6.502024e-134  +1.433718e-90  +4.174736e-55  +1.689901e-30  +1.820040e-14  +1.542014e-05  +5.974479e-05  +1.409216e-04  +3.614667e-04  +1.578057e-04  +2.879581e-04  +1.058235e-04  +4.585940e-04  +5.294013e-04  +2.677031e-04  +4.259600e-04  +3.048717e-04  +4.295453e-04  +1.831048e-04  +2.188148e-04  +3.684260e-04  +2.612572e-06  +2.994735e-12  +1.208783e-12  +1.879249e-23  +1.344097e-43  +2.119998e-74  +4.663665e-116 
+1.846139e-294  +1.312663e-229  +1.296223e-175  +1.777902e-132  +7.011206e-98  +2.596934e-70  +1.369476e-46  +5.538061e-22  +3.113658e-08  +1.791405e-04  +4.402099e-05  +4.468348e-04  +4.607532e-04  +3.997391e-04  +5.930049e-04  +2.039438e-04  +3.230078e-04  +7.514343e-05  +1.640252e-04  +1.783257e-04  +2.366987e-04  +1.300495e-04  +2.187332e-04  +2.073239e-04  +1.508865e-04  +5.026669e-05  +7.334368e-05  +1.279109e-05  +7.770164e-15  +8.838149e-35  +1.399933e-65  +3.079716e-107 
+4.409075e-263  +3.134989e-198  +3.095727e-144  +4.245484e-101  +8.086965e-69  +3.895728e-45  +2.002655e-28  +1.465785e-22  +1.498398e-10  +7.048145e-05  +3.118129e-04  +2.247843e-04  +3.492678e-04  +7.270437e-05  +2.160968e-04  +1.447689e-04  +2.380654e-04  +8.171230e-05  +1.432563e-05  +3.101565e-05  +1.626604e-04  +4.168862e-04  +3.243731e-04  +2.271564e-04  +1.562319e-04  +1.636370e-04  +2.966636e-04  +6.167771e-06  +7.198315e-16  +1.791817e-36  +1.490024e-67  +2.884573e-109 
+1.462407e-242  +1.039817e-177  +1.026795e-123  +1.408147e-80  +2.681949e-48  +7.094800e-27  +4.175435e-14  +3.014003e-08  +3.625218e-07  +7.359905e-09  +1.711446e-04  +3.728020e-04  +5.401849e-04  +8.134097e-04  +2.936935e-04  +1.339581e-04  +1.035977e-04  +9.592951e-08  +9.111523e-13  +1.638710e-11  +1.297841e-05  +5.112815e-05  +1.023027e-05  +9.039966e-08  +3.181440e-07  +1.252091e-05  +3.054607e-08  +1.473638e-11  +3.363703e-24  +4.189959e-45  +8.802381e-77  +2.571108e-119 
+6.736390e-233  +4.789783e-168  +4.729796e-114  +6.486449e-71  +1.235405e-38  +3.267758e-17  +1.201496e-06  +1.120583e-04  +3.663628e-05  +9.909555e-05  +2.370114e-04  +1.960183e-04  +1.425510e-04  +2.152411e-04  +7.766512e-05  +6.130416e-07  +4.545162e-10  +3.088918e-18  +4.982951e-30  +9.499643e-22  +1.100149e-15  +1.835519e-13  +5.866685e-16  +2.764905e-18  +1.248309e-19  +1.032213e-15  +3.426776e-20  +2.417838e-26  +9.762780e-40  +7.956908e-64  +5.222423e-96  +1.522336e-138 
+4.309472e-234  +3.064169e-169  +3.025793e-115  +4.149577e-72  +7.903260e-40  +2.090483e-18  +7.687403e-08  +1.170912e-05  +1.783218e-05  +2.178826e-05  +2.026203e-04  +3.180040e-04  +4.882747e-04  +4.854440e-04  +3.943790e-04  +1.638268e-07  +3.786374e-12  +2.002807e-21  +1.473881e-41  +1.126433e-42  +1.304746e-36  +9.742796e-33  +9.124634e-36  +1.592566e-39  +1.353549e-42  +1.195458e-36  +3.014389e-41  +5.522644e-52  +2.228057e-65  +1.249241e-89  +1.015693e-124  +1.264083e-168 
+5.472172e-245  +1.264809e-178  +4.346961e-123  +2.079061e-78  +1.381058e-44  +1.274076e-21  +1.632391e-09  +1.491632e-06  +9.233046e-05  +2.251760e-04  +2.757810e-04  +1.727645e-04  +2.462405e-04  +2.069295e-04  +2.062457e-04  +2.203806e-04  +2.269252e-05  +1.199372e-14  +8.826260e-35  +9.020652e-66  +2.168832e-68  +7.469137e-63  +5.542363e-66  +1.276017e-71  +1.065984e-74  +1.922947e-68  +4.842622e-73  +3.678935e-88  +7.063015e-102  +3.960070e-126  +3.083572e-161  +3.348923e-207 
+1.409151e-242  +3.494532e-176  +1.203535e-120  +5.756601e-76  +3.823945e-42  +3.527741e-19  +4.535201e-07  +3.947569e-05  +3.449175e-05  +2.037998e-04  +1.710689e-04  +2.975014e-04  +5.405061e-04  +9.524743e-05  +6.507554e-05  +1.729028e-04  +3.138809e-08  +1.005571e-18  +7.340592e-39  +7.502228e-70  +8.309742e-111  +8.161214e-104  +5.141443e-107  +1.419899e-114  +2.369064e-117  +4.295744e-111  +1.081806e-115  +3.785733e-131  +3.109510e-149  +1.743430e-173  +1.357548e-208  +1.468060e-254 
+5.418700e-251  +1.343776e-184  +4.628032e-129  +2.213695e-84  +1.511815e-50  +3.471766e-26  +3.736987e-11  +1.558131e-05  +1.551485e-04  +6.552940e-05  +2.533027e-04  +9.641957e-05  +6.188820e-05  +2.060224e-04  +8.990591e-05  +2.167868e-05  +1.409441e-14  +1.044391e-31  +8.882801e-54  +8.665480e-85  +1.229928e-126  +1.258737e-155  +7.065648e-159  +2.194406e-168  +7.349781e-171  +1.332746e-164  +3.356283e-169  +1.173839e-184  +1.901821e-207  +1.065968e-231  +8.300322e-267  +8.976014e-313 
+2.893816e-270  +7.178233e-204  +3.044594e-148  +2.407766e-101  +1.391472e-64  +2.295031e-37  +3.576958e-17  +8.140399e-08  +3.140192e-05  +9.274712e-05  +8.539135e-05  +2.850530e-05  +6.778610e-06  +4.777086e-05  +7.003300e-05  +4.237701e-05  +2.779925e-13  +2.806630e-32  +1.401139e-51  +1.522632e-73  +2.297983e-106  +4.816555e-150  +1.402052e-204  +4.726158e-233  +3.166805e-235  +5.742414e-229  +1.446124e-233  +5.057719e-249  +2.618681e-275  +9.051529e-301  +0.000000e+00  +0.000000e+00 
+6.247170e-300  +8.895343e-231  +2.677055e-172  +3.604343e-123  +2.967193e-81  +3.501072e-50  +5.737126e-30  +1.715189e-20  +1.687215e-12  +8.420516e-12  +1.290665e-07  +7.783313e-05  +6.098619e-07  +6.624170e-06  +2.324842e-05  +1.117607e-04  +1.510558e-09  +1.407431e-18  +1.101286e-29  +1.196779e-51  +1.806200e-84  +3.785782e-128  +1.102004e-182  +4.455012e-248  +1.894988e-310  +3.436208e-304  +8.653476e-309  +4.940656e-324  +0.000000e+00  +0.000000e+00  +0.000000e+00  +0.000000e+00 
+0.000000e+00  +2.944530e-263  +1.271650e-199  +7.779417e-147  +6.609437e-105  +7.798658e-74  +1.277958e-53  +3.054081e-39  +1.260222e-30  +1.652939e-29  +5.051266e-18  +7.818249e-12  +8.640342e-15  +1.399776e-10  +2.689895e-06  +3.685174e-05  +3.946757e-06  +1.536327e-07  +1.202146e-18  +1.306384e-40  +1.971618e-73  +4.132497e-117  +1.202930e-171  +4.863018e-237  +2.730294e-313  +0.000000e+00  +0.000000e+00  +0.000000e+00  +0.000000e+00  +0.000000e+00  +0.000000e+00  +0.000000e+00 
+0.000000e+00  +8.930645e-298  +3.933909e-234  +2.406599e-181  +2.044661e-139  +2.412551e-108  +1.463055e-87  +3.162946e-68  +1.309717e-59  +1.619533e-51  +1.960441e-37  +1.508427e-29  +1.652362e-32  +2.434076e-23  +1.102795e-16  +1.103296e-09  +7.923487e-06  +2.329056e-07  +1.822435e-18  +1.980459e-40  +2.988943e-73  +6.264803e-117  +1.823623e-171  +7.372262e-237  +4.139085e-313  +0.000000e+00  +0.000000e+00  +0.000000e+00  +0.000000e+00  +0.000000e+00  +0.000000e+00  +0.000000e+00 
+0.000000e+00  +0.000000e+00  +1.690126e-279  +1.033947e-226  +8.784477e-185  +1.036577e-153  +1.535711e-127  +4.549304e-108  +1.898035e-99  +2.309698e-83  +5.150676e-66  +4.062148e-58  +8.637258e-61  +1.118912e-46  +2.625101e-34  +1.246012e-20  +2.468185e-16  +4.903596e-18  +3.836939e-29  +4.169642e-51  +6.292896e-84  +1.318986e-127  +3.839441e-182  +1.552150e-247  +9.881313e-324  +0.000000e+00  +0.000000e+00  +0.000000e+00  +0.000000e+00  +0.000000e+00  +0.000000e+00  +0.000000e+00 
+0.000000e+00  +0.000000e+00  +0.000000e+00  +6.169232e-283  +5.241415e-241  +1.499989e-208  +3.067611e-178  +9.087328e-159  +2.368646e-149  +3.435787e-124  +1.926467e-105  +1.519352e-97  +1.400520e-95  +4.859268e-79  +3.988132e-57  +5.486490e-42  +1.073944e-37  +1.433799e-39  +1.121904e-50  +1.219185e-72  +1.840015e-105  +3.856658e-149  +1.122636e-203  +4.538418e-269  +0.000000e+00  +0.000000e+00  +0.000000e+00  +0.000000e+00  +0.000000e+00  +0.000000e+00  +0.000000e+00  +0.000000e+00 
+0.000000e+00  +0.000000e+00  +0.000000e+00  +0.000000e+00  +4.345890e-308  +3.989620e-270  +8.509997e-240  +2.520957e-220  +5.824252e-203  +1.762165e-174  +1.000697e-155  +7.892226e-148  +7.111138e-141  +2.470415e-115  +2.438246e-89  +3.355149e-74  +6.515198e-70  +5.822391e-72  +4.555799e-83  +4.950834e-105  +7.471885e-138  +1.566101e-181  +4.558769e-236  +1.842949e-301  +0.000000e+00  +0.000000e+00  +0.000000e+00  +0.000000e+00  +0.000000e+00  +0.000000e+00  +0.000000e+00  +0.000000e+00 
+0.000000e+00  +0.000000e+00  +0.000000e+00  +0.000000e+00  +0.000000e+00  +0.000000e+00  +3.278661e-312  +9.712533e-293  +3.129251e-265  +1.271226e-235  +7.219077e-217  +5.693490e-209  +4.176264e-195  +2.089951e-158  +2.070774e-132  +2.849489e-117  +5.503798e-113  +3.283632e-115  +2.569279e-126  +2.792062e-148  +4.213829e-181  +8.832154e-225  +2.570954e-279  +0.000000e+00  +0.000000e+00  +0.000000e+00  +0.000000e+00  +0.000000e+00  +0.000000e+00  +0.000000e+00  +0.000000e+00  +0.000000e+00 
