+0.000000e+00  +0.000000e+00  +0.000000e+00  +0.000000e+00  +0.000000e+00  +0.000000e+00  +0.000000e+00  +0.000000e+00  +0.000000e+00  +0.000000e+00  +0.000000e+00  +0.000000e+00  +0.000000e+00  +1.874840e-291  +1.200035e-240  +4.756857e-200  +2.618690e-170  +2.002102e-151  +1.007051e-142  +6.895874e-139  +3.135931e-145  +1.022222e-161  +5.723635e-189  +2.276857e-221  +6.568154e-262  +2.631418e-313  +0.000000e+00  +0.000000e+00  +0.000000e+00  +0.000000e+00  +0.000000e+00  +0.000000e+00 
+0.000000e+00  +0.000000e+00  +0.000000e+00  +0.000000e+00  +0.000000e+00  +0.000000e+00  +0.000000e+00  +0.000000e+00  +0.000000e+00  +0.000000e+00  +0.000000e+00  +4.531688e-307  +5.461544e-266  +5.140917e-226  +3.072650e-191  +1.217974e-150  +6.705050e-121  +5.126300e-102  +8.333740e-94  +2.674751e-90  +1.643004e-96  +5.760152e-113  +3.605654e-138  +7.422452e-168  +2.141193e-208  +8.578322e-260  +4.792437e-322  +0.000000e+00  +0.000000e+00  +0.000000e+00  +0.000000e+00  +0.000000e+00 
+0.000000e+00  +0.000000e+00  +0.000000e+00  +0.000000e+00  +0.000000e+00  +0.000000e+00  +0.000000e+00  +0.000000e+00  +0.000000e+00  +0.000000e+00  +6.237493e-294  +1.825538e-244  +7.420281e-206  +2.523689e-171  +3.310291e-142  +4.331058e-112  +2.384284e-82  +1.822888e-63  +2.081828e-55  +1.483440e-52  +1.224574e-58  +4.621263e-75  +1.617810e-95  +3.360453e-125  +9.694076e-166  +3.884672e-217  +8.822720e-276  +0.000000e+00  +0.000000e+00  +0.000000e+00  +0.000000e+00  +0.000000e+00 
+0.000000e+00  +0.000000e+00  +0.000000e+00  +0.000000e+00  +0.000000e+00  +0.000000e+00  +0.000000e+00  +0.000000e+00  +5.689197e-296  +6.171592e-260  +9.452248e-235  +1.021323e-192  +4.151417e-154  +2.515705e-126  +2.256832e-98  +4.111419e-80  +1.177476e-54  +9.002306e-36  +9.661666e-28  +1.186062e-25  +1.289526e-31  +6.806078e-45  +1.017222e-63  +2.112936e-93  +7.015381e-134  +6.438477e-179  +6.257149e-234  +8.445163e-300  +0.000000e+00  +0.000000e+00  +0.000000e+00  +0.000000e+00 
+0.000000e+00  +0.000000e+00  +0.000000e+00  +0.000000e+00  +0.000000e+00  +0.000000e+00  +0.000000e+00  +2.057349e-280  +1.607001e-233  +1.743261e-197  +2.626313e-172  +9.347672e-149  +3.225856e-113  +1.821605e-85  +2.138264e-65  +3.892591e-47  +8.241925e-38  +6.174270e-19  +6.565921e-11  +1.376843e-09  +2.459798e-15  +5.938949e-24  +8.882693e-43  +1.817438e-70  +9.064539e-104  +6.343097e-148  +6.164458e-203  +8.320059e-269  +0.000000e+00  +0.000000e+00  +0.000000e+00  +0.000000e+00 
+0.000000e+00  +0.000000e+00  +0.000000e+00  +0.000000e+00  +0.000000e+00  +0.000000e+00  +1.434964e-286  +8.070700e-229  +6.304047e-182  +6.838575e-146  +1.030267e-120  +5.068708e-106  +3.102716e-81  +1.968789e-55  +1.552109e-38  +5.118790e-25  +1.354078e-17  +5.888512e-13  +6.251558e-05  +2.344267e-04  +6.696093e-06  +7.230142e-14  +6.784404e-28  +2.461413e-50  +1.240229e-83  +8.678759e-128  +8.434342e-183  +1.138368e-248  +0.000000e+00  +0.000000e+00  +0.000000e+00  +0.000000e+00 
+0.000000e+00  +0.000000e+00  +0.000000e+00  +0.000000e+00  +0.000000e+00  +1.049835e-293  +5.252922e-243  +4.396958e-188  +3.434477e-141  +3.725690e-105  +5.612946e-80  +1.174392e-65  +3.094455e-51  +5.711801e-35  +2.387984e-19  +4.060313e-13  +2.378563e-06  +1.116605e-05  +1.205494e-05  +1.747154e-04  +3.613589e-05  +4.957567e-07  +1.290524e-18  +4.678340e-41  +2.357525e-74  +1.663530e-118  +1.995426e-173  +1.705988e-238  +1.998149e-313  +0.000000e+00  +0.000000e+00  +0.000000e+00 
+0.000000e+00  +0.000000e+00  +0.000000e+00  +0.000000e+00  +6.537131e-299  +2.355417e-240  +1.186281e-192  +2.893867e-152  +2.598602e-111  +2.818940e-75  +4.246880e-50  +8.885732e-36  +2.948976e-30  +7.548422e-18  +2.429917e-10  +8.239941e-05  +2.649197e-04  +6.985523e-05  +2.509905e-05  +4.946523e-06  +8.548739e-05  +4.256116e-06  +2.868564e-16  +2.921069e-37  +5.505457e-69  +6.567795e-109  +4.354481e-159  +4.014470e-220  +5.139941e-292  +0.000000e+00  +0.000000e+00  +0.000000e+00 
+0.000000e+00  +0.000000e+00  +0.000000e+00  +1.081361e-319  +3.439654e-256  +7.352853e-198  +3.679474e-150  +2.615666e-113  +3.081067e-83  +2.967191e-56  +4.462628e-31  +9.338740e-17  +2.886981e-13  +8.123972e-08  +6.786391e-05  +7.276386e-05  +1.260702e-04  +1.972435e-04  +1.351556e-04  +9.507101e-05  +1.317728e-04  +2.078093e-05  +9.549195e-13  +2.351635e-30  +8.093605e-59  +3.868638e-98  +2.568102e-148  +2.367578e-209  +3.597225e-281  +2.932961e-318  +0.000000e+00  +0.000000e+00 
+0.000000e+00  +0.000000e+00  +0.000000e+00  +8.144387e-279  +1.053658e-215  +1.896314e-163  +1.596281e-118  +1.109458e-81  +1.158182e-55  +6.327954e-36  +9.458798e-22  +1.397375e-08  +5.633685e-05  +1.602877e-04  +1.077816e-04  +1.480031e-04  +1.330296e-04  +1.750098e-04  +5.432460e-05  +1.357590e-04  +3.092172e-04  +8.401927e-06  +7.989807e-13  +1.930322e-30  +6.630290e-59  +3.169137e-98  +2.115479e-148  +9.157670e-191  +3.417614e-216  +1.771328e-252  +1.275008e-299  +0.000000e+00 
+0.000000e+00  +0.000000e+00  +9.387247e-323  +8.518835e-249  +1.102102e-185  +1.980163e-133  +4.941051e-92  +8.470228e-61  +6.533148e-35  +1.133518e-19  +2.506799e-10  +3.503793e-06  +2.285835e-05  +2.028704e-04  +3.305941e-04  +3.061680e-04  +3.598073e-04  +3.573168e-04  +2.121609e-04  +4.619788e-04  +2.301679e-04  +5.187462e-05  +5.960685e-11  +5.828517e-27  +7.933416e-54  +1.499690e-91  +2.858349e-121  +7.680957e-136  +2.866509e-161  +1.485694e-197  +1.069407e-244  +1.069043e-302 
+0.000000e+00  +0.000000e+00  +2.161880e-303  +1.237485e-229  +1.600963e-166  +2.876476e-114  +7.177582e-73  +2.487330e-42  +1.207690e-22  +9.578923e-10  +3.302958e-05  +7.757879e-06  +1.935365e-04  +4.793399e-04  +1.275106e-04  +2.490171e-04  +3.291630e-04  +4.129132e-04  +2.675600e-04  +2.972311e-04  +2.803855e-04  +4.037204e-05  +2.698599e-11  +2.643453e-27  +3.598114e-54  +1.720765e-73  +3.329535e-77  +8.947128e-92  +3.339040e-117  +1.730604e-153  +1.245694e-200  +1.245269e-258 
+0.000000e+00  +0.000000e+00  +1.190978e-258  +2.530908e-201  +7.473024e-155  +5.803079e-106  +1.448024e-64  +5.018006e-34  +2.415041e-14  +1.616638e-05  +8.807862e-05  +1.048306e-04  +4.665974e-04  +3.672805e-04  +2.659725e-04  +4.332292e-04  +2.853880e-04  +3.231005e-04  +9.672012e-06  +1.662283e-06  +2.396491e-05  +4.079436e-07  +2.141415e-19  +1.681732e-38  +1.998037e-47  +2.783734e-40  +5.386291e-44  +1.447404e-58  +5.401668e-84  +2.799651e-120  +2.015198e-167  +2.014511e-225 
+0.000000e+00  +1.558078e-292  +2.374937e-224  +5.036012e-167  +1.484500e-120  +6.080862e-85  +2.799259e-58  +4.400203e-35  +6.769780e-17  +1.953762e-07  +1.074936e-04  +1.859895e-04  +5.127793e-04  +2.539360e-04  +2.105268e-04  +4.726993e-04  +8.937504e-05  +2.934033e-04  +8.175452e-05  +4.841284e-13  +1.313942e-13  +2.962328e-15  +9.887311e-28  +4.474677e-43  +4.488982e-25  +6.254203e-18  +1.210136e-21  +3.251877e-36  +1.213590e-61  +6.289973e-98  +4.528147e-145  +4.574723e-203 
+1.317130e-319  +1.812855e-257  +7.286204e-201  +1.477622e-143  +4.241966e-97  +1.710934e-61  +9.650839e-37  +2.097953e-21  +1.420408e-09  +2.326143e-06  +3.043580e-04  +5.230181e-05  +2.349271e-04  +6.926918e-04  +1.831564e-04  +5.540330e-04  +2.734761e-04  +9.472162e-05  +1.633738e-07  +1.491990e-09  +8.677350e-16  +1.978948e-25  +3.576646e-26  +1.493026e-31  +1.400651e-13  +1.951436e-06  +3.775959e-10  +1.016715e-24  +4.401372e-50  +2.738356e-85  +1.461362e-130  +1.164465e-186 
+3.702794e-270  +3.345651e-215  +6.395073e-164  +1.697653e-123  +2.931867e-84  +9.606871e-49  +4.686104e-24  +3.353904e-10  +2.837736e-05  +1.514951e-04  +3.263363e-04  +9.741838e-05  +1.308990e-04  +6.836404e-04  +3.439960e-04  +1.128632e-04  +2.518700e-04  +2.551161e-04  +1.927155e-04  +2.068457e-04  +1.396815e-06  +7.039819e-10  +8.166220e-11  +1.347025e-14  +4.360030e-10  +2.924747e-05  +3.211860e-07  +6.851696e-20  +2.040047e-43  +8.436211e-78  +4.844991e-123  +3.864350e-179 
+2.112688e-222  +1.229230e-173  +1.641314e-132  +4.351148e-92  +1.604151e-62  +2.060044e-41  +1.448114e-21  +7.226344e-08  +1.465780e-04  +2.004907e-04  +1.754200e-04  +2.544832e-04  +1.648053e-04  +5.283342e-04  +1.898123e-04  +1.717651e-04  +3.829700e-04  +1.803664e-04  +5.141173e-06  +1.732874e-04  +1.166813e-04  +2.627583e-04  +2.590907e-06  +2.245877e-05  +7.964050e-05  +3.449722e-05  +1.481092e-10  +3.157646e-23  +9.402278e-47  +3.888129e-81  +2.232987e-126  +1.781024e-182 
+1.748170e-180  +3.449580e-136  +7.871174e-99  +3.762737e-71  +5.710226e-42  +2.923597e-23  +8.686699e-13  +5.922395e-06  +8.896509e-05  +3.093427e-04  +1.104543e-04  +1.865181e-04  +5.111308e-05  +1.957068e-04  +2.329507e-04  +2.690253e-04  +4.643432e-04  +2.855816e-04  +3.248947e-04  +3.118561e-04  +3.697441e-04  +2.914919e-04  +9.948155e-05  +2.723823e-05  +8.620561e-05  +1.895706e-11  +4.170877e-21  +2.035610e-37  +6.018168e-61  +2.488696e-95  +1.429280e-140  +1.139990e-196 
+3.973969e-149  +6.746809e-105  +1.633607e-71  +9.724867e-46  +4.645420e-29  +1.546906e-13  +1.028843e-05  +5.463714e-05  +2.982793e-04  +2.680188e-04  +2.554989e-04  +1.474349e-04  +2.773514e-04  +2.185016e-04  +3.311683e-04  +2.365908e-04  +5.310112e-04  +4.324153e-04  +4.627694e-04  +5.258820e-04  +2.756736e-04  +1.376228e-04  +1.037550e-04  +1.293032e-04  +3.134351e-08  +4.231641e-15  +8.922092e-33  +1.008909e-58  +5.398273e-86  +2.212285e-120  +1.270535e-165  +1.013375e-221 
+1.254597e-128  +2.129993e-84  +5.022152e-51  +1.651866e-28  +2.322618e-14  +2.399609e-08  +1.773411e-04  +4.069444e-05  +4.314496e-05  +3.017428e-04  +2.053499e-04  +3.553609e-05  +1.774637e-04  +1.453480e-04  +2.186433e-04  +3.793857e-04  +4.132346e-04  +2.561050e-04  +3.651577e-04  +3.348162e-04  +1.875936e-04  +4.018567e-04  +9.324171e-05  +2.513286e-07  +1.840890e-16  +2.364103e-29  +4.983201e-47  +1.459164e-75  +5.938547e-115  +2.762532e-156  +1.568533e-201  +1.251057e-257 
+5.500753e-119  +9.338904e-75  +2.201951e-41  +7.210365e-19  +3.281456e-07  +1.094822e-04  +5.308523e-06  +1.267579e-08  +1.446767e-04  +2.109879e-04  +1.604555e-04  +3.214799e-04  +6.089659e-05  +1.013433e-06  +2.408966e-04  +2.410854e-04  +4.701022e-04  +2.494976e-04  +3.306631e-04  +1.932486e-04  +4.578175e-04  +4.551001e-04  +6.213403e-05  +2.995662e-12  +1.326968e-28  +5.778682e-50  +3.865369e-72  +1.131838e-100  +4.602753e-140  +2.599496e-190  +2.730441e-248  +2.144975e-304 
+3.349484e-120  +5.686586e-76  +1.340798e-42  +4.390490e-20  +1.996644e-08  +1.261187e-07  +2.969597e-14  +8.756640e-10  +8.562889e-06  +1.126946e-04  +2.025904e-06  +2.154421e-04  +7.034516e-05  +1.581559e-04  +7.518549e-05  +2.646463e-07  +1.017061e-04  +3.636714e-04  +2.782226e-04  +3.936182e-04  +2.748483e-04  +2.605878e-04  +6.795866e-05  +5.514579e-13  +8.848344e-30  +2.612206e-57  +1.071683e-95  +1.219277e-136  +4.958334e-176  +2.800317e-226  +2.196427e-287  +0.000000e+00 
+2.832511e-132  +4.808895e-88  +1.133854e-54  +3.712844e-32  +1.688474e-20  +1.066399e-19  +9.356205e-30  +2.487218e-21  +3.647552e-14  +4.739246e-11  +1.189636e-12  +3.244020e-08  +1.145935e-11  +3.486474e-10  +2.037241e-12  +2.587873e-06  +6.906794e-05  +1.320893e-04  +1.255947e-04  +7.433785e-05  +4.511255e-04  +1.286168e-05  +8.556452e-05  +6.605227e-11  +1.399534e-27  +4.133706e-55  +1.695882e-93  +9.662577e-143  +7.645896e-203  +5.029747e-273  +0.000000e+00  +0.000000e+00 
+3.326620e-155  +5.647770e-111  +1.331646e-77  +4.360521e-55  +1.983015e-43  +1.252424e-42  +1.098546e-52  +3.910070e-43  +9.971648e-33  +2.801661e-28  +7.078507e-27  +1.930269e-22  +2.542891e-28  +2.469391e-26  +6.980016e-25  +4.652792e-12  +7.009290e-08  +7.700433e-05  +6.639115e-05  +4.467957e-06  +5.340885e-05  +7.951529e-05  +7.397705e-06  +5.987278e-13  +6.746981e-31  +1.055993e-59  +2.298702e-99  +7.139749e-150  +4.584357e-211  +2.015654e-282  +0.000000e+00  +0.000000e+00 
+5.425913e-189  +9.211844e-145  +2.171992e-111  +7.112265e-89  +3.234414e-77  +2.042778e-76  +1.791823e-86  +3.133810e-73  +5.991271e-61  +2.300384e-56  +5.849573e-52  +1.595146e-47  +6.230321e-54  +2.937194e-53  +6.689094e-41  +5.749577e-26  +4.696305e-12  +3.336198e-05  +1.214258e-04  +1.079108e-06  +1.184135e-04  +6.077801e-06  +5.255985e-09  +3.731117e-22  +2.871188e-41  +4.493378e-70  +9.766233e-110  +2.947944e-160  +1.235803e-221  +7.194776e-294  +0.000000e+00  +0.000000e+00 
+1.229081e-233  +2.086672e-189  +4.920008e-156  +1.611074e-133  +7.326610e-122  +4.627311e-121  +4.059778e-131  +4.888725e-114  +6.799339e-100  +2.623154e-95  +6.713433e-88  +1.830715e-83  +6.936405e-90  +6.842624e-91  +1.115751e-65  +6.772796e-39  +6.292722e-21  +7.586557e-13  +1.369640e-06  +3.936097e-11  +6.721382e-08  +1.290127e-12  +2.166349e-20  +1.432763e-33  +1.317698e-57  +2.823884e-91  +5.771840e-131  +1.742234e-181  +7.303591e-243  +4.252109e-315  +0.000000e+00  +0.000000e+00 
+3.866570e-289  +6.564470e-245  +1.547788e-211  +5.068285e-189  +2.304882e-177  +1.455708e-176  +2.714436e-186  +4.832312e-165  +1.076715e-149  +4.154232e-145  +1.070048e-134  +2.917960e-130  +1.105087e-136  +1.132590e-126  +3.418969e-87  +2.291289e-58  +2.186077e-40  +7.853214e-25  +1.600899e-18  +4.533049e-23  +8.919716e-22  +1.482203e-27  +2.257816e-41  +8.200980e-56  +7.542261e-80  +9.633309e-115  +1.713522e-160  +1.430406e-213  +5.994618e-275  +0.000000e+00  +0.000000e+00  +0.000000e+00 
+0.000000e+00  +2.868026e-311  +6.762306e-278  +2.214341e-255  +1.007006e-243  +6.360008e-243  +4.116230e-249  +8.551558e-226  +2.368099e-210  +9.257225e-206  +2.368642e-192  +6.459154e-188  +2.446188e-194  +3.334642e-157  +1.609154e-117  +1.078492e-88  +8.685207e-65  +1.274848e-47  +2.598812e-41  +7.357500e-46  +1.644102e-46  +2.714532e-52  +8.607957e-69  +6.526637e-89  +5.995576e-113  +7.657815e-148  +1.358366e-193  +3.346315e-250  +1.828186e-317  +0.000000e+00  +0.000000e+00  +0.000000e+00 
+0.000000e+00  +0.000000e+00  +0.000000e+00  +0.000000e+00  +6.111592e-321  +3.859147e-320  +1.778636e-322  +2.603806e-297  +7.233309e-282  +3.987552e-276  +7.281717e-261  +1.985683e-256  +6.273078e-249  +2.179672e-198  +1.051816e-158  +1.853331e-126  +1.958071e-98  +2.874135e-81  +5.859003e-75  +1.658740e-79  +4.208668e-82  +6.948789e-88  +1.593722e-104  +1.211522e-130  +6.619090e-157  +8.454193e-192  +1.499630e-237  +3.694315e-294  +0.000000e+00  +0.000000e+00  +0.000000e+00  +0.000000e+00 
+0.000000e+00  +0.000000e+00  +0.000000e+00  +0.000000e+00  +0.000000e+00  +0.000000e+00  +0.000000e+00  +0.000000e+00  +0.000000e+00  +0.000000e+00  +0.000000e+00  +0.000000e+00  +5.694566e-301  +1.978660e-250  +8.576868e-210  +5.800624e-171  +6.130775e-143  +8.998995e-126  +1.834470e-119  +5.193560e-124  +1.496230e-128  +2.470375e-134  +5.664549e-151  +1.828765e-178  +1.025630e-211  +1.296216e-246  +2.299267e-292  +0.000000e+00  +0.000000e+00  +0.000000e+00  +0.000000e+00  +0.000000e+00 
+0.000000e+00  +0.000000e+00  +0.000000e+00  +0.000000e+00  +0.000000e+00  +0.000000e+00  +0.000000e+00  +0.000000e+00  +0.000000e+00  +0.000000e+00  +0.000000e+00  +0.000000e+00  +0.000000e+00  +2.555014e-313  +3.314337e-265  +2.522316e-226  +2.665877e-198  +3.913080e-181  +7.976922e-175  +2.258343e-179  +7.387374e-186  +1.219704e-191  +2.796772e-208  +8.906376e-236  +7.168186e-274  +2.760076e-312  +0.000000e+00  +0.000000e+00  +0.000000e+00  +0.000000e+00  +0.000000e+00  +0.000000e+00 
+0.000000e+00  +0.000000e+00  +0.000000e+00  +0.000000e+00  +0.000000e+00  +0.000000e+00  +0.000000e+00  +0.000000e+00  +0.000000e+00  +0.000000e+00  +0.000000e+00  +0.000000e+00  +0.000000e+00  +0.000000e+00  +0.000000e+00  +1.523218e-292  +1.609915e-264  +2.363097e-247  +4.817238e-241  +1.363806e-245  +5.065470e-254  +8.363426e-260  +1.917726e-276  +6.106988e-304  +0.000000e+00  +0.000000e+00  +0.000000e+00  +0.000000e+00  +0.000000e+00  +0.000000e+00  +0.000000e+00  +0.000000e+00 
