+0.000000e+00  +0.000000e+00  +0.000000e+00  +0.000000e+00  +0.000000e+00  +0.000000e+00  +0.000000e+00  +1.360979e-310  +9.192564e-253  +5.246090e-203  +5.726453e-164  +9.325766e-136  +2.136907e-118  +6.262589e-104  +1.173143e-95  +3.055059e-98  +1.533006e-107  +1.933285e-122  +3.398182e-148  +3.159732e-182  +1.251433e-220  +5.492361e-250  +2.554365e-270  +3.434416e-279  +1.308847e-298  +0.000000e+00  +0.000000e+00  +0.000000e+00  +0.000000e+00  +0.000000e+00  +0.000000e+00  +0.000000e+00 
+0.000000e+00  +0.000000e+00  +0.000000e+00  +0.000000e+00  +0.000000e+00  +0.000000e+00  +4.146417e-311  +1.911115e-253  +1.225742e-206  +6.084327e-160  +4.345438e-121  +6.391542e-93  +1.437528e-75  +5.530743e-65  +1.034449e-56  +2.727962e-59  +1.192752e-66  +1.511660e-81  +4.608493e-107  +4.999553e-135  +3.188295e-173  +4.796843e-184  +4.058644e-200  +1.113213e-208  +4.242423e-228  +2.245369e-258  +1.650439e-299  +0.000000e+00  +0.000000e+00  +0.000000e+00  +0.000000e+00  +0.000000e+00 
+0.000000e+00  +0.000000e+00  +0.000000e+00  +0.000000e+00  +0.000000e+00  +0.000000e+00  +8.113042e-265  +3.739363e-207  +2.393589e-160  +2.130399e-124  +7.968489e-89  +7.025093e-61  +1.379382e-43  +1.960407e-36  +1.267193e-28  +4.014497e-31  +1.297737e-36  +1.817988e-51  +3.852413e-71  +1.101678e-98  +1.082210e-118  +6.656066e-129  +1.826620e-140  +5.011195e-149  +1.909753e-168  +1.010767e-198  +7.429553e-240  +7.584246e-292  +0.000000e+00  +0.000000e+00  +0.000000e+00  +0.000000e+00 
+0.000000e+00  +0.000000e+00  +0.000000e+00  +0.000000e+00  +0.000000e+00  +1.302670e-297  +2.204613e-229  +1.016123e-171  +6.504264e-125  +5.782132e-89  +7.143905e-64  +2.064386e-39  +2.223151e-22  +6.999428e-16  +2.165098e-11  +4.021302e-13  +2.249468e-17  +5.747202e-29  +1.178941e-45  +3.459440e-73  +1.430196e-74  +1.428487e-84  +1.141838e-91  +3.132871e-100  +1.193928e-119  +6.319054e-150  +4.644766e-191  +4.741476e-243  +6.722041e-306  +0.000000e+00  +0.000000e+00  +0.000000e+00 
+0.000000e+00  +0.000000e+00  +0.000000e+00  +1.630953e-306  +5.638535e-264  +3.747850e-229  +1.178311e-204  +3.834714e-147  +2.454623e-100  +2.182100e-64  +2.694030e-39  +4.635523e-25  +1.056322e-11  +1.412400e-05  +6.078306e-05  +6.981011e-05  +6.447925e-08  +2.433845e-14  +5.010823e-31  +1.457164e-41  +2.878347e-41  +4.714930e-51  +9.913290e-54  +2.720079e-62  +1.036615e-81  +5.486447e-112  +4.032765e-153  +4.116732e-205  +5.836336e-268  +0.000000e+00  +0.000000e+00  +0.000000e+00 
+0.000000e+00  +2.128400e-318  +3.000142e-274  +1.094338e-240  +4.816164e-206  +3.055778e-171  +2.820850e-147  +3.154372e-128  +1.312322e-86  +1.143668e-50  +1.411975e-25  +2.420992e-11  +8.183024e-07  +1.262234e-04  +2.729819e-04  +1.238372e-04  +2.280700e-04  +1.761246e-10  +3.454822e-24  +3.444017e-19  +9.129254e-19  +1.029432e-25  +1.195313e-26  +3.279897e-35  +1.249961e-54  +6.615620e-85  +4.862760e-126  +4.964016e-178  +7.037551e-241  +1.385633e-314  +0.000000e+00  +0.000000e+00 
+1.364433e-307  +7.925295e-258  +1.117128e-213  +2.186905e-180  +9.454869e-153  +3.460191e-124  +3.194134e-100  +9.406542e-87  +2.216672e-68  +1.076535e-39  +2.885241e-20  +1.840930e-08  +8.341198e-05  +1.713242e-04  +4.755872e-04  +5.095467e-05  +8.370087e-05  +5.024654e-09  +1.583117e-09  +2.166535e-07  +4.608776e-07  +9.823569e-10  +2.004139e-10  +5.500903e-19  +2.097081e-38  +1.110367e-68  +8.165729e-110  +8.340823e-162  +1.183365e-224  +2.332048e-298  +0.000000e+00  +0.000000e+00 
+3.962592e-246  +1.118169e-205  +5.777019e-164  +1.130911e-130  +3.642041e-108  +3.454970e-86  +5.023063e-64  +6.523774e-51  +1.936524e-43  +3.006439e-30  +1.998373e-12  +2.764447e-05  +4.102834e-04  +6.438371e-05  +2.400194e-04  +1.126104e-04  +2.180697e-04  +5.083460e-06  +1.325096e-04  +6.252367e-05  +1.387048e-05  +1.372681e-04  +7.109619e-05  +2.099481e-13  +8.692091e-33  +5.046833e-63  +4.110133e-104  +4.694730e-156  +7.519277e-219  +1.687995e-292  +0.000000e+00  +0.000000e+00 
+1.598259e-195  +4.491510e-155  +6.832254e-125  +8.122107e-92  +2.208158e-69  +2.834189e-53  +1.099398e-38  +1.406601e-25  +4.263310e-20  +2.523912e-19  +2.786980e-12  +5.202016e-05  +3.385487e-04  +6.918552e-05  +2.239796e-04  +9.400184e-05  +2.568380e-04  +2.947604e-04  +1.397140e-04  +1.022937e-05  +4.059891e-06  +2.063976e-06  +3.367986e-08  +1.127142e-16  +5.239496e-36  +3.382906e-66  +3.033688e-107  +3.778544e-159  +6.536492e-222  +1.570458e-295  +0.000000e+00  +0.000000e+00 
+8.952678e-156  +2.515928e-115  +9.819320e-86  +1.156441e-63  +2.202475e-41  +8.720476e-30  +2.730366e-19  +4.265898e-11  +1.377932e-07  +2.841568e-07  +4.601541e-07  +6.022973e-05  +1.085459e-04  +3.308272e-04  +9.265242e-05  +1.248805e-04  +8.005019e-05  +2.536602e-04  +9.408001e-05  +7.950623e-11  +4.007499e-14  +8.872120e-18  +6.364618e-22  +2.130586e-30  +9.910520e-50  +6.402239e-80  +5.743881e-121  +7.156769e-173  +1.238416e-235  +2.976146e-309  +0.000000e+00  +0.000000e+00 
+6.964609e-127  +1.957230e-86  +7.638800e-57  +4.140722e-38  +5.529996e-24  +1.151971e-12  +5.148273e-08  +4.761096e-06  +7.616179e-05  +9.757573e-06  +7.706914e-05  +1.029754e-05  +5.911286e-05  +5.058474e-05  +1.180837e-04  +1.846689e-04  +3.975926e-04  +2.725432e-04  +2.526760e-04  +6.529423e-06  +1.144201e-16  +2.635165e-35  +1.879560e-46  +5.613611e-55  +2.611201e-74  +1.686850e-104  +1.513388e-145  +1.885655e-197  +3.262964e-260  +0.000000e+00  +0.000000e+00  +0.000000e+00 
+7.524855e-109  +2.114585e-68  +8.252907e-39  +4.473299e-20  +3.650219e-12  +5.644129e-06  +4.792255e-05  +1.072525e-04  +8.731747e-05  +2.587064e-05  +1.805426e-04  +2.622231e-05  +2.093136e-04  +3.584499e-04  +1.671608e-04  +3.337761e-04  +1.635509e-04  +4.943865e-05  +1.696743e-04  +4.626953e-07  +1.139898e-09  +7.276411e-22  +6.462817e-45  +7.974438e-79  +9.554883e-110  +6.172504e-140  +5.537776e-181  +6.899972e-233  +1.193980e-295  +0.000000e+00  +0.000000e+00  +0.000000e+00 
+8.718085e-100  +2.158410e-60  +1.785376e-31  +6.937693e-13  +5.065494e-05  +1.047971e-04  +2.846676e-04  +1.188797e-04  +1.388607e-04  +1.361127e-04  +3.733186e-04  +1.496724e-04  +1.984582e-06  +1.295186e-04  +7.806451e-05  +1.264776e-04  +1.669647e-04  +1.556215e-04  +1.143586e-04  +1.146728e-04  +7.513742e-07  +3.134451e-19  +2.531782e-42  +3.070903e-76  +5.247168e-121  +1.248210e-176  +2.814222e-227  +3.506478e-279  +0.000000e+00  +0.000000e+00  +0.000000e+00  +0.000000e+00 
+3.007643e-97  +6.435029e-58  +1.912111e-29  +7.890785e-12  +4.546352e-05  +1.374043e-05  +1.191052e-04  +1.667238e-04  +2.341204e-04  +1.786174e-04  +2.693129e-04  +6.514095e-05  +4.503476e-05  +1.979700e-04  +2.259420e-04  +1.845301e-04  +1.829768e-04  +1.148838e-04  +9.943193e-05  +7.496735e-05  +7.142555e-11  +3.552493e-25  +1.067526e-49  +3.227335e-84  +3.256551e-129  +3.196106e-165  +7.946028e-189  +2.743576e-223  +1.315594e-268  +0.000000e+00  +0.000000e+00  +0.000000e+00 
+1.459925e-105  +3.123594e-66  +9.281468e-38  +4.423665e-20  +1.468645e-07  +1.402155e-04  +9.958553e-05  +3.874032e-04  +2.617736e-04  +2.384351e-04  +3.312408e-04  +6.776099e-05  +8.605134e-05  +7.585431e-05  +8.841671e-05  +1.655205e-04  +1.285110e-04  +8.113465e-05  +9.309589e-05  +2.153999e-04  +8.989553e-09  +3.695301e-23  +2.803170e-48  +3.621290e-74  +1.031467e-101  +1.846487e-114  +4.590661e-138  +1.585047e-172  +7.600640e-218  +1.153169e-268  +6.998155e-315  +0.000000e+00 
+9.842749e-125  +2.241325e-85  +1.764912e-51  +3.189657e-27  +8.010035e-14  +8.611869e-09  +1.988829e-04  +4.401347e-04  +2.491815e-04  +4.477212e-05  +7.714784e-05  +2.028979e-04  +1.590798e-04  +1.081015e-04  +1.221487e-04  +3.097679e-04  +3.035226e-04  +1.926568e-04  +1.512405e-04  +6.052605e-05  +1.879434e-09  +3.972790e-16  +1.795515e-30  +1.128471e-55  +8.275961e-62  +1.481526e-74  +3.683310e-98  +1.271907e-132  +5.223041e-174  +1.018246e-210  +8.094884e-255  +1.006468e-309 
+2.282415e-101  +1.514842e-66  +1.396298e-42  +1.787421e-29  +2.371393e-19  +3.671390e-12  +3.102405e-06  +2.191574e-04  +1.799286e-04  +2.044229e-04  +2.536233e-04  +1.509490e-05  +8.598168e-06  +1.579485e-04  +2.051725e-04  +3.831870e-04  +1.180377e-04  +2.127368e-04  +1.201268e-04  +2.150701e-05  +5.997393e-05  +1.717080e-08  +7.874466e-23  +7.327301e-31  +9.221880e-33  +1.650862e-45  +4.111719e-69  +1.102327e-99  +6.516051e-128  +1.465034e-161  +1.311460e-205  +1.630601e-260 
+7.283031e-85  +4.833759e-50  +4.455493e-26  +5.703540e-13  +4.029048e-10  +6.710418e-05  +1.599278e-04  +7.094064e-05  +6.775997e-05  +1.771105e-06  +1.019857e-04  +1.404113e-04  +6.726867e-05  +2.111135e-04  +8.920295e-07  +2.312156e-04  +1.417932e-04  +3.025485e-04  +9.536574e-05  +1.749188e-04  +7.061271e-05  +1.352946e-10  +2.347375e-09  +1.107533e-12  +1.427302e-14  +2.631136e-27  +1.083417e-46  +3.156695e-66  +5.121138e-90  +3.295992e-123  +2.951226e-167  +5.120717e-221 
+3.227510e-79  +2.142104e-44  +1.974473e-20  +2.527551e-07  +5.102521e-05  +6.460019e-05  +1.810583e-06  +2.623027e-09  +1.225509e-07  +7.979312e-05  +8.412606e-05  +1.252941e-04  +1.863221e-04  +1.030590e-04  +1.021090e-04  +1.632311e-04  +3.482098e-04  +3.599249e-04  +4.857568e-04  +2.988675e-04  +2.853712e-04  +6.480086e-05  +7.147264e-05  +2.865947e-05  +5.557369e-07  +2.573406e-15  +4.437505e-26  +3.523858e-40  +1.597695e-62  +1.080248e-95  +4.098993e-136  +4.635668e-186 
+1.986374e-84  +1.318360e-49  +1.215191e-25  +1.555585e-12  +1.111628e-08  +1.924274e-09  +3.671233e-15  +1.970438e-23  +1.219101e-18  +2.905061e-12  +8.578496e-11  +1.809766e-04  +3.172404e-04  +4.092778e-05  +1.815718e-04  +4.627078e-05  +1.553516e-04  +3.545393e-04  +4.134118e-04  +1.200863e-04  +3.388947e-04  +1.056241e-04  +1.183523e-04  +1.076051e-04  +1.111605e-04  +6.608001e-07  +6.042123e-12  +1.494049e-23  +1.231144e-44  +6.813834e-73  +5.549912e-112  +6.277966e-162 
+1.697823e-100  +1.126848e-65  +1.038666e-41  +1.329823e-28  +2.700749e-22  +4.787872e-23  +2.860146e-33  +7.336546e-47  +6.045644e-38  +2.402992e-30  +1.626610e-13  +3.970564e-05  +1.581885e-04  +5.360619e-06  +3.543797e-05  +3.116265e-04  +2.359132e-04  +1.401069e-04  +2.198323e-04  +4.816546e-04  +4.068276e-04  +1.863107e-04  +2.093297e-04  +2.274099e-04  +1.798280e-04  +2.660804e-04  +2.950590e-06  +5.177388e-14  +2.185302e-31  +1.281969e-59  +1.086227e-98  +9.610312e-148 
+2.015403e-127  +1.337626e-92  +1.232950e-68  +1.651507e-55  +9.343555e-47  +1.656565e-47  +4.081744e-59  +6.031752e-76  +5.061658e-67  +8.595274e-40  +1.514864e-20  +3.708103e-12  +2.910075e-11  +4.702899e-13  +1.602326e-07  +1.208771e-04  +9.088606e-05  +1.320663e-04  +4.037190e-04  +3.617322e-04  +2.666609e-04  +3.420396e-04  +2.240850e-04  +1.833213e-04  +2.254836e-04  +1.705558e-04  +1.864064e-04  +1.699991e-10  +1.139596e-25  +4.298324e-51  +5.421858e-87  +1.085566e-133 
+3.322532e-165  +2.205170e-130  +2.032605e-106  +3.777076e-92  +4.489685e-82  +7.959984e-83  +1.959957e-94  +9.368597e-116  +8.789199e-88  +1.115386e-57  +1.965799e-38  +4.811865e-30  +1.469262e-28  +4.104781e-27  +1.758201e-13  +4.273114e-06  +1.872938e-06  +2.717974e-04  +3.637135e-04  +5.777865e-04  +4.002933e-04  +5.494185e-04  +1.475324e-04  +8.063442e-05  +1.886592e-04  +2.701070e-04  +2.516011e-04  +3.407187e-08  +2.551101e-22  +2.678361e-47  +3.907673e-83  +7.918188e-130 
+7.607019e-214  +5.048790e-179  +4.653952e-155  +2.347521e-138  +2.996109e-128  +5.311950e-129  +1.307941e-140  +1.733468e-157  +1.583991e-116  +2.010151e-86  +3.542767e-67  +8.671892e-59  +1.286031e-56  +5.297560e-43  +1.813434e-24  +3.375049e-15  +5.525824e-06  +1.741275e-04  +3.866447e-05  +7.491499e-05  +1.625489e-04  +2.111431e-04  +2.303652e-04  +1.117322e-04  +1.000398e-04  +2.763764e-05  +6.134052e-07  +5.332696e-15  +2.586118e-29  +2.715707e-54  +3.962362e-90  +8.029036e-137 
+2.418787e-273  +1.605353e-238  +1.503388e-214  +2.175101e-195  +2.776754e-185  +4.923044e-186  +1.212183e-197  +4.338665e-197  +3.964552e-156  +5.031183e-126  +8.867149e-107  +2.170467e-98  +5.939576e-94  +1.514220e-64  +9.266100e-45  +1.976433e-24  +1.847984e-10  +1.105350e-04  +3.192962e-04  +5.356228e-06  +1.448407e-04  +1.226965e-06  +1.594257e-04  +7.918580e-05  +6.409624e-05  +2.515756e-12  +2.801494e-16  +1.162153e-27  +4.302481e-47  +3.824921e-72  +5.579944e-108  +1.130678e-154 
+0.000000e+00  +7.089110e-309  +3.699059e-284  +2.799604e-263  +3.574004e-253  +6.336529e-254  +1.560220e-265  +1.508119e-247  +1.378077e-206  +1.748837e-176  +3.082218e-157  +7.544547e-149  +2.438670e-126  +5.117532e-96  +1.087468e-62  +3.823910e-35  +8.051603e-16  +3.563206e-07  +9.079138e-05  +4.057595e-05  +2.235760e-04  +5.380858e-05  +3.226818e-08  +2.265433e-08  +5.498611e-12  +1.870098e-19  +1.878422e-36  +7.420059e-48  +4.273312e-70  +7.946994e-101  +1.091350e-136  +2.211326e-183 
+0.000000e+00  +0.000000e+00  +0.000000e+00  +0.000000e+00  +0.000000e+00  +0.000000e+00  +0.000000e+00  +7.280359e-309  +6.652591e-268  +8.442416e-238  +1.487924e-218  +1.121738e-209  +9.318311e-169  +6.750330e-119  +7.388561e-78  +1.123632e-47  +1.246673e-27  +8.327635e-14  +1.291975e-05  +9.634517e-05  +1.253363e-04  +3.372772e-08  +8.511008e-18  +3.187457e-22  +7.187845e-30  +2.236314e-37  +1.056296e-55  +6.585489e-79  +3.792214e-101  +3.032794e-134  +3.053041e-176  +6.006353e-223 
+0.000000e+00  +0.000000e+00  +0.000000e+00  +0.000000e+00  +0.000000e+00  +0.000000e+00  +0.000000e+00  +0.000000e+00  +0.000000e+00  +5.660073e-310  +9.975529e-291  +6.179044e-257  +3.507865e-194  +2.765795e-142  +3.029402e-101  +2.397708e-69  +1.372236e-42  +4.299492e-23  +1.886325e-14  +3.783460e-11  +2.590124e-09  +1.032488e-15  +4.849937e-31  +6.228746e-47  +1.198019e-55  +3.713977e-66  +1.754253e-84  +1.150756e-113  +4.674240e-143  +3.738128e-176  +4.151799e-220  +2.343279e-273 
+0.000000e+00  +0.000000e+00  +0.000000e+00  +0.000000e+00  +0.000000e+00  +0.000000e+00  +0.000000e+00  +0.000000e+00  +0.000000e+00  +0.000000e+00  +0.000000e+00  +3.517361e-291  +1.996899e-228  +1.579769e-176  +1.132497e-132  +1.217876e-92  +2.765736e-62  +8.723018e-43  +3.834614e-34  +5.094142e-28  +8.346646e-25  +3.301508e-31  +1.815385e-48  +1.494608e-75  +3.248329e-91  +8.566194e-106  +4.046099e-124  +2.654162e-153  +2.426001e-193  +6.398973e-229  +7.107084e-273  +0.000000e+00 
+0.000000e+00  +0.000000e+00  +0.000000e+00  +0.000000e+00  +0.000000e+00  +0.000000e+00  +0.000000e+00  +0.000000e+00  +0.000000e+00  +0.000000e+00  +0.000000e+00  +0.000000e+00  +1.642558e-273  +1.873754e-216  +2.098458e-164  +3.431471e-123  +7.792887e-93  +2.457844e-73  +2.449698e-64  +2.182861e-55  +3.737185e-51  +1.478252e-57  +8.120648e-75  +6.196103e-103  +1.224447e-137  +3.070620e-156  +1.296041e-174  +8.501775e-204  +7.745304e-244  +1.531063e-292  +0.000000e+00  +0.000000e+00 
+0.000000e+00  +0.000000e+00  +0.000000e+00  +0.000000e+00  +0.000000e+00  +0.000000e+00  +0.000000e+00  +0.000000e+00  +0.000000e+00  +0.000000e+00  +0.000000e+00  +0.000000e+00  +8.226193e-321  +6.974028e-258  +8.211563e-206  +1.342783e-164  +3.049467e-134  +9.617892e-115  +3.485752e-103  +8.379976e-93  +2.323907e-88  +9.192271e-95  +5.049692e-112  +3.852520e-140  +4.081957e-179  +1.711494e-214  +5.765526e-236  +3.782072e-265  +3.445551e-305  +0.000000e+00  +0.000000e+00  +0.000000e+00 
+0.000000e+00  +0.000000e+00  +0.000000e+00  +0.000000e+00  +0.000000e+00  +0.000000e+00  +0.000000e+00  +0.000000e+00  +0.000000e+00  +0.000000e+00  +0.000000e+00  +0.000000e+00  +0.000000e+00  +3.790070e-310  +4.462614e-258  +7.297421e-217  +1.657248e-186  +5.226917e-167  +1.228456e-152  +7.054139e-141  +2.006924e-136  +7.938437e-143  +4.360910e-160  +3.327033e-188  +3.525130e-227  +5.187196e-277  +3.562072e-308  +0.000000e+00  +0.000000e+00  +0.000000e+00  +0.000000e+00  +0.000000e+00 
