+0.000000e+00  +0.000000e+00  +0.000000e+00  +0.000000e+00  +0.000000e+00  +0.000000e+00  +2.379019e-285  +2.170471e-229  +8.047109e-181  +4.146066e-143  +2.969043e-116  +2.955787e-100  +4.091878e-95  +7.879705e-101  +2.111618e-117  +7.878813e-145  +4.095601e-183  +2.575880e-228  +3.409504e-268  +5.191517e-316  +0.000000e+00  +0.000000e+00  +0.000000e+00  +0.000000e+00  +0.000000e+00  +0.000000e+00  +0.000000e+00  +0.000000e+00  +0.000000e+00  +0.000000e+00  +0.000000e+00  +0.000000e+00 
+0.000000e+00  +0.000000e+00  +0.000000e+00  +0.000000e+00  +1.440701e-301  +1.432144e-259  +2.577784e-226  +6.388305e-186  +6.571756e-142  +3.399280e-104  +2.446392e-77  +2.450763e-61  +3.419489e-56  +6.649781e-62  +1.803848e-78  +6.832239e-106  +3.171542e-141  +5.379500e-174  +5.834853e-211  +3.999092e-252  +4.584754e-299  +0.000000e+00  +0.000000e+00  +0.000000e+00  +0.000000e+00  +0.000000e+00  +0.000000e+00  +0.000000e+00  +0.000000e+00  +0.000000e+00  +0.000000e+00  +0.000000e+00 
+0.000000e+00  +0.000000e+00  +0.000000e+00  +2.022682e-292  +3.718507e-242  +3.377233e-200  +4.764392e-169  +4.156847e-143  +3.309602e-108  +3.965709e-76  +2.885812e-49  +2.930826e-33  +4.158589e-28  +8.253847e-34  +2.294522e-50  +7.614008e-76  +1.688022e-101  +1.278535e-127  +4.838432e-161  +3.992978e-197  +6.036748e-244  +7.884716e-255  +4.352623e-268  +2.476826e-287  +1.174810e-312  +0.000000e+00  +0.000000e+00  +0.000000e+00  +0.000000e+00  +0.000000e+00  +0.000000e+00  +0.000000e+00 
+0.000000e+00  +0.000000e+00  +9.113429e-301  +1.044988e-240  +1.675216e-191  +1.142810e-151  +1.526991e-120  +2.195873e-98  +1.708706e-77  +3.307993e-52  +5.040362e-32  +5.258839e-16  +7.701800e-11  +1.585428e-16  +3.906439e-32  +1.690806e-48  +5.403494e-66  +1.550442e-91  +6.707392e-117  +6.525528e-153  +1.459805e-184  +5.802481e-187  +3.220923e-200  +5.485708e-217  +7.023971e-239  +5.823154e-261  +6.706823e-294  +0.000000e+00  +0.000000e+00  +0.000000e+00  +0.000000e+00  +0.000000e+00 
+0.000000e+00  +0.000000e+00  +6.554246e-260  +7.515388e-200  +1.196795e-150  +2.697112e-112  +7.026351e-83  +1.348279e-62  +8.892175e-48  +2.371697e-32  +6.551477e-18  +1.524800e-09  +2.302772e-04  +8.747124e-10  +1.069646e-15  +4.404758e-26  +2.482099e-41  +2.173134e-58  +1.427502e-83  +1.626841e-114  +1.491971e-127  +5.930337e-130  +8.755491e-143  +1.687384e-157  +5.902680e-175  +4.895193e-197  +5.638042e-230  +9.018304e-274  +0.000000e+00  +0.000000e+00  +0.000000e+00  +0.000000e+00 
+0.000000e+00  +7.928864e-301  +6.546386e-230  +7.506375e-170  +1.195355e-120  +2.643666e-82  +8.558462e-55  +8.446076e-36  +9.704735e-25  +2.112595e-18  +6.573901e-09  +9.439889e-05  +2.691656e-04  +1.316390e-04  +7.672079e-08  +2.819007e-12  +1.357991e-21  +6.199935e-36  +3.021316e-56  +3.752225e-86  +2.117697e-81  +8.417497e-84  +2.346410e-94  +7.323732e-109  +6.891261e-122  +5.715040e-144  +6.582303e-177  +1.081460e-220  +2.812599e-271  +0.000000e+00  +0.000000e+00  +0.000000e+00 
+0.000000e+00  +1.099836e-281  +9.080682e-211  +1.041231e-150  +1.658111e-101  +3.667062e-63  +1.126356e-35  +5.542308e-19  +1.981778e-10  +1.043537e-06  +5.785468e-05  +7.867929e-05  +2.858014e-04  +5.753522e-05  +3.116015e-04  +2.349788e-06  +5.310572e-10  +1.152507e-19  +9.533957e-39  +1.458561e-54  +4.174509e-46  +1.659361e-48  +1.389321e-56  +1.875533e-68  +1.117342e-79  +9.266308e-102  +1.089682e-134  +1.589116e-174  +1.562979e-223  +2.135182e-283  +0.000000e+00  +0.000000e+00 
+0.000000e+00  +2.127932e-273  +1.752210e-202  +2.007117e-142  +3.195003e-93  +7.064998e-55  +2.169853e-27  +9.256437e-11  +7.878867e-05  +1.062311e-04  +5.564334e-05  +2.044818e-04  +4.297493e-04  +3.570064e-04  +2.564352e-04  +1.660085e-04  +1.035882e-04  +3.656183e-12  +7.302838e-25  +4.265195e-30  +1.142839e-21  +4.594241e-24  +1.144733e-29  +4.213436e-37  +2.516005e-48  +2.120517e-70  +1.731739e-99  +1.226389e-137  +1.206347e-186  +1.647989e-246  +3.126613e-317  +0.000000e+00 
+0.000000e+00  +3.008247e-269  +3.405893e-199  +8.265496e-140  +4.009859e-91  +3.180609e-53  +3.765675e-26  +6.925503e-10  +2.413085e-04  +1.085421e-04  +2.045428e-05  +2.143186e-04  +2.120202e-04  +1.125465e-04  +1.625732e-04  +1.735395e-04  +1.602317e-04  +5.878621e-07  +1.577859e-12  +9.270984e-13  +4.345169e-08  +7.641828e-10  +1.504647e-13  +1.317632e-16  +7.967291e-28  +3.639898e-46  +1.856006e-73  +1.314575e-111  +1.293092e-160  +1.766491e-220  +3.351439e-291  +0.000000e+00 
+0.000000e+00  +4.106679e-266  +3.221811e-196  +3.510326e-137  +5.311690e-89  +1.116236e-51  +3.257920e-25  +1.328901e-09  +1.327834e-04  +9.138563e-05  +9.634907e-05  +2.035967e-04  +1.460644e-04  +2.983559e-04  +1.420413e-04  +1.136727e-04  +1.959627e-04  +2.023111e-05  +1.021269e-04  +4.906946e-05  +4.835381e-05  +1.464521e-04  +2.214741e-05  +5.778568e-07  +1.475927e-14  +5.417668e-31  +2.762963e-58  +1.956954e-96  +1.924973e-145  +2.629702e-205  +4.989150e-276  +0.000000e+00 
+0.000000e+00  +9.137610e-274  +7.168726e-204  +7.810698e-145  +1.182069e-96  +2.530861e-59  +2.391760e-32  +8.210255e-15  +5.577272e-08  +1.511043e-06  +1.359946e-04  +1.293506e-04  +1.746770e-04  +2.942573e-04  +1.799602e-04  +2.877466e-04  +1.119553e-04  +2.195791e-04  +1.528111e-04  +2.571799e-04  +1.644316e-04  +4.759332e-05  +4.672680e-05  +2.092749e-04  +3.214102e-10  +1.124123e-26  +5.713667e-54  +4.045956e-92  +3.979773e-141  +5.436755e-201  +1.031477e-271  +0.000000e+00 
+0.000000e+00  +4.592145e-284  +7.528974e-215  +1.714329e-156  +5.427191e-109  +4.236859e-69  +4.130726e-37  +5.609896e-16  +1.169277e-05  +7.782306e-05  +2.258394e-04  +1.243639e-04  +9.707820e-05  +2.763801e-05  +5.861426e-05  +2.537515e-04  +5.929014e-05  +1.571531e-04  +1.603891e-04  +1.596952e-04  +1.989539e-04  +1.738123e-04  +9.513445e-05  +1.468243e-04  +7.714899e-11  +6.438787e-28  +7.861248e-56  +1.366233e-94  +3.335600e-144  +1.137586e-204  +5.416705e-276  +0.000000e+00 
+0.000000e+00  +3.315192e-267  +5.435367e-198  +1.237619e-139  +3.913661e-92  +1.718768e-55  +1.048309e-29  +8.879729e-15  +6.179070e-10  +2.790857e-06  +8.952167e-05  +9.403273e-05  +1.436478e-04  +1.437607e-04  +1.740925e-04  +7.467228e-05  +3.668521e-05  +3.031397e-04  +1.998945e-04  +2.219506e-04  +2.273036e-04  +1.494686e-04  +6.271682e-05  +2.627574e-06  +1.977045e-16  +6.864870e-35  +8.729686e-63  +1.547251e-101  +3.854115e-151  +7.354337e-211  +1.143423e-279  +0.000000e+00 
+0.000000e+00  +3.178806e-260  +1.635446e-191  +1.821054e-133  +4.352595e-86  +1.767246e-49  +1.057313e-23  +8.915331e-09  +1.320078e-04  +1.666386e-04  +1.653013e-04  +1.768477e-04  +1.540464e-04  +1.023904e-04  +8.130209e-05  +5.292777e-05  +1.722804e-04  +2.542520e-04  +2.306459e-04  +5.020381e-04  +1.724079e-04  +1.676191e-04  +9.210966e-05  +1.210095e-06  +8.005733e-14  +2.862789e-28  +1.444974e-53  +1.017215e-89  +9.955969e-137  +1.353684e-194  +2.556356e-263  +0.000000e+00 
+0.000000e+00  +4.209329e-257  +1.612635e-188  +8.580197e-131  +6.340105e-84  +6.506293e-48  +9.272764e-23  +1.835397e-08  +7.822523e-05  +2.112797e-05  +2.377916e-04  +2.573496e-04  +7.069115e-05  +6.524979e-05  +9.370606e-05  +1.122277e-04  +2.717608e-04  +1.428273e-04  +2.980697e-04  +3.008828e-04  +2.739161e-04  +2.490445e-04  +1.572405e-05  +1.927428e-04  +3.092859e-08  +9.468330e-23  +4.564646e-48  +3.173915e-84  +3.096429e-131  +4.206582e-189  +7.942158e-258  +0.000000e+00 
+0.000000e+00  +8.644985e-265  +3.311978e-196  +1.762174e-138  +1.302110e-91  +1.336241e-55  +1.904408e-30  +3.769417e-16  +1.193127e-12  +3.620329e-09  +2.983597e-04  +2.556749e-04  +2.162875e-04  +2.872659e-04  +1.503712e-04  +9.903924e-05  +8.137946e-05  +2.807078e-04  +4.411772e-04  +2.208888e-04  +2.105101e-04  +3.302668e-04  +4.914552e-06  +3.661195e-05  +1.032963e-12  +6.409945e-28  +2.275180e-53  +1.425291e-89  +1.350136e-136  +1.819906e-194  +3.429032e-263  +0.000000e+00 
+0.000000e+00  +2.465776e-283  +9.446629e-215  +5.026180e-157  +3.713960e-110  +3.811310e-74  +5.431869e-49  +3.126992e-34  +1.092962e-18  +1.466879e-08  +5.649097e-05  +1.522876e-04  +1.568837e-04  +8.625190e-05  +1.973765e-05  +2.927389e-09  +2.274746e-04  +1.639317e-04  +3.595716e-04  +3.267173e-04  +5.461245e-04  +4.746367e-04  +1.391390e-04  +4.284583e-06  +2.184166e-14  +1.112510e-32  +7.877107e-62  +7.746988e-102  +1.946491e-152  +1.118777e-210  +2.068396e-279  +0.000000e+00 
+0.000000e+00  +9.767445e-313  +3.742004e-244  +1.991032e-186  +5.825594e-133  +8.052819e-86  +1.551598e-49  +4.201674e-24  +1.641137e-09  +3.836843e-05  +2.006871e-04  +1.095652e-04  +8.461241e-05  +4.499181e-05  +4.584357e-07  +4.770353e-07  +1.527668e-04  +2.020333e-04  +3.007172e-04  +4.685695e-04  +2.333530e-04  +4.476383e-04  +5.422130e-05  +4.663787e-08  +1.394374e-21  +2.981104e-44  +4.152791e-74  +4.081190e-114  +5.573466e-165  +1.057066e-226  +2.784303e-299  +0.000000e+00 
+0.000000e+00  +0.000000e+00  +3.134465e-260  +2.793157e-191  +3.815047e-133  +8.002800e-86  +2.542601e-49  +1.199437e-23  +8.273195e-09  +8.335978e-05  +3.141249e-06  +9.426987e-05  +1.547822e-04  +1.618071e-04  +2.885672e-05  +2.394822e-04  +2.438332e-04  +1.636068e-04  +1.917910e-04  +1.108809e-04  +5.909557e-04  +1.804010e-04  +9.097961e-05  +3.565721e-09  +3.435344e-23  +4.601521e-48  +8.559936e-84  +2.211454e-130  +1.201439e-187  +7.734985e-250  +2.025669e-322  +0.000000e+00 
+0.000000e+00  +0.000000e+00  +3.471235e-268  +4.694072e-199  +8.816150e-141  +2.299647e-93  +8.330901e-57  +4.191515e-31  +2.928881e-16  +3.268878e-11  +5.335210e-05  +1.852974e-04  +2.280121e-05  +2.240894e-04  +3.334072e-04  +4.659419e-05  +2.578286e-04  +1.554176e-04  +2.741721e-04  +2.320865e-04  +2.146226e-04  +2.993994e-04  +4.525344e-09  +3.218197e-18  +1.152674e-33  +1.541356e-58  +2.867292e-94  +7.407624e-141  +2.657810e-198  +1.324362e-266  +0.000000e+00  +0.000000e+00 
+0.000000e+00  +0.000000e+00  +1.949448e-286  +2.636499e-217  +4.952009e-159  +1.291735e-111  +4.685738e-75  +2.885530e-45  +1.281647e-21  +5.757069e-08  +1.625271e-04  +1.216320e-04  +1.145772e-04  +1.726100e-04  +3.119162e-04  +2.981995e-04  +2.447619e-04  +6.179554e-05  +3.049557e-04  +2.533549e-04  +2.484845e-06  +1.973431e-05  +4.379129e-12  +1.443149e-29  +2.226820e-53  +7.189360e-80  +1.333865e-115  +3.446027e-162  +1.236413e-219  +6.160935e-288  +0.000000e+00  +0.000000e+00 
+0.000000e+00  +0.000000e+00  +2.756574e-310  +2.985642e-234  +4.491034e-169  +9.381945e-115  +2.721932e-71  +1.096732e-38  +6.137719e-17  +4.801098e-06  +1.284971e-04  +8.029979e-05  +2.017670e-04  +2.937576e-04  +1.856635e-04  +1.782229e-04  +1.660526e-04  +2.597914e-04  +2.406321e-04  +7.632339e-06  +7.105779e-09  +5.989354e-15  +1.357785e-21  +4.277196e-39  +1.871223e-67  +1.137238e-106  +8.653294e-148  +2.226366e-194  +7.988062e-252  +3.980193e-320  +0.000000e+00  +0.000000e+00 
+0.000000e+00  +0.000000e+00  +1.681274e-314  +1.820996e-238  +2.739161e-173  +5.722234e-119  +1.660518e-75  +6.779241e-43  +6.847996e-21  +1.534781e-08  +1.146012e-04  +1.056784e-04  +1.202137e-04  +9.770991e-05  +3.330611e-04  +3.488463e-04  +1.119650e-04  +2.285084e-04  +4.277478e-06  +1.584566e-12  +5.024898e-19  +7.652475e-33  +5.848534e-42  +1.842364e-59  +8.060123e-88  +4.897178e-127  +4.132264e-177  +2.494772e-237  +7.167329e-295  +0.000000e+00  +0.000000e+00  +0.000000e+00 
+0.000000e+00  +0.000000e+00  +0.000000e+00  +1.542513e-253  +2.450425e-188  +8.751485e-132  +8.139980e-85  +1.057783e-48  +1.922956e-23  +5.778636e-09  +1.120544e-04  +1.144643e-04  +2.274677e-04  +7.564418e-05  +2.262283e-04  +4.198138e-04  +1.637122e-04  +2.885564e-04  +2.836779e-07  +2.235321e-17  +2.508223e-38  +7.490162e-54  +3.498671e-73  +1.102122e-90  +4.821651e-119  +2.929544e-158  +2.471964e-208  +2.896826e-269  +0.000000e+00  +0.000000e+00  +0.000000e+00  +0.000000e+00 
+0.000000e+00  +0.000000e+00  +0.000000e+00  +1.003679e-267  +4.867800e-199  +3.278963e-141  +3.072636e-94  +4.176826e-58  +1.637161e-32  +6.453177e-17  +4.796347e-08  +6.250142e-06  +5.140109e-06  +1.405088e-04  +1.310644e-04  +1.477258e-04  +1.103408e-04  +1.716353e-04  +2.890286e-05  +1.661211e-14  +7.378973e-34  +1.766035e-60  +7.259543e-98  +9.156334e-133  +4.005788e-161  +2.433841e-200  +2.053687e-250  +2.406659e-311  +0.000000e+00  +0.000000e+00  +0.000000e+00  +0.000000e+00 
+0.000000e+00  +0.000000e+00  +0.000000e+00  +5.252215e-288  +2.548331e-219  +1.734879e-161  +2.079030e-114  +1.838091e-77  +8.136648e-51  +6.186346e-31  +2.464235e-16  +3.090388e-07  +4.663423e-05  +1.255238e-04  +1.418677e-04  +1.535781e-04  +4.890720e-05  +1.880519e-04  +5.680507e-05  +8.045040e-10  +2.723127e-25  +3.707269e-51  +1.304293e-87  +7.093512e-135  +5.422028e-193  +2.808162e-253  +2.369542e-303  +0.000000e+00  +0.000000e+00  +0.000000e+00  +0.000000e+00  +0.000000e+00 
+0.000000e+00  +0.000000e+00  +0.000000e+00  +3.826785e-319  +1.977645e-250  +3.504260e-192  +2.760707e-136  +2.794319e-88  +3.927982e-51  +7.668334e-25  +2.079080e-09  +8.615490e-05  +1.239310e-05  +1.555094e-05  +2.420161e-05  +1.729669e-04  +1.081683e-04  +4.301553e-05  +1.383196e-04  +3.817932e-09  +7.812973e-24  +2.232401e-49  +8.859204e-86  +4.882675e-133  +3.737311e-191  +3.972817e-260  +0.000000e+00  +0.000000e+00  +0.000000e+00  +0.000000e+00  +0.000000e+00  +0.000000e+00 
+0.000000e+00  +0.000000e+00  +0.000000e+00  +0.000000e+00  +2.996322e-268  +1.572418e-198  +1.146003e-139  +1.159956e-91  +1.630553e-54  +3.183218e-28  +8.659965e-13  +1.362053e-05  +3.178265e-05  +6.298989e-05  +1.474395e-04  +7.499334e-05  +1.192880e-04  +9.214373e-05  +1.994508e-08  +1.410693e-16  +7.780415e-33  +2.137431e-58  +8.482015e-95  +4.674794e-142  +3.578193e-200  +3.803673e-269  +0.000000e+00  +0.000000e+00  +0.000000e+00  +0.000000e+00  +0.000000e+00  +0.000000e+00 
+0.000000e+00  +0.000000e+00  +0.000000e+00  +0.000000e+00  +1.727396e-282  +9.065077e-213  +6.606769e-154  +6.687206e-106  +9.400229e-69  +1.909284e-42  +1.839215e-22  +2.012438e-11  +1.238859e-08  +7.365363e-08  +3.707783e-06  +9.486334e-09  +1.866108e-08  +6.210998e-08  +2.612132e-16  +7.031865e-32  +3.426989e-50  +3.880210e-78  +1.128263e-114  +6.215917e-162  +4.757802e-220  +5.057615e-289  +0.000000e+00  +0.000000e+00  +0.000000e+00  +0.000000e+00  +0.000000e+00  +0.000000e+00 
+0.000000e+00  +0.000000e+00  +0.000000e+00  +0.000000e+00  +1.383035e-307  +7.257931e-238  +5.289693e-179  +5.354116e-131  +3.022332e-93  +1.262511e-60  +1.059984e-38  +1.238862e-27  +2.946268e-22  +1.201231e-20  +4.281165e-17  +6.271164e-23  +7.511290e-21  +2.336278e-20  +1.187202e-30  +1.550079e-49  +9.353342e-77  +1.639172e-105  +8.997486e-145  +1.151904e-192  +8.785947e-251  +9.339323e-320  +0.000000e+00  +0.000000e+00  +0.000000e+00  +0.000000e+00  +0.000000e+00  +0.000000e+00 
+0.000000e+00  +0.000000e+00  +0.000000e+00  +0.000000e+00  +0.000000e+00  +8.070345e-274  +5.883248e-215  +4.098719e-164  +1.780252e-120  +1.078719e-87  +9.078387e-66  +1.072322e-54  +9.756897e-47  +1.716009e-42  +6.866914e-39  +3.874499e-46  +4.202192e-44  +1.306872e-43  +5.646247e-54  +4.873150e-75  +1.791002e-104  +4.400609e-143  +1.515696e-182  +9.176755e-233  +2.325523e-292  +0.000000e+00  +0.000000e+00  +0.000000e+00  +0.000000e+00  +0.000000e+00  +0.000000e+00  +0.000000e+00 
+0.000000e+00  +0.000000e+00  +0.000000e+00  +0.000000e+00  +0.000000e+00  +1.314709e-320  +1.544751e-256  +4.852836e-202  +2.117482e-158  +1.283166e-125  +1.079902e-103  +6.433489e-92  +4.487467e-82  +3.821848e-75  +1.529675e-71  +8.502896e-79  +3.264941e-78  +1.015389e-77  +4.385583e-88  +2.632622e-109  +4.585048e-141  +3.998909e-181  +5.673516e-231  +2.703867e-281  +0.000000e+00  +0.000000e+00  +0.000000e+00  +0.000000e+00  +0.000000e+00  +0.000000e+00  +0.000000e+00  +0.000000e+00 
