+0.000000e+00  +0.000000e+00  +0.000000e+00  +0.000000e+00  +0.000000e+00  +1.397413e-293  +1.846320e-260  +3.387871e-238  +8.633569e-227  +2.453586e-219  +7.426380e-218  +3.121699e-227  +1.832322e-247  +9.553570e-272  +1.998019e-304  +0.000000e+00  +0.000000e+00  +0.000000e+00  +9.976432e-302  +8.285939e-282  +9.557540e-273  +1.531047e-274  +3.406190e-287  +1.052415e-310  +0.000000e+00  +0.000000e+00  +0.000000e+00  +0.000000e+00  +0.000000e+00  +0.000000e+00  +0.000000e+00  +0.000000e+00 
+0.000000e+00  +0.000000e+00  +0.000000e+00  +6.796191e-301  +8.718016e-274  +8.293702e-230  +1.095798e-196  +2.010714e-174  +5.123993e-163  +7.859576e-157  +2.378888e-155  +9.999722e-165  +4.702259e-184  +3.964075e-206  +3.603004e-235  +3.396666e-270  +2.636690e-303  +1.030047e-261  +6.160036e-231  +5.116226e-211  +5.901387e-202  +9.453583e-204  +2.103182e-216  +6.498230e-240  +2.788376e-274  +1.661691e-319  +0.000000e+00  +0.000000e+00  +0.000000e+00  +0.000000e+00  +0.000000e+00  +0.000000e+00 
+0.000000e+00  +6.311343e-309  +1.284998e-264  +3.633465e-231  +1.426848e-208  +6.836123e-177  +9.032165e-144  +1.657341e-121  +4.223473e-110  +3.496645e-105  +1.058300e-103  +4.448628e-113  +2.373526e-129  +2.652705e-151  +2.499852e-176  +1.481946e-210  +2.320363e-241  +8.884010e-202  +5.282375e-171  +4.387283e-151  +5.060577e-142  +8.106668e-144  +1.803527e-156  +5.572383e-180  +2.391097e-214  +1.424923e-259  +1.179298e-315  +0.000000e+00  +0.000000e+00  +0.000000e+00  +0.000000e+00  +0.000000e+00 
+3.197246e-305  +4.686139e-250  +9.541042e-206  +2.697829e-172  +1.059427e-149  +8.154459e-135  +1.033930e-101  +1.897192e-79  +4.834695e-68  +2.161969e-64  +6.538553e-63  +2.775904e-72  +1.899304e-85  +3.552642e-104  +2.515042e-128  +9.819169e-159  +3.002304e-189  +7.731061e-152  +6.292967e-122  +5.224918e-102  +6.026760e-93  +9.654422e-95  +2.147863e-107  +6.636282e-131  +2.847614e-165  +1.696974e-210  +1.404454e-266  +0.000000e+00  +0.000000e+00  +0.000000e+00  +0.000000e+00  +0.000000e+00 
+1.218524e-254  +4.839950e-202  +9.838460e-158  +2.781927e-124  +1.092452e-101  +5.957952e-90  +1.646044e-70  +3.016120e-48  +7.686108e-37  +1.880804e-34  +5.610381e-33  +3.281745e-41  +2.208225e-52  +4.754156e-67  +1.161945e-88  +1.074265e-117  +5.443030e-148  +1.211078e-110  +1.414608e-83  +8.641903e-64  +9.967947e-55  +1.596791e-56  +3.552454e-69  +1.097607e-92  +4.709805e-127  +2.806707e-172  +2.322893e-228  +2.669926e-295  +0.000000e+00  +0.000000e+00  +0.000000e+00  +0.000000e+00 
+2.687383e-211  +1.710648e-161  +1.424063e-120  +3.983961e-87  +1.564486e-64  +8.532300e-53  +2.169985e-44  +6.659755e-28  +1.697000e-16  +2.812753e-15  +6.685707e-14  +4.701819e-19  +1.811456e-27  +3.520721e-40  +1.760612e-58  +1.949030e-87  +1.877740e-106  +3.048856e-80  +9.443752e-54  +2.025422e-36  +2.289633e-27  +3.667819e-29  +8.159963e-42  +2.521195e-65  +1.081839e-99  +6.446988e-145  +5.335670e-201  +6.132804e-268  +0.000000e+00  +0.000000e+00  +0.000000e+00  +0.000000e+00 
+8.253522e-179  +5.251636e-129  +4.641027e-90  +8.493128e-61  +3.111566e-38  +1.696967e-26  +2.392181e-25  +4.178245e-14  +5.240506e-07  +4.615664e-06  +1.143205e-05  +1.021145e-07  +4.783530e-12  +5.565565e-21  +3.715298e-39  +6.432252e-54  +5.015678e-69  +1.066110e-60  +3.293899e-34  +1.476688e-18  +7.312464e-11  +1.170053e-12  +2.603070e-25  +8.042743e-49  +3.451123e-83  +2.056623e-128  +1.702106e-184  +3.725409e-240  +1.448783e-295  +0.000000e+00  +0.000000e+00  +0.000000e+00 
+3.520359e-157  +2.239970e-107  +1.979409e-68  +2.429242e-40  +1.273491e-22  +4.687264e-11  +3.550224e-10  +3.258716e-06  +1.157125e-04  +5.711980e-05  +1.280101e-04  +7.808165e-05  +3.409874e-05  +1.631003e-12  +1.719714e-20  +1.618665e-28  +1.864643e-42  +1.171030e-49  +1.600916e-25  +6.863972e-10  +7.326105e-05  +5.184056e-07  +1.153245e-19  +3.563197e-43  +1.528960e-77  +1.388126e-115  +7.179431e-150  +5.157469e-195  +6.634685e-231  +1.277927e-273  +0.000000e+00  +0.000000e+00 
+2.085319e-146  +1.326869e-96  +1.172522e-57  +1.438972e-29  +2.452574e-12  +7.612311e-06  +3.570002e-05  +8.894756e-06  +1.833657e-04  +1.401720e-06  +1.140271e-07  +4.366367e-06  +9.171690e-05  +9.506977e-09  +6.383306e-08  +8.275749e-13  +1.765887e-25  +9.464993e-38  +2.170634e-17  +3.395311e-07  +1.268180e-04  +9.353815e-10  +1.345737e-20  +6.151866e-39  +7.165705e-58  +2.668591e-81  +1.381606e-115  +4.092171e-145  +5.675465e-177  +1.093168e-219  +2.924223e-273  +0.000000e+00 
+1.715521e-146  +1.091570e-96  +9.645944e-58  +1.183794e-29  +2.017666e-12  +6.788379e-06  +1.287676e-04  +8.133547e-05  +3.987475e-04  +1.367480e-04  +1.998807e-04  +1.063374e-06  +5.429413e-05  +2.411809e-06  +1.120277e-04  +6.268908e-08  +8.748402e-11  +3.949091e-23  +4.986817e-17  +7.830591e-07  +1.050172e-04  +4.163875e-05  +1.370598e-12  +7.134521e-22  +1.913156e-34  +7.562960e-58  +4.868142e-81  +4.861529e-102  +6.742493e-134  +1.298692e-176  +3.473998e-230  +1.290629e-294 
+1.719386e-146  +4.083749e-100  +3.975019e-60  +5.442840e-31  +1.040439e-12  +2.808390e-05  +3.478557e-05  +1.980126e-04  +1.151379e-04  +1.319005e-04  +5.099672e-05  +1.473911e-04  +2.013205e-04  +4.821554e-06  +1.484119e-04  +5.207647e-05  +1.408734e-06  +1.973917e-16  +5.027348e-23  +1.252743e-08  +7.886747e-05  +6.752470e-07  +1.370254e-07  +2.645555e-09  +3.349070e-21  +1.186465e-38  +8.031936e-49  +8.021026e-70  +1.112442e-101  +2.142751e-144  +6.281476e-198  +1.001106e-259 
+8.412640e-126  +5.310649e-83  +1.611011e-49  +6.859389e-27  +6.026223e-12  +1.071217e-04  +3.012980e-05  +4.587942e-05  +1.236175e-04  +5.503667e-05  +2.922253e-05  +1.057767e-04  +1.711848e-04  +1.135216e-04  +1.251613e-04  +1.370762e-04  +1.108792e-06  +1.854495e-11  +2.330754e-11  +1.321390e-06  +2.147305e-04  +2.564846e-07  +6.410705e-05  +3.081001e-05  +5.830327e-13  +2.559442e-17  +1.840413e-27  +1.837942e-48  +2.749165e-80  +1.890643e-120  +2.467435e-170  +4.483825e-231 
+6.553166e-106  +9.996889e-67  +2.121116e-38  +1.338863e-18  +7.862771e-07  +9.087389e-05  +3.873875e-05  +1.340452e-04  +6.028154e-05  +7.977144e-06  +9.568022e-05  +1.807686e-05  +3.810494e-04  +3.916001e-05  +1.983726e-04  +1.226414e-04  +1.187408e-04  +1.091288e-04  +2.681038e-06  +1.165774e-04  +8.802239e-05  +3.045924e-04  +1.310211e-04  +1.712347e-05  +1.220468e-05  +8.144839e-07  +6.233117e-17  +1.844905e-35  +1.247627e-63  +1.175470e-102  +1.538072e-152  +2.794988e-213 
+7.300257e-97  +1.113658e-57  +2.359410e-29  +6.942136e-12  +2.913835e-05  +1.165301e-04  +8.795627e-05  +1.355023e-04  +6.800664e-05  +9.936409e-05  +5.078703e-05  +1.700897e-04  +2.599723e-04  +1.605228e-04  +4.497460e-04  +2.565242e-04  +2.898202e-04  +3.382184e-05  +3.573956e-05  +5.572167e-05  +2.715847e-05  +3.509017e-05  +2.177547e-04  +1.182909e-04  +1.306703e-06  +9.304308e-05  +3.259218e-11  +1.592078e-28  +1.080074e-56  +1.017609e-95  +1.331515e-145  +2.419631e-206 
+1.452085e-98  +1.728003e-59  +3.650604e-31  +1.074039e-13  +4.561007e-07  +1.374805e-05  +9.994067e-05  +1.069858e-04  +9.930901e-05  +1.706021e-04  +2.216206e-04  +1.387078e-04  +1.567623e-04  +2.101529e-04  +3.417209e-04  +3.631573e-04  +2.851310e-04  +1.970456e-04  +3.025444e-04  +2.223129e-04  +4.490524e-04  +3.613193e-04  +2.597027e-04  +3.719274e-04  +9.897303e-05  +3.652042e-05  +2.442312e-12  +7.878075e-30  +4.194923e-58  +3.134588e-97  +3.255403e-147  +4.696720e-208 
+1.732056e-88  +1.430565e-51  +1.756246e-25  +4.636582e-10  +7.556785e-05  +2.182579e-04  +1.413541e-04  +1.190800e-04  +1.228807e-04  +1.171919e-04  +1.632414e-04  +2.434936e-04  +1.882100e-04  +4.957417e-05  +2.211408e-04  +5.188279e-04  +4.436044e-04  +2.363432e-04  +2.856523e-04  +1.707950e-04  +4.695392e-04  +4.343707e-04  +1.060633e-04  +8.171817e-05  +1.663984e-04  +6.794684e-05  +1.072865e-12  +3.776430e-30  +2.029814e-58  +1.516385e-97  +1.573275e-147  +2.266929e-208 
+1.464030e-88  +1.267709e-51  +2.028655e-25  +1.013412e-09  +1.475610e-04  +2.018649e-04  +3.267624e-04  +1.813080e-04  +1.902749e-04  +2.721424e-04  +8.873971e-05  +2.863774e-04  +1.861093e-04  +6.700375e-05  +2.189137e-04  +3.135111e-04  +2.966788e-04  +4.410113e-04  +2.855123e-04  +2.805901e-04  +5.049502e-04  +5.043484e-04  +6.069207e-05  +2.342598e-04  +1.794411e-04  +6.023581e-06  +1.960852e-16  +1.746597e-37  +5.039419e-69  +1.029348e-108  +1.061216e-158  +1.529053e-219 
+7.078760e-96  +4.328958e-58  +3.677408e-31  +5.612066e-15  +1.607946e-06  +1.537825e-04  +4.701345e-04  +2.746293e-04  +1.467704e-04  +5.365028e-04  +1.383658e-04  +1.968194e-04  +1.413261e-04  +2.440795e-04  +1.190217e-04  +4.147107e-04  +3.341883e-04  +2.614194e-04  +2.341186e-04  +2.719648e-04  +4.572486e-04  +1.501840e-04  +3.378130e-05  +2.832149e-04  +1.578877e-04  +1.204065e-05  +2.194093e-15  +9.164035e-36  +2.102839e-61  +3.003268e-97  +5.956907e-144  +1.640913e-201 
+1.622607e-101  +1.716379e-61  +2.612965e-32  +7.330046e-14  +2.042138e-05  +1.836122e-04  +5.137906e-07  +9.923777e-06  +1.800280e-04  +2.635987e-04  +8.986070e-05  +1.301682e-04  +2.162379e-04  +1.057322e-04  +7.067556e-05  +1.740594e-04  +2.460255e-04  +2.504372e-04  +4.498381e-04  +2.342847e-04  +1.736422e-04  +8.764079e-05  +3.514374e-04  +1.177661e-04  +1.692372e-04  +7.524273e-07  +3.692366e-10  +2.734121e-24  +2.811699e-49  +4.015681e-85  +7.965159e-132  +2.194334e-189 
+9.871721e-101  +1.039233e-60  +1.525321e-31  +3.258710e-13  +3.012724e-05  +1.606798e-04  +2.296283e-05  +1.766495e-04  +4.152824e-05  +7.882617e-06  +1.161524e-04  +2.008351e-06  +3.460490e-08  +5.010287e-05  +2.010216e-10  +1.112341e-08  +1.025493e-04  +1.384197e-04  +4.256565e-05  +2.040175e-04  +3.360586e-04  +3.445349e-04  +2.573550e-04  +1.785169e-04  +1.227830e-04  +2.686179e-05  +3.633621e-08  +1.167879e-21  +5.931241e-46  +4.304346e-81  +4.363026e-127  +6.148865e-184 
+8.346686e-111  +8.854017e-71  +4.086415e-41  +1.547629e-20  +1.263271e-10  +1.404358e-09  +4.380770e-08  +6.404322e-09  +1.832223e-10  +3.972686e-10  +1.060326e-06  +2.790808e-13  +5.250719e-19  +1.543474e-13  +6.311647e-19  +3.434840e-16  +3.180966e-08  +3.189727e-07  +1.543210e-05  +3.232378e-04  +1.350573e-04  +2.447366e-04  +1.147964e-04  +1.134139e-04  +9.351744e-05  +1.398845e-04  +2.495566e-08  +4.740153e-21  +1.939208e-43  +1.138058e-76  +9.276877e-121  +1.050214e-175 
+3.527456e-131  +7.294425e-89  +2.892695e-57  +1.595701e-36  +1.512691e-26  +1.205726e-23  +1.301751e-21  +1.018379e-22  +1.834857e-25  +5.355553e-22  +1.432603e-18  +5.322222e-26  +2.313996e-38  +6.813315e-33  +2.786181e-38  +2.399647e-31  +4.464639e-21  +1.426228e-11  +3.465199e-05  +1.850268e-04  +1.680728e-04  +3.723736e-05  +1.750571e-04  +2.337597e-04  +5.007951e-05  +2.698269e-04  +1.801138e-06  +4.714018e-18  +1.850209e-40  +1.049308e-73  +8.422007e-118  +9.468934e-173 
+3.653402e-158  +1.044675e-115  +4.148635e-84  +2.289719e-63  +3.220441e-53  +4.625318e-48  +5.399798e-46  +4.606354e-47  +3.568732e-51  +1.005043e-44  +2.688475e-41  +9.987699e-49  +5.295078e-67  +4.176989e-63  +1.708104e-68  +5.466302e-55  +2.169136e-28  +8.231827e-12  +1.006750e-05  +2.637095e-04  +2.430420e-04  +2.466332e-04  +8.319305e-05  +1.279878e-04  +1.969386e-04  +1.162581e-04  +1.198456e-08  +6.659365e-21  +1.236424e-43  +3.191109e-77  +1.143843e-121  +5.694521e-177 
+7.276762e-196  +2.080769e-153  +8.263204e-122  +4.568981e-101  +1.378423e-90  +2.537532e-83  +3.127806e-81  +2.958721e-82  +9.703117e-88  +2.619405e-78  +7.006872e-75  +2.603056e-82  +1.343015e-100  +3.556364e-104  +3.238726e-105  +6.372130e-67  +1.741232e-39  +3.747385e-22  +1.722894e-10  +1.087163e-05  +2.144143e-04  +5.250276e-06  +1.254142e-10  +1.721496e-06  +8.715905e-05  +1.377939e-05  +3.761993e-13  +3.016683e-29  +3.808840e-55  +4.974425e-90  +1.761299e-134  +8.767389e-190 
+2.012884e-244  +5.755784e-202  +2.285765e-170  +1.271996e-149  +1.099357e-138  +1.934123e-129  +2.530676e-127  +2.641386e-128  +3.713531e-135  +9.481101e-123  +2.536181e-119  +9.421926e-127  +4.861128e-145  +4.205226e-156  +2.142262e-109  +1.961921e-67  +2.495375e-36  +4.408006e-16  +1.256860e-06  +3.747217e-05  +1.582488e-04  +1.740725e-06  +6.475325e-13  +3.589963e-05  +1.071266e-04  +3.657318e-06  +1.501603e-16  +8.565921e-38  +8.782084e-70  +4.164907e-108  +9.684102e-156  +2.186219e-213 
+7.732809e-304  +2.211174e-261  +8.781296e-230  +4.996575e-209  +1.428920e-197  +2.047373e-186  +2.860660e-184  +3.275004e-185  +2.666691e-192  +4.765987e-178  +1.274895e-174  +4.736240e-182  +9.458026e-200  +9.130918e-142  +1.650726e-94  +4.144514e-58  +1.445428e-32  +7.634426e-16  +9.127413e-06  +6.337744e-05  +5.551822e-08  +9.267778e-15  +5.847820e-22  +3.303869e-13  +5.125619e-09  +1.481336e-14  +5.130151e-25  +2.925271e-46  +2.316541e-78  +2.547721e-121  +3.891363e-175  +8.551644e-240 
+0.000000e+00  +0.000000e+00  +4.685384e-300  +2.872434e-279  +7.857453e-267  +3.009869e-254  +4.518551e-252  +5.639366e-253  +1.727576e-258  +3.327246e-244  +8.900334e-241  +3.306479e-248  +4.472435e-191  +5.821926e-133  +1.052513e-85  +2.642566e-49  +9.214300e-24  +4.462087e-09  +4.639452e-05  +2.880105e-07  +7.498576e-15  +8.551504e-29  +4.569600e-41  +1.059409e-28  +3.449894e-24  +1.561088e-30  +2.435108e-44  +1.387967e-65  +1.099140e-97  +1.208829e-140  +1.846353e-194  +3.916540e-259 
+0.000000e+00  +0.000000e+00  +0.000000e+00  +0.000000e+00  +0.000000e+00  +0.000000e+00  +0.000000e+00  +0.000000e+00  +0.000000e+00  +3.226249e-321  +8.629316e-318  +4.225222e-262  +3.960356e-193  +5.155335e-135  +9.320033e-88  +2.340001e-51  +8.159308e-26  +4.036220e-11  +6.786957e-05  +7.463915e-08  +1.144458e-21  +4.240904e-46  +5.200075e-70  +9.901129e-55  +3.224805e-50  +1.458681e-56  +1.076733e-73  +9.145990e-96  +7.242762e-128  +7.965556e-171  +1.216651e-224  +2.580796e-289 
+0.000000e+00  +0.000000e+00  +0.000000e+00  +0.000000e+00  +0.000000e+00  +0.000000e+00  +0.000000e+00  +0.000000e+00  +0.000000e+00  +0.000000e+00  +0.000000e+00  +5.196102e-275  +4.870374e-206  +6.339937e-148  +1.146161e-100  +2.882599e-64  +2.123345e-37  +1.158024e-18  +9.206044e-11  +1.016408e-13  +1.558480e-27  +3.318733e-52  +9.814796e-88  +1.285347e-91  +4.186386e-87  +1.893634e-93  +1.189587e-110  +8.473665e-137  +6.628165e-169  +7.289624e-212  +1.113410e-265  +0.000000e+00 
+0.000000e+00  +0.000000e+00  +0.000000e+00  +0.000000e+00  +0.000000e+00  +0.000000e+00  +0.000000e+00  +0.000000e+00  +0.000000e+00  +0.000000e+00  +0.000000e+00  +8.874496e-299  +8.318182e-230  +1.082953e-171  +5.085148e-124  +9.282779e-84  +3.825924e-54  +2.190057e-35  +1.741056e-27  +1.922241e-30  +2.947412e-44  +6.276419e-69  +1.856184e-104  +2.317363e-139  +7.547670e-135  +3.414048e-141  +2.144689e-158  +1.881738e-186  +8.424264e-221  +9.264717e-264  +1.415083e-317  +0.000000e+00 
+0.000000e+00  +0.000000e+00  +0.000000e+00  +0.000000e+00  +0.000000e+00  +0.000000e+00  +0.000000e+00  +0.000000e+00  +0.000000e+00  +0.000000e+00  +0.000000e+00  +0.000000e+00  +2.222838e-264  +3.846573e-203  +8.214654e-152  +2.437994e-111  +1.004879e-81  +5.752188e-63  +4.572885e-55  +5.048768e-58  +7.741382e-72  +1.648502e-96  +4.875268e-132  +2.002375e-178  +1.889838e-193  +8.548331e-200  +5.370021e-217  +4.684992e-245  +2.054560e-283  +0.000000e+00  +0.000000e+00  +0.000000e+00 
+0.000000e+00  +0.000000e+00  +0.000000e+00  +0.000000e+00  +0.000000e+00  +0.000000e+00  +0.000000e+00  +0.000000e+00  +0.000000e+00  +0.000000e+00  +0.000000e+00  +0.000000e+00  +9.112391e-304  +1.402166e-241  +2.996435e-190  +8.892996e-150  +3.665468e-120  +2.098208e-101  +1.668037e-93  +1.841624e-96  +2.823800e-110  +6.013192e-135  +1.778337e-170  +7.304003e-217  +6.571646e-263  +2.972562e-269  +1.867349e-286  +1.629139e-314  +0.000000e+00  +0.000000e+00  +0.000000e+00  +0.000000e+00 
