+0.000000e+00  +0.000000e+00  +0.000000e+00  +0.000000e+00  +0.000000e+00  +0.000000e+00  +0.000000e+00  +0.000000e+00  +2.388873e-302  +4.023672e-265  +2.340627e-226  +2.171634e-198  +9.077939e-177  +8.983416e-165  +8.603973e-150  +1.041911e-133  +1.836902e-128  +5.082520e-133  +3.555572e-147  +3.753980e-172  +5.506469e-208  +1.121742e-254  +3.173590e-312  +0.000000e+00  +0.000000e+00  +0.000000e+00  +0.000000e+00  +0.000000e+00  +0.000000e+00  +0.000000e+00  +0.000000e+00  +0.000000e+00 
+0.000000e+00  +0.000000e+00  +0.000000e+00  +0.000000e+00  +0.000000e+00  +0.000000e+00  +0.000000e+00  +6.966317e-286  +6.335486e-239  +8.001929e-203  +6.057805e-171  +5.292646e-143  +1.377010e-123  +1.356358e-111  +2.346515e-103  +2.842278e-87  +5.172896e-82  +2.272318e-86  +1.643601e-100  +1.735582e-125  +2.545813e-161  +5.186166e-208  +1.467251e-265  +0.000000e+00  +0.000000e+00  +0.000000e+00  +0.000000e+00  +0.000000e+00  +0.000000e+00  +0.000000e+00  +0.000000e+00  +0.000000e+00 
+0.000000e+00  +0.000000e+00  +0.000000e+00  +1.482197e-323  +2.225076e-292  +7.053435e-268  +9.206771e-254  +2.567577e-233  +2.333483e-186  +2.947267e-150  +5.387519e-125  +1.901677e-98  +5.180557e-81  +2.844107e-69  +1.280713e-67  +1.078954e-51  +2.069094e-46  +1.429848e-50  +1.055235e-64  +1.114388e-89  +1.634626e-125  +3.330282e-172  +9.488842e-230  +9.094163e-298  +0.000000e+00  +0.000000e+00  +0.000000e+00  +0.000000e+00  +0.000000e+00  +0.000000e+00  +0.000000e+00  +0.000000e+00 
+0.000000e+00  +0.000000e+00  +7.948286e-288  +1.245590e-251  +1.239555e-224  +3.843427e-200  +1.698999e-186  +3.545804e-173  +1.193624e-144  +1.507586e-108  +2.644447e-83  +9.493453e-65  +1.159786e-47  +8.284300e-38  +1.138304e-36  +5.764981e-27  +1.204234e-21  +1.260342e-25  +9.409341e-40  +9.940783e-65  +1.494885e-100  +1.544043e-146  +6.883924e-201  +5.873394e-255  +6.598218e-293  +0.000000e+00  +0.000000e+00  +0.000000e+00  +0.000000e+00  +0.000000e+00  +0.000000e+00  +0.000000e+00 
+0.000000e+00  +7.645664e-274  +8.627381e-227  +1.352012e-190  +2.951719e-165  +2.908537e-143  +1.280480e-129  +5.405916e-119  +1.531401e-106  +1.070984e-77  +1.878605e-52  +4.577168e-38  +7.982735e-25  +3.484125e-17  +4.604209e-16  +4.672310e-13  +1.115503e-07  +1.555463e-11  +1.271271e-25  +1.657302e-49  +3.772509e-82  +2.453980e-125  +9.807174e-167  +1.862916e-194  +5.415465e-231  +7.403534e-278  +0.000000e+00  +0.000000e+00  +0.000000e+00  +0.000000e+00  +0.000000e+00  +0.000000e+00 
+1.418512e-281  +1.152547e-223  +1.300536e-176  +2.038094e-140  +4.435732e-115  +3.058160e-97  +1.345746e-83  +1.187460e-75  +2.203782e-66  +1.334320e-57  +1.853444e-32  +4.516090e-18  +8.045876e-13  +1.486002e-06  +2.865698e-06  +9.110066e-07  +2.394144e-04  +1.041700e-06  +1.071179e-17  +3.583235e-39  +1.729509e-71  +3.183941e-100  +3.186704e-117  +7.819529e-144  +7.323355e-180  +1.005638e-226  +1.918039e-284  +0.000000e+00  +0.000000e+00  +0.000000e+00  +0.000000e+00  +0.000000e+00 
+2.969711e-242  +2.412904e-184  +2.722725e-137  +4.266832e-101  +9.286369e-76  +3.263072e-61  +1.964242e-48  +3.634568e-43  +4.651510e-37  +7.066393e-31  +6.804705e-21  +6.347740e-09  +3.318131e-05  +1.558104e-04  +9.456236e-05  +1.601854e-04  +2.094968e-04  +1.742838e-05  +9.175004e-15  +6.882777e-35  +2.141398e-55  +1.394748e-61  +3.308639e-78  +1.398723e-103  +1.381369e-139  +1.897082e-186  +3.618277e-244  +9.584187e-313  +0.000000e+00  +0.000000e+00  +0.000000e+00  +0.000000e+00 
+8.634432e-214  +7.015512e-156  +7.916317e-109  +1.240580e-72  +2.700007e-47  +8.176976e-33  +3.981836e-24  +4.021551e-21  +1.060656e-16  +1.961025e-12  +2.567490e-12  +4.954496e-05  +1.633024e-04  +1.468659e-04  +4.399068e-04  +2.006086e-04  +1.597093e-04  +5.279303e-06  +5.902618e-16  +9.409239e-26  +1.220180e-27  +9.441795e-34  +5.221555e-49  +3.659859e-74  +3.619020e-110  +4.970139e-157  +9.479472e-215  +2.510948e-283  +0.000000e+00  +0.000000e+00  +0.000000e+00  +0.000000e+00 
+3.651588e-189  +6.779612e-137  +3.197175e-91  +5.009359e-55  +1.090240e-29  +3.298839e-15  +1.560309e-10  +8.048559e-08  +6.185516e-06  +7.567012e-05  +5.122848e-05  +7.747826e-05  +2.419057e-04  +2.765066e-04  +1.527057e-04  +1.147517e-04  +1.190373e-04  +1.477329e-07  +1.102602e-12  +8.602310e-10  +1.030705e-10  +4.358719e-16  +1.870810e-30  +1.331594e-55  +1.316774e-91  +1.808397e-138  +3.593645e-196  +1.417971e-262  +0.000000e+00  +0.000000e+00  +0.000000e+00  +0.000000e+00 
+6.379980e-167  +1.953180e-115  +1.003869e-74  +3.401436e-44  +6.751392e-23  +1.849266e-08  +1.872953e-04  +6.470988e-05  +1.336064e-05  +1.086778e-04  +2.805440e-04  +1.060654e-04  +1.287114e-04  +7.845769e-05  +2.266794e-04  +9.611268e-05  +1.873543e-04  +1.614421e-04  +5.266479e-05  +1.273892e-04  +1.694553e-04  +1.851500e-08  +9.453170e-23  +1.502654e-47  +3.019614e-80  +1.525400e-123  +4.474260e-171  +4.308327e-220  +1.140960e-277  +0.000000e+00  +0.000000e+00  +0.000000e+00 
+4.746960e-153  +3.875148e-103  +2.763479e-63  +1.447476e-33  +1.425967e-14  +9.200232e-06  +7.667383e-05  +6.670561e-05  +4.975878e-05  +1.140600e-04  +2.605933e-04  +2.983023e-04  +2.739300e-04  +1.831287e-04  +3.157083e-04  +3.014043e-04  +4.283635e-04  +2.343753e-04  +4.233834e-04  +4.787193e-06  +7.869242e-05  +1.727058e-06  +3.257648e-17  +8.537734e-39  +5.910293e-67  +5.910365e-97  +4.760834e-135  +2.535346e-180  +3.956853e-235  +8.578066e-301  +0.000000e+00  +0.000000e+00 
+7.447123e-132  +5.986927e-92  +1.133791e-56  +1.524763e-28  +2.854242e-11  +7.964311e-05  +2.264994e-04  +1.726854e-04  +5.692252e-05  +9.075775e-05  +3.389423e-04  +2.384622e-04  +1.949680e-04  +3.696368e-04  +3.063024e-04  +8.976179e-05  +4.268905e-04  +1.384986e-04  +1.369959e-04  +6.887364e-05  +4.382804e-05  +1.648267e-05  +1.990847e-15  +8.889708e-26  +1.600087e-44  +2.272550e-71  +1.092725e-104  +1.228207e-148  +1.917224e-203  +4.156352e-269  +0.000000e+00  +0.000000e+00 
+1.126268e-110  +9.052575e-71  +1.010510e-41  +1.566581e-23  +3.607325e-12  +2.845872e-05  +1.512743e-04  +8.502258e-05  +1.796831e-04  +9.748435e-05  +1.014077e-04  +2.252343e-04  +2.621664e-04  +1.643703e-04  +2.929334e-04  +2.078886e-04  +3.081988e-04  +2.105282e-04  +2.791784e-04  +1.393729e-04  +1.136326e-04  +2.506561e-05  +2.589596e-06  +8.576149e-14  +1.595217e-28  +9.085386e-51  +7.353072e-84  +8.264801e-128  +1.290131e-182  +2.796877e-248  +0.000000e+00  +0.000000e+00 
+2.365553e-100  +1.901355e-60  +2.122422e-31  +3.290342e-13  +7.356403e-06  +1.541180e-04  +3.065657e-05  +3.712401e-04  +3.947918e-04  +5.179604e-04  +9.024359e-05  +1.943733e-04  +2.938292e-05  +1.105842e-04  +2.640806e-05  +9.149519e-07  +1.775352e-04  +2.423979e-04  +4.174276e-04  +1.224421e-04  +2.207695e-04  +1.264897e-04  +9.283650e-05  +3.475157e-07  +1.456986e-18  +8.490680e-41  +6.872426e-74  +9.363838e-118  +5.644749e-170  +2.729365e-232  +1.899622e-305  +0.000000e+00 
+6.900201e-101  +5.546159e-61  +6.191416e-32  +9.766186e-14  +1.457466e-05  +9.116609e-05  +1.756091e-04  +1.474098e-04  +1.922445e-04  +1.544551e-04  +2.299875e-04  +2.546939e-04  +1.884300e-04  +2.078343e-07  +1.807814e-14  +8.464441e-11  +1.478944e-05  +7.425100e-05  +1.971993e-04  +4.145728e-05  +3.330944e-04  +8.632653e-05  +1.546244e-04  +1.901264e-06  +7.701234e-16  +1.054597e-34  +2.189185e-64  +7.212843e-105  +3.990442e-156  +2.572918e-216  +2.377500e-281  +0.000000e+00 
+2.795310e-112  +2.248452e-72  +3.321816e-43  +1.332794e-21  +7.230617e-10  +1.008337e-05  +1.011226e-04  +1.083596e-04  +1.049028e-04  +9.724306e-05  +1.642930e-04  +4.019310e-05  +1.270546e-04  +3.711834e-05  +4.240852e-08  +1.638030e-05  +1.350966e-11  +1.063396e-05  +1.555061e-04  +3.639499e-04  +2.043142e-04  +2.116474e-04  +2.908466e-04  +1.028167e-04  +1.769071e-12  +7.326675e-30  +3.845284e-56  +7.756324e-93  +2.954638e-136  +5.841458e-185  +1.604083e-244  +6.117450e-315 
+1.633768e-134  +9.963851e-92  +2.833442e-58  +1.123406e-35  +5.794088e-23  +3.172455e-13  +2.302148e-07  +5.469125e-09  +1.093354e-08  +2.789683e-04  +2.588757e-04  +1.159890e-04  +1.193140e-04  +1.794259e-04  +1.551486e-04  +1.165077e-04  +3.932877e-06  +1.898338e-12  +5.350879e-05  +1.346540e-04  +1.385230e-04  +1.106720e-04  +1.095657e-04  +2.957716e-04  +1.118584e-08  +4.190804e-23  +1.928161e-45  +1.944460e-72  +2.768400e-110  +5.473895e-159  +1.503149e-218  +5.732521e-289 
+5.816235e-161  +1.195637e-116  +3.413476e-83  +1.404697e-60  +2.787126e-43  +6.844854e-28  +1.386503e-19  +2.906276e-15  +1.066642e-05  +6.758688e-05  +2.174278e-04  +5.708306e-05  +1.607805e-04  +6.156182e-05  +1.267781e-04  +1.341846e-04  +3.402658e-07  +6.757430e-13  +4.977985e-07  +1.141480e-04  +1.175005e-04  +9.506942e-05  +5.246192e-05  +7.133424e-05  +1.068463e-07  +3.344006e-14  +2.468428e-30  +2.530534e-57  +3.602815e-95  +7.123766e-144  +1.956209e-203  +7.460343e-274 
+9.732425e-197  +2.000694e-152  +5.712848e-119  +1.062662e-93  +5.440359e-69  +6.954276e-52  +1.035610e-28  +8.468916e-12  +3.420436e-05  +4.630542e-05  +3.669443e-04  +2.553337e-05  +1.314631e-04  +2.197975e-05  +1.297269e-04  +1.255100e-04  +2.181120e-08  +5.326134e-05  +1.579501e-04  +2.567254e-04  +1.832667e-04  +1.846114e-04  +1.605408e-04  +6.958129e-05  +1.462572e-04  +6.048480e-10  +4.474840e-26  +4.661535e-53  +7.310045e-91  +2.294820e-139  +2.118531e-198  +4.429823e-268 
+2.261730e-243  +4.649440e-199  +4.075157e-165  +9.373135e-132  +1.330141e-95  +5.628750e-57  +3.308000e-29  +2.713759e-12  +2.911172e-05  +1.153048e-04  +1.448167e-05  +1.017605e-04  +8.898168e-05  +1.087824e-04  +1.728936e-04  +2.022480e-04  +6.349899e-05  +6.305062e-06  +1.228072e-04  +8.778847e-05  +8.786431e-05  +5.224734e-06  +1.443638e-04  +1.385552e-04  +1.038053e-04  +3.333077e-09  +1.569930e-24  +1.026959e-50  +9.329620e-88  +1.177098e-135  +2.062526e-194  +5.019081e-264 
+7.299588e-301  +1.514638e-256  +4.010812e-216  +1.936547e-156  +5.900710e-107  +2.497747e-68  +2.197712e-40  +9.912044e-21  +1.864697e-11  +8.039844e-09  +3.762867e-09  +1.260846e-06  +9.074826e-05  +1.565509e-04  +2.668196e-04  +2.582960e-06  +3.484371e-04  +5.078864e-05  +6.301506e-05  +2.546546e-04  +2.093232e-04  +4.063470e-04  +2.874102e-04  +1.282270e-04  +3.010506e-07  +5.413984e-16  +2.547890e-31  +1.666685e-57  +1.514134e-94  +1.910423e-142  +1.124093e-200  +1.057027e-264 
+0.000000e+00  +3.442182e-310  +5.437936e-239  +1.193109e-178  +3.741259e-129  +7.596884e-89  +7.265948e-58  +9.850563e-38  +1.923397e-28  +9.136311e-24  +2.045086e-19  +5.772240e-08  +1.335750e-04  +8.423895e-05  +5.992930e-05  +1.270991e-04  +6.536680e-05  +1.454427e-04  +5.070457e-05  +2.679446e-04  +1.615451e-04  +2.486388e-04  +2.855056e-04  +2.121943e-04  +2.438841e-06  +1.714513e-16  +1.030070e-27  +9.643745e-50  +5.597497e-82  +3.901296e-124  +4.628804e-177  +7.661064e-241 
+0.000000e+00  +0.000000e+00  +4.660755e-272  +3.911866e-211  +1.463544e-158  +1.028517e-116  +1.004033e-85  +1.361200e-65  +1.224537e-55  +5.403967e-47  +7.666696e-23  +3.423370e-09  +6.474480e-05  +9.267064e-07  +2.326806e-04  +3.862749e-05  +2.053986e-04  +1.253992e-04  +6.210371e-05  +1.730462e-04  +3.575872e-04  +3.323079e-04  +3.965595e-04  +3.670253e-04  +1.429221e-05  +6.764452e-07  +2.051179e-17  +7.439142e-38  +4.576635e-69  +3.927277e-111  +4.680707e-164  +7.747651e-228 
+0.000000e+00  +0.000000e+00  +1.527932e-313  +5.548210e-250  +2.808098e-197  +1.973833e-155  +1.926844e-124  +2.612310e-104  +1.928567e-92  +4.980654e-59  +6.200128e-34  +2.736581e-18  +5.430013e-10  +1.400047e-09  +8.256993e-05  +1.507715e-04  +1.435234e-04  +8.875288e-05  +2.374062e-04  +4.650395e-05  +1.658804e-04  +2.929274e-04  +2.207701e-04  +2.031032e-04  +1.827852e-04  +7.747317e-06  +2.338233e-15  +1.040121e-35  +6.427287e-67  +5.515824e-109  +6.574020e-162  +1.088152e-225 
+0.000000e+00  +0.000000e+00  +0.000000e+00  +1.478729e-299  +7.484263e-247  +5.260745e-205  +5.135509e-174  +6.968637e-154  +1.958120e-116  +3.113334e-80  +2.425314e-53  +3.619270e-34  +7.739772e-26  +4.350075e-13  +1.413462e-06  +1.761337e-04  +1.129685e-04  +9.250912e-05  +2.614951e-04  +1.733814e-04  +2.808039e-04  +2.444194e-04  +3.838456e-04  +2.725144e-04  +2.384590e-05  +2.992093e-07  +8.594490e-20  +4.153367e-43  +1.284011e-75  +1.075929e-117  +1.282297e-170  +2.122498e-234 
+0.000000e+00  +0.000000e+00  +0.000000e+00  +0.000000e+00  +2.770281e-307  +1.947251e-265  +1.900895e-234  +2.539225e-195  +3.156367e-148  +4.251449e-110  +4.652836e-80  +7.164203e-61  +1.537790e-42  +1.983113e-25  +4.932484e-15  +6.419309e-08  +7.984532e-07  +2.429322e-05  +2.124360e-04  +7.780370e-05  +1.314355e-04  +2.778939e-04  +2.666259e-04  +1.366105e-04  +2.010921e-05  +5.237794e-08  +3.088015e-20  +2.542705e-43  +2.907713e-77  +4.617906e-122  +1.018536e-177  +3.119938e-244 
+0.000000e+00  +0.000000e+00  +0.000000e+00  +0.000000e+00  +0.000000e+00  +0.000000e+00  +6.863274e-296  +6.208234e-238  +1.452903e-188  +1.153694e-147  +1.279095e-117  +1.048542e-93  +9.576485e-66  +1.907424e-46  +5.287921e-29  +1.246355e-21  +8.951708e-16  +1.596765e-09  +6.303980e-05  +9.984158e-05  +1.738575e-05  +1.588241e-07  +3.470097e-10  +2.551237e-09  +1.587885e-13  +1.124918e-18  +6.297730e-31  +5.185519e-54  +5.929905e-88  +9.417622e-133  +2.077173e-188  +6.362709e-255 
+0.000000e+00  +0.000000e+00  +0.000000e+00  +0.000000e+00  +0.000000e+00  +0.000000e+00  +0.000000e+00  +9.619595e-289  +5.517460e-237  +4.404672e-196  +6.262344e-166  +9.065229e-128  +3.073951e-99  +8.630970e-72  +1.464649e-53  +3.951926e-46  +5.285882e-33  +1.389943e-17  +9.326789e-13  +1.621675e-08  +1.455222e-14  +1.293500e-18  +1.371189e-25  +9.128098e-25  +3.049926e-29  +4.864811e-40  +1.784051e-52  +1.468677e-75  +1.679507e-109  +2.667321e-154  +5.883108e-210  +1.802089e-276 
+0.000000e+00  +0.000000e+00  +0.000000e+00  +0.000000e+00  +0.000000e+00  +0.000000e+00  +0.000000e+00  +0.000000e+00  +2.925501e-296  +2.335475e-255  +1.655657e-211  +1.146415e-172  +2.718171e-136  +3.321128e-107  +5.635913e-89  +1.484970e-77  +6.374976e-52  +1.681035e-36  +9.259300e-28  +3.990507e-23  +2.388628e-29  +3.933115e-39  +3.775236e-50  +5.722136e-51  +8.347182e-56  +1.333889e-70  +7.032493e-85  +5.776952e-108  +6.606234e-142  +1.049174e-186  +2.314083e-242  +7.088401e-309 
+0.000000e+00  +0.000000e+00  +0.000000e+00  +0.000000e+00  +0.000000e+00  +0.000000e+00  +0.000000e+00  +0.000000e+00  +0.000000e+00  +5.832312e-317  +2.763809e-267  +1.651609e-222  +1.452499e-182  +1.774829e-153  +3.011865e-135  +5.639439e-108  +1.070770e-81  +2.833738e-66  +3.164090e-53  +1.363738e-48  +8.163021e-55  +1.732267e-70  +1.272010e-84  +5.695112e-88  +3.172862e-93  +4.735100e-108  +3.927487e-128  +3.155821e-151  +3.608810e-185  +5.731357e-230  +1.264122e-285  +0.000000e+00 
+0.000000e+00  +0.000000e+00  +0.000000e+00  +0.000000e+00  +0.000000e+00  +0.000000e+00  +0.000000e+00  +0.000000e+00  +0.000000e+00  +0.000000e+00  +0.000000e+00  +1.225242e-279  +1.078015e-239  +1.317242e-210  +9.622087e-186  +1.315502e-148  +2.497766e-122  +4.904751e-105  +1.501722e-89  +6.472493e-85  +3.874285e-91  +3.220793e-108  +6.470549e-127  +8.344312e-136  +1.675196e-141  +2.499443e-156  +8.840538e-182  +2.394406e-205  +2.737865e-239  +4.348159e-284  +0.000000e+00  +0.000000e+00 
+0.000000e+00  +0.000000e+00  +0.000000e+00  +0.000000e+00  +0.000000e+00  +0.000000e+00  +0.000000e+00  +0.000000e+00  +0.000000e+00  +0.000000e+00  +0.000000e+00  +0.000000e+00  +1.111147e-307  +1.357727e-278  +3.117186e-237  +4.261721e-200  +8.091944e-174  +3.189513e-152  +9.898474e-137  +4.266289e-132  +2.553702e-138  +2.122894e-155  +5.283648e-180  +1.735905e-194  +1.228867e-200  +1.832297e-215  +3.798096e-241  +2.525072e-270  +2.884683e-304  +0.000000e+00  +0.000000e+00  +0.000000e+00 
