+0.000000e+00  +0.000000e+00  +0.000000e+00  +0.000000e+00  +0.000000e+00  +4.959578e-269  +9.984578e-222  +2.791597e-185  +1.083961e-159  +5.845377e-145  +4.377734e-141  +4.553278e-148  +6.577137e-166  +1.108848e-187  +4.601955e-172  +2.655144e-167  +4.165758e-167  +2.222456e-148  +3.141752e-139  +6.168765e-141  +3.561364e-146  +2.527362e-158  +2.490902e-181  +3.409445e-215  +6.496925e-260  +5.522026e-309  +0.000000e+00  +0.000000e+00  +0.000000e+00  +0.000000e+00  +0.000000e+00  +0.000000e+00 
+0.000000e+00  +0.000000e+00  +0.000000e+00  +0.000000e+00  +3.328815e-278  +4.825438e-220  +9.714530e-173  +2.716094e-136  +1.054644e-110  +5.687279e-96  +4.259331e-92  +4.430127e-99  +6.399248e-117  +1.287704e-133  +4.664487e-118  +2.696921e-113  +3.433875e-113  +7.204168e-100  +1.018127e-90  +2.001667e-92  +1.441827e-96  +1.023209e-108  +1.008447e-131  +1.380413e-165  +2.275294e-205  +3.546778e-249  +9.905492e-301  +0.000000e+00  +0.000000e+00  +0.000000e+00  +0.000000e+00  +0.000000e+00 
+0.000000e+00  +0.000000e+00  +0.000000e+00  +4.309338e-309  +4.498002e-240  +6.520287e-182  +1.312659e-134  +3.670073e-98  +1.425068e-72  +7.684835e-58  +5.755345e-54  +5.986131e-61  +8.646870e-79  +5.185792e-87  +6.566703e-75  +3.825602e-70  +4.370189e-70  +3.484317e-62  +4.582158e-53  +9.154602e-55  +8.106767e-58  +5.753059e-70  +5.670073e-93  +1.822788e-123  +1.771035e-157  +3.477979e-198  +9.734925e-250  +3.784218e-312  +0.000000e+00  +0.000000e+00  +0.000000e+00  +0.000000e+00 
+0.000000e+00  +0.000000e+00  +0.000000e+00  +8.086833e-282  +8.440878e-213  +1.223587e-154  +2.463314e-107  +6.887200e-71  +2.674260e-45  +1.442124e-30  +1.080039e-26  +1.123348e-33  +7.736087e-51  +2.278159e-50  +1.284357e-42  +7.684538e-38  +7.727661e-38  +4.282052e-34  +2.864085e-26  +6.861624e-28  +6.330242e-30  +4.492328e-42  +2.860238e-63  +2.127822e-87  +2.355343e-117  +4.747025e-158  +1.328701e-209  +5.165004e-272  +0.000000e+00  +0.000000e+00  +0.000000e+00  +0.000000e+00 
+0.000000e+00  +0.000000e+00  +0.000000e+00  +2.107582e-265  +2.199852e-196  +3.188898e-138  +6.419861e-91  +1.794934e-54  +6.969627e-29  +3.758447e-14  +2.814785e-10  +2.927814e-17  +1.027383e-24  +1.390348e-24  +3.493199e-21  +2.287009e-16  +1.904034e-16  +9.691314e-16  +2.501321e-10  +1.831525e-11  +6.864861e-13  +1.326924e-24  +1.377995e-38  +3.076517e-58  +4.464639e-88  +8.998166e-129  +2.518602e-180  +1.110945e-242  +1.200570e-304  +0.000000e+00  +0.000000e+00  +0.000000e+00 
+0.000000e+00  +0.000000e+00  +0.000000e+00  +7.628308e-260  +7.962278e-191  +1.154209e-132  +2.323643e-85  +6.496694e-49  +2.522629e-23  +1.360416e-08  +1.050763e-04  +1.953609e-08  +2.930763e-09  +1.178759e-09  +1.346110e-10  +1.137502e-05  +6.725756e-06  +3.310054e-06  +8.145994e-05  +2.120204e-05  +1.491196e-06  +4.589183e-11  +7.751179e-21  +8.098919e-40  +1.175322e-69  +2.369767e-110  +4.668579e-153  +3.059789e-203  +2.785071e-264  +0.000000e+00  +0.000000e+00  +0.000000e+00 
+0.000000e+00  +0.000000e+00  +0.000000e+00  +3.834511e-265  +4.002388e-196  +5.801846e-138  +1.168023e-90  +3.265818e-54  +1.304234e-28  +1.436379e-12  +7.257735e-06  +5.401797e-05  +1.252941e-04  +5.364095e-05  +3.471852e-06  +8.410705e-05  +1.032333e-04  +1.566882e-04  +1.453673e-04  +6.979871e-05  +4.509180e-05  +3.770440e-05  +2.833634e-13  +2.960984e-32  +9.379329e-56  +3.187150e-84  +1.504081e-123  +9.857757e-174  +8.972694e-235  +1.134242e-306  +0.000000e+00  +0.000000e+00 
+0.000000e+00  +0.000000e+00  +0.000000e+00  +2.676885e-281  +2.794081e-212  +4.050439e-154  +8.365688e-107  +4.376862e-69  +1.129406e-40  +4.269131e-23  +2.202474e-15  +2.269936e-07  +3.204203e-05  +9.948906e-05  +6.815071e-05  +7.796041e-06  +1.524121e-04  +3.283248e-04  +1.953516e-04  +1.560007e-04  +4.789332e-05  +4.627765e-08  +9.738019e-13  +1.715154e-19  +4.196586e-37  +1.426025e-65  +6.729703e-105  +4.410651e-155  +4.014648e-216  +5.074931e-288  +0.000000e+00  +0.000000e+00 
+0.000000e+00  +0.000000e+00  +0.000000e+00  +2.595387e-308  +2.772896e-239  +6.893483e-180  +9.175147e-130  +1.798136e-90  +4.894488e-62  +1.852328e-44  +1.364694e-28  +2.584489e-14  +1.322359e-05  +9.360369e-05  +5.768914e-05  +3.913403e-04  +4.203312e-04  +1.052979e-04  +2.048238e-04  +1.032277e-04  +3.950273e-07  +2.630617e-05  +6.077657e-05  +1.065776e-11  +2.607706e-29  +8.861140e-58  +4.181754e-97  +2.740724e-147  +2.494652e-208  +3.153499e-280  +0.000000e+00  +0.000000e+00 
+0.000000e+00  +0.000000e+00  +0.000000e+00  +0.000000e+00  +3.850934e-273  +3.912875e-212  +5.522107e-162  +1.082310e-122  +2.946026e-94  +1.626253e-71  +1.125968e-42  +6.709812e-23  +7.497437e-10  +1.901018e-04  +1.439554e-04  +1.432771e-04  +1.577109e-04  +3.942109e-04  +3.154669e-04  +3.309997e-04  +1.862805e-04  +1.527479e-04  +5.368487e-06  +9.262501e-15  +2.250398e-32  +7.646982e-61  +3.608768e-100  +2.365188e-150  +2.152834e-211  +2.721405e-283  +0.000000e+00  +0.000000e+00 
+0.000000e+00  +0.000000e+00  +0.000000e+00  +0.000000e+00  +3.218786e-316  +3.270869e-255  +4.616066e-205  +9.047301e-166  +1.198346e-117  +7.503509e-74  +7.880345e-41  +1.970155e-18  +1.267745e-06  +2.059378e-04  +2.230883e-04  +1.805992e-04  +2.908090e-04  +7.610170e-05  +1.652805e-04  +1.613562e-04  +1.103439e-05  +9.413311e-07  +7.029429e-11  +8.620917e-22  +1.476359e-43  +9.514766e-75  +4.325124e-114  +2.834681e-164  +2.580174e-225  +3.261607e-297  +0.000000e+00  +0.000000e+00 
+0.000000e+00  +0.000000e+00  +0.000000e+00  +3.941543e-298  +3.887315e-260  +5.324404e-233  +6.007078e-216  +6.661294e-172  +2.857262e-117  +1.702082e-73  +1.408165e-40  +1.618052e-18  +2.582988e-07  +1.387158e-06  +1.624392e-06  +2.836965e-04  +1.026217e-04  +1.816238e-04  +5.396841e-04  +3.343923e-04  +5.140516e-05  +2.535042e-06  +1.409353e-11  +4.033663e-26  +1.603410e-51  +8.852362e-88  +8.912406e-135  +5.692045e-189  +4.294688e-250  +5.434722e-322  +0.000000e+00  +0.000000e+00 
+0.000000e+00  +0.000000e+00  +2.042803e-285  +1.450680e-236  +1.430721e-198  +1.959640e-171  +3.727655e-155  +1.529191e-132  +9.501521e-104  +2.917775e-83  +4.715953e-51  +5.418444e-29  +8.646050e-18  +1.983958e-17  +4.596169e-08  +1.410772e-04  +2.417683e-04  +6.200218e-04  +1.990049e-04  +4.537288e-04  +1.188760e-04  +1.515976e-04  +9.667629e-09  +2.763049e-23  +1.098331e-48  +6.063398e-85  +4.648758e-132  +4.949893e-190  +7.319689e-259  +0.000000e+00  +0.000000e+00  +0.000000e+00 
+0.000000e+00  +3.110792e-281  +1.043943e-231  +7.415076e-186  +7.313043e-148  +1.001658e-120  +1.905367e-104  +3.149035e-93  +3.845052e-70  +2.642171e-50  +5.519168e-40  +4.084164e-33  +3.221711e-22  +1.019015e-12  +1.022888e-05  +1.427793e-04  +2.887508e-04  +1.595476e-04  +1.328705e-04  +5.491870e-04  +1.139028e-04  +5.455003e-07  +2.174799e-16  +2.630908e-31  +1.044864e-56  +5.768229e-93  +4.422477e-140  +2.069861e-197  +1.621341e-260  +0.000000e+00  +0.000000e+00  +0.000000e+00 
+2.159382e-292  +5.212693e-232  +1.747563e-182  +8.189877e-144  +5.191435e-108  +7.110508e-81  +1.352570e-64  +2.961904e-58  +2.350837e-42  +9.001523e-28  +3.811016e-18  +1.104700e-14  +5.722477e-13  +1.934902e-05  +8.540664e-05  +1.347664e-04  +1.462860e-04  +4.348825e-04  +2.659981e-04  +3.773772e-04  +1.959410e-04  +1.427631e-05  +1.176173e-14  +5.806779e-30  +1.582686e-49  +5.991219e-80  +3.149733e-121  +2.299694e-173  +2.331871e-236  +3.283801e-310  +0.000000e+00  +0.000000e+00 
+5.025262e-254  +1.213085e-193  +4.066885e-144  +1.893523e-105  +1.282196e-77  +7.011358e-52  +1.333457e-35  +3.741990e-30  +3.703609e-23  +3.947945e-13  +7.212272e-07  +1.124921e-06  +3.101931e-05  +1.178244e-04  +8.675870e-05  +1.126897e-04  +2.045008e-04  +3.530413e-04  +3.318002e-04  +4.512895e-04  +2.874837e-04  +1.960017e-04  +5.937659e-08  +1.159793e-16  +3.161280e-36  +1.196695e-66  +6.291322e-108  +4.594559e-160  +1.502373e-222  +1.337937e-292  +0.000000e+00  +0.000000e+00 
+1.702225e-226  +3.922988e-166  +1.314414e-116  +6.119806e-78  +3.957166e-50  +5.781020e-33  +1.829257e-17  +4.964054e-12  +5.453164e-09  +2.277437e-06  +2.955821e-04  +5.772320e-04  +2.855319e-04  +3.218411e-04  +2.186226e-04  +3.026171e-04  +5.108332e-04  +1.845254e-04  +4.074959e-04  +1.215756e-04  +3.888470e-04  +2.630355e-04  +1.686203e-05  +3.219156e-14  +5.580221e-33  +1.631775e-59  +7.862128e-97  +5.261013e-145  +4.889813e-204  +6.327698e-274  +0.000000e+00  +0.000000e+00 
+1.248306e-205  +3.750267e-147  +2.140152e-99  +2.836308e-61  +1.776905e-33  +1.595325e-16  +5.361322e-09  +9.531571e-05  +5.512600e-05  +3.204399e-04  +2.471510e-04  +2.181667e-04  +5.217622e-04  +3.463273e-04  +4.052056e-04  +4.050583e-04  +4.774970e-04  +4.837965e-04  +4.768158e-04  +5.732830e-04  +3.876669e-04  +3.154278e-04  +8.369175e-05  +1.234558e-09  +3.145916e-25  +1.514139e-51  +4.741602e-88  +5.605807e-135  +1.020239e-192  +2.593080e-261  +0.000000e+00  +0.000000e+00 
+2.771462e-194  +8.287672e-136  +3.441872e-88  +1.985324e-51  +1.601200e-25  +2.763343e-10  +1.539695e-04  +1.719113e-04  +9.663417e-05  +2.527025e-04  +2.245741e-04  +1.208031e-04  +6.150490e-04  +2.879205e-04  +1.780866e-04  +4.059988e-04  +6.795327e-04  +2.810914e-04  +4.342112e-04  +3.341288e-04  +2.125246e-04  +1.599453e-04  +8.127598e-05  +2.702069e-08  +1.329637e-22  +9.087068e-48  +8.624884e-84  +1.136896e-130  +2.081260e-188  +5.291389e-257  +0.000000e+00  +0.000000e+00 
+8.545948e-194  +2.555577e-135  +1.061535e-87  +6.142064e-51  +5.177813e-25  +1.050939e-09  +2.000757e-04  +8.409179e-05  +2.667749e-05  +2.979589e-04  +3.363422e-04  +2.140989e-04  +3.757226e-04  +5.181213e-04  +3.340261e-04  +1.906486e-04  +5.430965e-04  +4.822172e-04  +2.911143e-04  +1.929115e-04  +1.689633e-04  +3.906931e-07  +2.176371e-11  +7.657324e-15  +3.768171e-29  +2.575267e-54  +2.444362e-90  +4.695161e-131  +3.985140e-178  +4.697588e-236  +7.690316e-305  +0.000000e+00 
+3.741114e-204  +1.496491e-145  +3.213546e-97  +2.655404e-59  +3.482179e-32  +6.690504e-16  +2.433016e-09  +1.192744e-07  +1.640755e-04  +2.007806e-04  +1.508059e-04  +2.969590e-04  +3.487693e-04  +6.090269e-04  +2.790724e-04  +1.390481e-04  +5.472801e-04  +1.797246e-04  +1.868279e-04  +1.499505e-04  +7.494770e-05  +6.331373e-05  +2.472672e-08  +1.424493e-17  +1.316883e-28  +4.172791e-43  +1.836302e-68  +1.122276e-104  +9.525612e-152  +1.122856e-209  +1.838203e-278  +0.000000e+00 
+1.434491e-222  +7.077265e-163  +4.855712e-114  +4.627218e-76  +6.150483e-49  +2.609117e-32  +1.144554e-24  +3.449371e-16  +7.176073e-09  +2.877525e-07  +7.905975e-05  +3.421160e-04  +1.080448e-04  +1.711332e-04  +1.199844e-04  +1.200711e-04  +1.026654e-04  +1.585246e-04  +9.034468e-07  +8.352780e-05  +8.255619e-05  +1.620866e-04  +1.330979e-05  +1.916350e-09  +4.371539e-13  +1.385205e-27  +6.095809e-53  +3.725519e-89  +3.162133e-136  +3.727447e-194  +6.102120e-263  +0.000000e+00 
+3.500806e-250  +1.729638e-190  +1.186809e-141  +1.131418e-103  +1.683768e-76  +1.063858e-58  +2.045564e-49  +4.116194e-32  +9.834411e-22  +1.253332e-14  +1.932212e-09  +6.147791e-06  +3.105930e-06  +3.005491e-05  +1.442134e-05  +2.252159e-04  +6.919193e-05  +1.315190e-04  +1.197133e-04  +1.534644e-04  +1.081914e-08  +9.774762e-06  +8.351814e-05  +9.193786e-05  +2.015392e-08  +6.386150e-23  +2.810325e-48  +1.717560e-84  +1.457825e-131  +1.718449e-189  +2.813235e-258  +0.000000e+00 
+1.188326e-288  +5.871145e-229  +4.028699e-180  +3.884414e-142  +2.322541e-114  +1.006321e-95  +3.111006e-76  +4.154907e-57  +3.262827e-45  +1.368330e-32  +2.272917e-24  +3.144131e-15  +6.590640e-09  +7.769800e-05  +5.432820e-06  +1.034509e-04  +9.529909e-05  +4.989613e-05  +8.243381e-06  +4.548393e-08  +6.074697e-16  +2.232881e-14  +5.363089e-09  +1.662502e-08  +1.290466e-14  +4.088860e-29  +1.799367e-54  +1.099702e-90  +9.334016e-138  +1.100272e-195  +1.801230e-264  +0.000000e+00 
+0.000000e+00  +2.767769e-278  +1.901257e-229  +2.422482e-191  +2.468615e-162  +4.882001e-142  +1.012032e-113  +1.249931e-91  +1.109540e-74  +3.681687e-59  +9.298285e-45  +2.249001e-27  +1.998988e-12  +2.926876e-08  +4.669613e-05  +1.306327e-04  +3.673945e-08  +3.872089e-08  +7.130365e-16  +1.565708e-21  +9.059483e-30  +2.247159e-33  +3.421448e-22  +1.057515e-21  +1.601367e-31  +3.635829e-46  +1.600003e-71  +9.778592e-108  +8.299839e-155  +9.783652e-213  +1.601660e-281  +0.000000e+00 
+0.000000e+00  +0.000000e+00  +1.283269e-289  +1.265002e-250  +4.575849e-221  +1.453829e-190  +1.395587e-159  +5.562452e-137  +1.787235e-114  +9.383642e-96  +1.659138e-67  +1.061855e-41  +9.438132e-27  +3.892272e-20  +1.493631e-13  +9.560628e-12  +6.889548e-17  +8.576728e-22  +3.154289e-30  +2.636976e-43  +2.425100e-54  +1.362742e-57  +3.032858e-46  +9.374079e-46  +4.025279e-56  +4.492359e-74  +1.975877e-99  +1.207579e-135  +1.024964e-182  +1.208203e-240  +1.977923e-309  +0.000000e+00 
+0.000000e+00  +0.000000e+00  +0.000000e+00  +2.990085e-320  +6.041867e-289  +3.610570e-249  +8.208306e-216  +5.076538e-189  +3.642920e-163  +2.360757e-129  +1.087918e-92  +6.962720e-67  +6.188789e-52  +1.798568e-39  +8.983519e-33  +1.554471e-29  +3.416220e-36  +2.638928e-46  +9.703490e-55  +5.095854e-74  +9.076711e-90  +1.677620e-92  +3.733637e-81  +1.154008e-80  +4.953626e-91  +3.723134e-112  +3.388733e-138  +2.071059e-174  +1.757866e-221  +2.072131e-279  +0.000000e+00  +0.000000e+00 
+0.000000e+00  +0.000000e+00  +0.000000e+00  +0.000000e+00  +0.000000e+00  +2.451641e-316  +6.746857e-283  +1.432333e-250  +6.478822e-213  +2.149824e-165  +9.907128e-129  +6.340603e-103  +4.818154e-87  +1.183765e-69  +5.058457e-62  +3.531141e-58  +3.827067e-65  +1.794177e-80  +4.145675e-90  +2.117435e-109  +4.910409e-135  +2.868214e-138  +6.383372e-127  +1.972998e-126  +8.469177e-137  +5.049047e-158  +8.113258e-188  +4.932958e-224  +4.186979e-271  +0.000000e+00  +0.000000e+00  +0.000000e+00 
+0.000000e+00  +0.000000e+00  +0.000000e+00  +0.000000e+00  +0.000000e+00  +0.000000e+00  +0.000000e+00  +3.431276e-318  +8.193805e-260  +2.718895e-212  +1.252960e-175  +8.019000e-150  +3.888894e-128  +1.082040e-110  +1.455797e-101  +1.114082e-97  +1.187781e-104  +1.013709e-121  +2.459804e-136  +1.256364e-155  +8.916402e-186  +6.810320e-195  +1.515675e-183  +4.684710e-183  +2.010931e-193  +1.198808e-214  +1.019221e-246  +1.631787e-284  +0.000000e+00  +0.000000e+00  +0.000000e+00  +0.000000e+00 
+0.000000e+00  +0.000000e+00  +0.000000e+00  +0.000000e+00  +0.000000e+00  +0.000000e+00  +0.000000e+00  +0.000000e+00  +1.439173e-317  +4.775513e-270  +2.200720e-233  +1.654883e-207  +4.936749e-180  +1.373706e-162  +6.361040e-152  +4.881546e-148  +5.203105e-155  +8.283827e-173  +2.026974e-193  +1.035282e-212  +7.343641e-243  +2.245750e-262  +4.998044e-251  +1.544816e-250  +6.631185e-261  +3.953153e-282  +3.272922e-314  +0.000000e+00  +0.000000e+00  +0.000000e+00  +0.000000e+00  +0.000000e+00 
+0.000000e+00  +0.000000e+00  +0.000000e+00  +0.000000e+00  +0.000000e+00  +0.000000e+00  +0.000000e+00  +0.000000e+00  +0.000000e+00  +0.000000e+00  +5.368220e-302  +4.344292e-271  +8.703500e-243  +2.428648e-225  +3.870538e-213  +2.970542e-209  +3.166206e-216  +4.692455e-234  +4.477900e-261  +1.184785e-280  +8.404127e-311  +0.000000e+00  +0.000000e+00  +0.000000e+00  +0.000000e+00  +0.000000e+00  +0.000000e+00  +0.000000e+00  +0.000000e+00  +0.000000e+00  +0.000000e+00  +0.000000e+00 
+0.000000e+00  +0.000000e+00  +0.000000e+00  +0.000000e+00  +0.000000e+00  +0.000000e+00  +0.000000e+00  +0.000000e+00  +0.000000e+00  +0.000000e+00  +0.000000e+00  +0.000000e+00  +2.131007e-316  +6.521184e-299  +3.271045e-285  +2.510452e-281  +2.675811e-288  +3.961001e-306  +0.000000e+00  +0.000000e+00  +0.000000e+00  +0.000000e+00  +0.000000e+00  +0.000000e+00  +0.000000e+00  +0.000000e+00  +0.000000e+00  +0.000000e+00  +0.000000e+00  +0.000000e+00  +0.000000e+00  +0.000000e+00 
