+0.000000e+00  +0.000000e+00  +0.000000e+00  +0.000000e+00  +0.000000e+00  +0.000000e+00  +2.038971e-295  +7.060363e-236  +3.395321e-187  +2.267632e-149  +2.103306e-122  +2.721231e-106  +6.627978e-78  +5.269699e-58  +5.858507e-49  +2.064043e-45  +1.487572e-50  +1.488939e-66  +8.182354e-78  +5.847748e-93  +9.116182e-103  +4.255619e-110  +2.766729e-128  +1.787700e-136  +5.737440e-153  +2.557291e-180  +3.111181e-218  +1.214487e-261  +1.340437e-315  +0.000000e+00  +0.000000e+00  +0.000000e+00 
+0.000000e+00  +0.000000e+00  +0.000000e+00  +0.000000e+00  +0.000000e+00  +9.387247e-323  +4.556495e-255  +1.515711e-195  +7.289017e-147  +4.868114e-109  +4.515340e-82  +5.816453e-66  +1.645892e-52  +1.308529e-32  +1.445725e-23  +4.484769e-21  +3.232061e-26  +2.794183e-40  +1.421247e-44  +2.201713e-59  +4.574660e-62  +2.135545e-69  +6.529436e-84  +1.508583e-89  +4.841643e-106  +2.221073e-133  +3.608620e-167  +2.867748e-210  +3.165154e-264  +0.000000e+00  +0.000000e+00  +0.000000e+00 
+0.000000e+00  +0.000000e+00  +0.000000e+00  +0.000000e+00  +0.000000e+00  +3.712400e-286  +7.093188e-220  +1.927385e-164  +2.180113e-117  +1.451399e-79  +1.346222e-52  +1.734140e-36  +2.883612e-30  +4.512515e-18  +4.982921e-09  +1.354005e-07  +9.752609e-13  +6.662342e-18  +3.428988e-22  +8.713120e-31  +3.188180e-32  +1.488307e-39  +7.650611e-48  +1.767998e-53  +5.679228e-70  +2.070447e-94  +1.183345e-126  +9.404318e-170  +1.037961e-223  +1.591010e-288  +0.000000e+00  +0.000000e+00 
+0.000000e+00  +0.000000e+00  +0.000000e+00  +0.000000e+00  +0.000000e+00  +2.040027e-260  +3.897820e-194  +1.034298e-138  +3.811691e-94  +2.551743e-60  +5.575562e-34  +7.180396e-18  +1.296364e-12  +2.232326e-09  +2.404000e-05  +1.909455e-04  +3.956836e-09  +2.235129e-06  +2.229165e-10  +9.968960e-13  +3.085833e-13  +1.440504e-20  +1.245225e-22  +2.877691e-28  +2.378046e-43  +9.417978e-65  +5.389341e-97  +4.283035e-140  +5.858719e-194  +2.958010e-244  +1.073944e-304  +0.000000e+00 
+0.000000e+00  +0.000000e+00  +0.000000e+00  +0.000000e+00  +1.136351e-322  +1.556879e-245  +2.974684e-179  +7.893412e-124  +2.908885e-79  +1.488767e-45  +1.058608e-22  +5.183777e-10  +7.993700e-05  +2.548688e-04  +9.102581e-05  +2.018270e-04  +8.648351e-05  +6.468619e-05  +1.851165e-04  +3.536602e-05  +4.170432e-05  +2.184337e-12  +2.820131e-08  +1.137889e-13  +1.445708e-24  +5.956895e-46  +3.408772e-78  +1.036932e-114  +1.951894e-153  +5.102700e-203  +1.852601e-263  +0.000000e+00 
+0.000000e+00  +0.000000e+00  +0.000000e+00  +0.000000e+00  +1.673598e-318  +1.667493e-241  +3.158604e-175  +8.386946e-120  +3.094945e-75  +1.587328e-41  +1.132680e-18  +1.186085e-06  +2.518442e-04  +1.546082e-04  +6.200024e-05  +1.305179e-04  +2.092116e-04  +1.242499e-05  +3.939039e-05  +8.543511e-05  +5.059763e-05  +4.029057e-05  +2.089165e-04  +4.280572e-06  +1.269932e-16  +3.216736e-37  +1.832825e-56  +2.484212e-84  +4.676216e-123  +1.222470e-172  +4.438336e-233  +2.237896e-304 
+0.000000e+00  +0.000000e+00  +0.000000e+00  +0.000000e+00  +6.958778e-308  +2.302763e-232  +1.058491e-167  +6.757573e-114  +5.991591e-71  +7.378587e-39  +1.269186e-17  +4.140542e-07  +1.166649e-04  +4.765701e-05  +1.134451e-04  +1.316818e-04  +1.112745e-04  +1.070572e-04  +5.074019e-05  +4.261128e-05  +1.614347e-04  +2.134740e-04  +2.531299e-04  +5.062306e-07  +1.591325e-10  +6.248489e-20  +6.098134e-37  +8.265420e-65  +1.555861e-103  +4.067379e-153  +1.476714e-213  +7.445883e-285 
+0.000000e+00  +0.000000e+00  +0.000000e+00  +0.000000e+00  +3.921337e-303  +4.299498e-228  +6.547919e-164  +1.385543e-110  +4.077159e-68  +1.672950e-36  +9.648182e-16  +7.998679e-06  +1.337908e-05  +8.840624e-05  +2.777876e-04  +6.989624e-05  +8.458452e-05  +1.456143e-04  +1.238202e-04  +1.153736e-04  +2.604162e-04  +3.897722e-05  +1.353649e-04  +2.508815e-04  +4.604820e-05  +2.888254e-11  +2.819266e-28  +3.823172e-56  +7.203843e-95  +1.886977e-144  +6.877673e-205  +3.494553e-276 
+0.000000e+00  +0.000000e+00  +0.000000e+00  +0.000000e+00  +7.119928e-306  +7.805980e-231  +1.188549e-166  +2.513303e-113  +7.380920e-71  +3.010330e-39  +1.705123e-18  +1.366584e-08  +9.193032e-05  +2.720099e-05  +2.943486e-04  +1.263159e-04  +2.633217e-04  +1.313931e-04  +1.458861e-04  +3.003030e-04  +1.118769e-04  +9.659986e-05  +1.124284e-04  +1.410430e-04  +1.677547e-04  +1.581506e-10  +3.048605e-27  +8.172066e-55  +3.042738e-93  +1.573501e-142  +1.130117e-202  +1.127265e-273 
+0.000000e+00  +0.000000e+00  +1.432790e-322  +3.335071e-297  +4.669180e-280  +1.968441e-244  +2.997176e-180  +6.337820e-127  +1.862106e-84  +7.674978e-51  +9.404887e-25  +1.616538e-09  +4.366083e-05  +3.959584e-05  +1.720235e-04  +7.765770e-06  +1.815505e-04  +2.684042e-04  +3.241988e-04  +8.882274e-05  +1.713699e-04  +1.575524e-04  +1.726553e-05  +5.099871e-05  +2.150625e-07  +8.450621e-17  +8.837896e-34  +2.369215e-61  +8.822699e-100  +4.562853e-149  +3.277249e-209  +3.269041e-280 
+0.000000e+00  +1.280390e-286  +1.066395e-250  +1.388509e-225  +4.381686e-209  +1.702443e-202  +3.989467e-194  +2.048022e-135  +1.492546e-87  +1.511006e-50  +2.128466e-24  +4.280860e-09  +2.048827e-04  +1.306806e-04  +2.383159e-04  +2.924088e-04  +7.409066e-05  +3.305374e-04  +2.368541e-04  +6.756273e-05  +1.497957e-04  +6.030521e-05  +1.630389e-04  +1.154546e-04  +4.289999e-10  +2.466794e-23  +2.236688e-47  +9.579192e-79  +3.553387e-117  +1.837711e-166  +1.319928e-226  +1.316622e-297 
+2.183889e-272  +1.309595e-225  +1.090650e-189  +1.281580e-164  +5.864939e-149  +2.210046e-142  +1.197922e-146  +3.323608e-126  +7.214573e-81  +2.174950e-46  +9.105967e-23  +5.300268e-10  +4.262606e-05  +1.355871e-04  +8.758616e-05  +1.716929e-04  +2.536605e-04  +2.890584e-04  +1.814250e-04  +1.434680e-04  +2.482140e-04  +1.157029e-04  +1.110051e-04  +8.698257e-10  +4.406430e-17  +2.672292e-34  +1.481056e-60  +1.831571e-95  +3.193828e-141  +1.028701e-194  +7.382932e-255  +0.000000e+00 
+3.102152e-222  +1.860243e-175  +1.549225e-139  +1.795461e-114  +1.308647e-99  +3.984936e-93  +2.159673e-97  +1.357489e-104  +2.452941e-78  +7.394790e-44  +3.096011e-20  +1.800229e-07  +1.393386e-04  +7.877200e-05  +3.148113e-04  +2.795512e-04  +3.869677e-04  +9.368730e-05  +2.875991e-04  +1.329555e-04  +2.174751e-04  +1.151079e-04  +6.351303e-07  +1.963061e-16  +8.019899e-34  +3.247692e-51  +2.718828e-79  +3.327384e-118  +2.906529e-165  +7.026009e-222  +2.362949e-289  +0.000000e+00 
+6.119751e-183  +3.669782e-136  +3.056221e-100  +3.535728e-75  +8.233833e-61  +9.988478e-55  +5.408193e-59  +6.969202e-64  +8.027358e-76  +3.491727e-52  +1.461916e-28  +3.856200e-15  +6.990815e-08  +9.780999e-06  +3.855913e-04  +1.765616e-04  +1.419561e-04  +1.418963e-04  +1.426731e-04  +8.908111e-05  +1.829652e-04  +1.056926e-04  +3.914423e-09  +2.122127e-24  +2.232337e-49  +1.402895e-78  +4.616778e-107  +5.367620e-146  +8.667239e-196  +2.829978e-256  +4.940656e-324  +0.000000e+00 
+1.676650e-154  +1.005423e-107  +8.373235e-72  +9.684782e-47  +1.644469e-32  +3.503532e-27  +1.940189e-31  +4.968986e-34  +5.723443e-46  +1.532354e-57  +9.664913e-31  +2.121973e-12  +6.563927e-05  +1.980214e-04  +3.668959e-04  +3.532349e-04  +2.352212e-04  +3.909398e-04  +3.838441e-04  +7.732758e-05  +4.454170e-08  +1.229576e-08  +2.535131e-13  +1.373751e-28  +1.033841e-54  +1.080531e-91  +1.568418e-139  +1.265841e-184  +2.043901e-234  +4.583301e-295  +0.000000e+00  +0.000000e+00 
+6.379532e-137  +3.825563e-90  +3.185956e-54  +3.684885e-29  +5.961841e-15  +1.807197e-10  +6.841910e-14  +4.920287e-15  +5.667395e-27  +4.947479e-30  +2.031630e-27  +7.631489e-12  +1.029204e-04  +1.892686e-04  +9.074520e-05  +6.185181e-04  +2.391630e-04  +2.343086e-04  +4.522074e-04  +1.101785e-04  +2.489277e-11  +1.714969e-22  +2.280218e-28  +1.235613e-43  +9.298825e-70  +9.718776e-107  +1.410695e-154  +2.843757e-213  +8.630822e-283  +0.000000e+00  +0.000000e+00  +0.000000e+00 
+3.371113e-130  +2.021528e-83  +1.683543e-47  +1.947183e-22  +3.130592e-08  +1.821350e-04  +9.545234e-06  +6.782104e-07  +5.763398e-14  +2.227402e-13  +9.329558e-11  +1.582609e-09  +4.069552e-05  +1.601810e-04  +3.315318e-04  +2.236624e-04  +2.425893e-04  +2.912102e-04  +1.048124e-05  +2.991503e-05  +1.981814e-11  +3.775361e-26  +1.151867e-51  +1.543458e-69  +1.161557e-95  +1.214015e-132  +1.762161e-180  +3.552261e-239  +9.945565e-309  +0.000000e+00  +0.000000e+00  +0.000000e+00 
+2.473977e-134  +1.483550e-87  +1.235511e-51  +1.428990e-26  +2.295621e-12  +2.629600e-08  +2.248787e-06  +5.113959e-05  +1.084866e-06  +1.949012e-06  +6.684123e-05  +1.840101e-04  +4.343721e-05  +8.915746e-05  +4.886259e-04  +1.803082e-04  +3.980418e-04  +1.825697e-04  +7.161477e-06  +6.238888e-05  +6.688165e-09  +1.466417e-23  +4.465254e-49  +1.888308e-85  +3.124089e-132  +2.106258e-169  +2.663296e-187  +5.458867e-212  +1.553902e-247  +6.143030e-294  +0.000000e+00  +0.000000e+00 
+2.521483e-149  +1.512037e-102  +1.259236e-66  +1.456429e-41  +2.339523e-27  +8.936911e-14  +3.031017e-05  +4.083403e-05  +1.605145e-04  +1.592941e-04  +1.347201e-04  +1.321259e-04  +1.725108e-04  +1.567280e-04  +3.607055e-04  +1.798799e-04  +2.511195e-04  +3.025261e-04  +2.288746e-04  +3.511518e-06  +5.660785e-16  +7.914467e-32  +2.409930e-57  +2.850085e-93  +1.268444e-109  +6.255745e-119  +9.232605e-133  +1.892376e-157  +5.386770e-193  +2.129548e-239  +1.169188e-296  +0.000000e+00 
+3.569064e-175  +2.140232e-128  +1.782401e-92  +2.062194e-67  +1.182697e-40  +2.886434e-21  +1.102248e-12  +4.960942e-06  +9.634768e-05  +2.018367e-04  +7.332521e-05  +4.696839e-05  +3.635914e-04  +4.431314e-04  +3.716757e-04  +2.759193e-04  +3.200515e-04  +1.187461e-04  +8.196059e-07  +4.081727e-09  +1.131159e-15  +7.507624e-24  +6.920679e-43  +2.202655e-58  +1.023547e-70  +3.011770e-75  +4.444951e-89  +9.110666e-114  +2.593410e-149  +1.025251e-195  +5.628948e-253  +4.293430e-321 
+7.016017e-212  +4.207239e-165  +3.742394e-129  +3.018822e-89  +5.315229e-59  +2.115694e-32  +6.096112e-14  +5.488531e-06  +6.742819e-05  +2.625480e-04  +2.370506e-04  +8.449966e-05  +3.125240e-04  +8.134569e-05  +2.169053e-04  +4.072909e-04  +1.316516e-04  +3.451683e-04  +1.985472e-04  +6.110404e-05  +7.602782e-06  +5.046570e-14  +3.442462e-27  +2.394877e-30  +1.901802e-39  +2.013736e-42  +2.971993e-56  +6.091593e-81  +1.734011e-116  +6.856166e-163  +6.971291e-220  +1.286501e-284 
+1.915424e-259  +1.746046e-211  +1.520579e-159  +1.672313e-111  +1.826774e-72  +2.285809e-41  +2.206765e-19  +3.165484e-08  +8.801079e-08  +1.102306e-04  +1.953379e-04  +2.308829e-04  +4.821640e-04  +7.456817e-05  +6.462614e-05  +4.849724e-05  +7.687280e-05  +2.524604e-04  +3.825096e-05  +2.440038e-04  +1.234026e-04  +4.267085e-11  +8.876354e-11  +3.650471e-13  +1.759927e-17  +1.869912e-20  +2.759729e-34  +5.657204e-59  +2.630316e-94  +2.121508e-137  +6.123541e-191  +2.455437e-255 
+1.804501e-279  +4.429613e-208  +1.510123e-147  +7.149849e-98  +4.701315e-59  +4.293210e-31  +5.601317e-14  +1.488492e-05  +1.241494e-04  +7.091700e-05  +1.613658e-04  +1.754266e-04  +2.741980e-04  +2.223968e-04  +4.084484e-04  +3.929618e-04  +3.408058e-04  +3.583135e-04  +1.199293e-04  +2.531728e-04  +6.626164e-05  +1.974058e-05  +4.838835e-05  +1.844964e-05  +2.279890e-06  +2.411664e-09  +5.235179e-23  +1.807509e-44  +2.704690e-76  +5.622996e-119  +1.623514e-172  +6.510017e-237 
+1.102223e-276  +2.705690e-205  +9.224111e-145  +4.367260e-95  +2.871650e-56  +2.622358e-28  +3.325760e-11  +5.976528e-05  +6.379112e-05  +2.523666e-04  +1.960321e-04  +9.867809e-05  +2.168293e-04  +4.507986e-04  +2.500824e-04  +1.801467e-04  +3.161948e-04  +1.346481e-04  +2.242630e-04  +1.679146e-04  +1.239305e-04  +5.696768e-05  +8.291055e-05  +3.925112e-06  +6.909206e-06  +7.956491e-06  +6.171947e-16  +6.652678e-37  +9.958841e-69  +2.070423e-111  +5.977881e-165  +2.397030e-229 
+9.350170e-285  +2.295240e-213  +7.824825e-153  +3.704752e-103  +2.436025e-64  +2.227682e-36  +5.667265e-18  +1.285592e-07  +1.870413e-06  +9.935744e-05  +9.512302e-05  +2.086032e-04  +7.572124e-05  +9.283448e-06  +1.102210e-04  +3.272916e-04  +1.056971e-04  +1.069163e-04  +2.156899e-04  +3.903704e-06  +1.261031e-04  +5.988583e-06  +4.419737e-11  +4.143033e-13  +7.276428e-10  +4.066446e-09  +3.156105e-19  +3.401933e-40  +5.092582e-72  +1.058738e-114  +3.056867e-168  +1.225752e-232 
+1.101559e-303  +2.704059e-232  +9.218553e-172  +4.365055e-122  +6.673669e-83  +4.708304e-51  +8.092948e-30  +1.932020e-19  +8.439199e-14  +2.505480e-11  +2.118331e-11  +3.622007e-08  +1.794823e-11  +2.902092e-13  +1.738571e-05  +1.815242e-04  +2.473366e-04  +4.793817e-04  +6.206117e-05  +2.630098e-08  +2.236738e-10  +5.181668e-15  +1.999965e-24  +6.645563e-30  +5.167539e-24  +2.887901e-23  +2.241396e-33  +2.415978e-54  +3.616640e-86  +7.518921e-129  +2.170920e-182  +8.705022e-247 
+0.000000e+00  +4.424306e-262  +1.647112e-201  +8.914912e-149  +7.938886e-106  +9.826254e-74  +1.689096e-52  +4.182812e-42  +7.373498e-32  +1.020739e-28  +1.120005e-27  +2.170870e-22  +7.227935e-28  +6.119424e-18  +2.563485e-08  +1.088395e-04  +1.247587e-04  +1.889384e-04  +6.285702e-06  +1.933410e-04  +5.188267e-09  +3.917173e-24  +8.800397e-45  +1.497018e-57  +5.096699e-49  +2.848311e-48  +2.210669e-58  +2.382858e-79  +3.567060e-111  +7.415846e-154  +2.141159e-207  +8.585687e-272 
+0.000000e+00  +8.807911e-301  +4.023485e-236  +2.581990e-182  +2.301151e-139  +2.848220e-107  +4.895984e-86  +1.275857e-72  +1.921648e-60  +5.880406e-57  +8.226667e-53  +1.807611e-47  +4.910868e-52  +3.556530e-28  +1.635215e-13  +1.845725e-09  +1.026804e-05  +1.704635e-04  +4.244219e-05  +1.041576e-04  +9.506811e-11  +1.207792e-27  +2.167581e-55  +9.399000e-94  +6.981232e-85  +3.901490e-84  +3.028077e-94  +3.263933e-115  +4.886001e-147  +1.015790e-189  +2.932864e-243  +1.176029e-307 
+0.000000e+00  +0.000000e+00  +1.619666e-280  +1.039389e-226  +9.263362e-184  +1.146561e-151  +1.970961e-130  +1.531886e-112  +1.269903e-99  +4.722457e-96  +9.511978e-89  +2.090326e-83  +1.597307e-69  +5.288859e-44  +2.432057e-29  +7.409000e-22  +5.786066e-16  +1.654117e-10  +3.970476e-08  +1.461082e-10  +1.533236e-17  +1.944429e-34  +3.424628e-62  +8.376695e-101  +1.328046e-131  +7.421839e-131  +5.760338e-141  +6.209009e-162  +9.294683e-194  +1.932346e-236  +5.579214e-290  +0.000000e+00 
+0.000000e+00  +0.000000e+00  +0.000000e+00  +5.810850e-282  +5.178812e-239  +6.410008e-207  +2.167883e-185  +2.913699e-163  +1.373213e-149  +5.271642e-146  +1.527629e-135  +3.370914e-130  +3.299325e-96  +1.092443e-70  +5.024660e-56  +4.773568e-43  +6.039437e-34  +3.534518e-27  +8.618206e-22  +2.806973e-24  +3.448283e-35  +4.356966e-52  +7.673713e-80  +1.877002e-118  +6.376201e-168  +1.960788e-188  +1.521833e-198  +1.640368e-219  +2.455577e-251  +5.105095e-294  +0.000000e+00  +0.000000e+00 
+0.000000e+00  +0.000000e+00  +0.000000e+00  +0.000000e+00  +4.020958e-305  +4.976890e-273  +2.413676e-247  +1.309640e-224  +2.119404e-210  +8.195935e-207  +3.407241e-193  +3.969758e-170  +9.464544e-134  +3.133814e-108  +9.374539e-92  +4.311641e-75  +1.786585e-61  +2.155967e-54  +2.597942e-46  +8.461452e-49  +3.934265e-62  +1.355861e-80  +2.388007e-108  +5.841103e-147  +1.984230e-196  +1.655539e-256  +5.583724e-267  +6.018639e-288  +9.009781e-320  +0.000000e+00  +0.000000e+00  +0.000000e+00 
+0.000000e+00  +0.000000e+00  +0.000000e+00  +0.000000e+00  +0.000000e+00  +0.000000e+00  +7.649124e-320  +1.812953e-296  +4.561373e-282  +8.430397e-278  +1.055514e-261  +1.581527e-218  +3.770615e-182  +1.248496e-156  +1.157734e-134  +2.284386e-117  +7.365859e-100  +4.642017e-90  +1.087627e-81  +3.542382e-84  +1.602323e-97  +5.960449e-120  +1.032057e-147  +2.524427e-186  +8.575513e-236  +4.045715e-296  +0.000000e+00  +0.000000e+00  +0.000000e+00  +0.000000e+00  +0.000000e+00  +0.000000e+00 
