+0.000000e+00  +0.000000e+00  +0.000000e+00  +0.000000e+00  +0.000000e+00  +0.000000e+00  +0.000000e+00  +0.000000e+00  +0.000000e+00  +0.000000e+00  +0.000000e+00  +2.874526e-289  +7.667198e-236  +2.840175e-193  +1.461139e-161  +1.043941e-140  +1.035853e-130  +1.519474e-131  +3.556531e-137  +1.908757e-152  +1.422699e-178  +1.472696e-215  +2.117148e-263  +4.248965e-322  +0.000000e+00  +0.000000e+00  +0.000000e+00  +0.000000e+00  +0.000000e+00  +0.000000e+00  +0.000000e+00  +0.000000e+00 
+0.000000e+00  +0.000000e+00  +0.000000e+00  +0.000000e+00  +0.000000e+00  +0.000000e+00  +0.000000e+00  +0.000000e+00  +0.000000e+00  +0.000000e+00  +7.512156e-307  +1.442770e-242  +3.848289e-189  +1.425529e-146  +7.333689e-115  +5.239705e-94  +5.199112e-84  +9.063228e-85  +7.337294e-90  +3.937859e-105  +2.935097e-131  +3.038244e-168  +4.367785e-216  +6.943642e-273  +0.000000e+00  +0.000000e+00  +0.000000e+00  +0.000000e+00  +0.000000e+00  +0.000000e+00  +0.000000e+00  +0.000000e+00 
+0.000000e+00  +0.000000e+00  +0.000000e+00  +0.000000e+00  +0.000000e+00  +0.000000e+00  +0.000000e+00  +0.000000e+00  +0.000000e+00  +0.000000e+00  +5.236409e-271  +1.005695e-206  +2.682481e-153  +9.936765e-111  +5.112007e-79  +3.652379e-58  +3.624083e-48  +1.043409e-48  +2.102245e-53  +1.128256e-68  +8.409496e-95  +8.705792e-132  +1.022966e-176  +8.411745e-218  +9.650005e-270  +1.163684e-312  +0.000000e+00  +0.000000e+00  +0.000000e+00  +0.000000e+00  +0.000000e+00  +0.000000e+00 
+0.000000e+00  +0.000000e+00  +0.000000e+00  +0.000000e+00  +0.000000e+00  +0.000000e+00  +0.000000e+00  +2.322109e-322  +5.952777e-315  +2.907591e-318  +5.069212e-246  +9.735830e-182  +2.596830e-128  +9.619487e-86  +4.948782e-54  +3.535759e-33  +3.508368e-23  +2.648089e-23  +8.365056e-28  +4.489452e-43  +3.379325e-69  +3.024477e-102  +1.735565e-132  +1.433654e-173  +7.150877e-219  +5.560630e-238  +6.655963e-260  +1.106460e-292  +0.000000e+00  +0.000000e+00  +0.000000e+00  +0.000000e+00 
+0.000000e+00  +0.000000e+00  +0.000000e+00  +0.000000e+00  +5.396829e-298  +6.701433e-273  +1.160874e-258  +1.599506e-245  +2.575056e-238  +1.255516e-241  +6.815305e-232  +1.308934e-167  +3.491309e-114  +1.293293e-71  +6.653393e-40  +4.753653e-19  +4.716830e-09  +1.261205e-08  +4.622830e-13  +5.250901e-28  +2.256593e-49  +6.906720e-69  +4.108066e-99  +1.938237e-135  +5.127160e-163  +3.690214e-174  +4.417113e-196  +7.342829e-229  +1.695221e-272  +0.000000e+00  +0.000000e+00  +0.000000e+00 
+0.000000e+00  +0.000000e+00  +2.051599e-311  +1.267711e-265  +1.133472e-229  +1.407472e-204  +2.427304e-190  +2.069767e-179  +1.548753e-172  +7.538709e-176  +7.993050e-190  +2.443997e-164  +6.518852e-111  +2.414791e-68  +1.242298e-36  +8.875857e-16  +8.807127e-06  +9.339213e-05  +4.507007e-07  +1.765271e-17  +5.301266e-27  +2.270420e-46  +1.351674e-72  +1.290545e-93  +4.021256e-110  +3.401082e-121  +4.071027e-143  +6.767511e-176  +1.567898e-219  +3.612981e-268  +0.000000e+00  +0.000000e+00 
+0.000000e+00  +6.385217e-300  +4.573705e-249  +4.152669e-208  +3.306137e-172  +4.105347e-147  +7.079734e-133  +4.622000e-124  +1.298209e-117  +6.286541e-121  +2.269436e-133  +7.006523e-139  +1.690409e-118  +6.261816e-76  +3.221415e-44  +2.301606e-23  +2.283830e-13  +9.472611e-07  +6.097083e-05  +7.886133e-07  +2.420293e-15  +1.861648e-31  +5.787827e-44  +6.515957e-61  +5.062578e-68  +4.353320e-79  +5.210837e-101  +8.671182e-134  +4.208613e-172  +2.764666e-218  +2.522240e-275  +0.000000e+00 
+4.239903e-310  +2.186804e-248  +1.566397e-197  +1.558380e-157  +1.341425e-125  +1.663021e-100  +2.867905e-86  +1.585918e-79  +1.527792e-73  +7.282059e-77  +6.741796e-87  +4.057684e-91  +1.310919e-96  +1.947633e-93  +7.763982e-57  +4.861169e-31  +4.227068e-16  +5.178455e-08  +2.489409e-05  +5.423466e-05  +3.850489e-10  +7.531891e-14  +1.289164e-22  +4.103282e-33  +8.981197e-37  +7.738593e-48  +9.265719e-70  +9.455658e-98  +4.472522e-133  +2.938043e-179  +2.680414e-236  +3.396124e-304 
+2.016639e-269  +1.040117e-207  +7.450304e-157  +7.411462e-117  +1.031468e-87  +9.356057e-65  +1.613432e-50  +8.222688e-46  +2.579731e-40  +1.192380e-43  +3.687474e-50  +6.239782e-54  +2.199153e-58  +1.288842e-70  +1.906202e-49  +7.466555e-24  +6.495520e-09  +7.906478e-05  +3.540028e-05  +1.896553e-05  +1.815613e-04  +5.459120e-06  +6.912136e-11  +1.220030e-13  +2.216701e-16  +1.910642e-27  +4.097628e-45  +1.395527e-69  +6.600943e-105  +4.336224e-151  +3.955992e-208  +5.012300e-276 
+1.332105e-239  +6.870562e-178  +4.921349e-127  +4.895692e-87  +6.763662e-58  +2.028723e-39  +1.260593e-25  +3.563833e-22  +6.618716e-18  +6.878377e-21  +4.160398e-24  +7.948125e-27  +5.127020e-31  +2.209214e-39  +3.626028e-29  +4.596121e-17  +6.668893e-09  +1.348224e-04  +1.122430e-04  +9.305705e-05  +1.885541e-05  +8.886596e-05  +1.105624e-04  +5.206025e-05  +7.600159e-07  +3.425240e-14  +8.398463e-28  +2.860419e-52  +1.353000e-87  +8.897084e-134  +2.268090e-190  +3.286065e-255 
+1.222302e-220  +6.303765e-159  +4.515165e-108  +4.491496e-68  +6.205120e-39  +1.190564e-20  +1.399661e-11  +3.283990e-08  +2.884885e-06  +1.190021e-07  +6.668754e-09  +2.474396e-10  +4.639733e-14  +1.287593e-18  +1.313560e-17  +2.970638e-07  +1.009446e-04  +1.685254e-04  +1.635551e-04  +1.428786e-04  +6.100754e-04  +2.675258e-04  +1.951173e-04  +7.164066e-05  +5.852240e-05  +9.854169e-08  +2.464295e-21  +3.898701e-44  +3.200055e-76  +1.116425e-118  +2.470678e-170  +1.123200e-232 
+8.436227e-210  +3.042533e-149  +2.119108e-99  +7.507260e-60  +8.792140e-31  +1.624867e-12  +4.249887e-05  +2.283339e-04  +1.110749e-04  +9.296294e-05  +1.523686e-04  +1.352723e-04  +4.546085e-05  +1.123935e-06  +9.723248e-11  +1.437837e-06  +1.638421e-04  +1.265812e-04  +2.497906e-04  +3.095229e-04  +3.794015e-04  +3.476078e-04  +1.439483e-04  +5.684691e-05  +4.226440e-05  +8.334127e-06  +8.812402e-16  +6.456401e-35  +1.094751e-64  +2.586410e-105  +8.486414e-157  +3.867133e-219 
+4.662740e-205  +1.628418e-144  +7.898243e-95  +5.320522e-56  +4.980057e-28  +6.507364e-11  +1.245296e-04  +9.475229e-05  +4.597883e-05  +1.040015e-04  +1.543295e-04  +3.867741e-04  +1.790429e-04  +1.644169e-04  +1.982106e-09  +1.151093e-14  +5.779326e-08  +1.265444e-04  +3.335700e-04  +3.788271e-04  +2.636979e-04  +3.315559e-04  +3.689890e-04  +1.630716e-04  +2.146798e-05  +2.853238e-05  +2.511998e-13  +3.077034e-32  +5.234598e-62  +1.236723e-102  +4.057880e-154  +1.849116e-216 
+3.588503e-211  +1.253250e-150  +6.078552e-101  +4.094496e-62  +3.830352e-34  +4.976398e-17  +7.388690e-10  +7.360750e-05  +5.195814e-05  +3.895514e-04  +4.450280e-04  +1.923582e-04  +1.369812e-04  +2.070151e-05  +2.171246e-08  +1.474162e-09  +1.630303e-04  +9.819447e-05  +2.124049e-04  +3.494068e-04  +3.680801e-04  +2.532341e-04  +1.710138e-04  +7.049216e-05  +1.632045e-06  +2.551102e-10  +3.137184e-20  +2.632685e-40  +3.492371e-70  +8.213309e-111  +2.694714e-162  +1.227940e-224 
+3.835513e-228  +1.339516e-167  +6.496960e-118  +4.376334e-79  +4.101160e-51  +3.849853e-27  +2.879587e-11  +2.808817e-05  +2.369702e-04  +2.055926e-04  +1.341648e-04  +2.206360e-04  +5.503690e-04  +1.838519e-04  +1.123383e-04  +7.469617e-05  +2.529277e-04  +2.400990e-04  +6.639850e-04  +2.517114e-04  +4.716463e-04  +2.430997e-04  +1.546002e-04  +5.712318e-05  +1.377837e-04  +1.616640e-05  +2.309200e-15  +4.581464e-36  +1.262365e-67  +4.830629e-110  +2.567204e-163  +1.894763e-227 
+5.693397e-256  +1.988364e-195  +9.644050e-146  +7.508015e-103  +2.910809e-65  +2.983472e-37  +2.357680e-16  +3.070651e-06  +1.019806e-04  +2.383420e-04  +2.515009e-04  +3.758313e-04  +3.749640e-04  +5.513973e-04  +4.299849e-04  +1.979037e-04  +3.833344e-04  +1.201904e-04  +2.846395e-04  +1.548033e-04  +2.544250e-04  +2.193730e-04  +5.918478e-06  +3.555236e-06  +1.885860e-06  +1.745576e-11  +2.493164e-21  +4.946449e-42  +1.362932e-73  +5.215464e-116  +2.771721e-169  +2.045710e-233 
+1.173701e-294  +7.973377e-233  +1.670558e-173  +5.136852e-121  +2.435095e-78  +1.603354e-46  +1.489155e-25  +1.431526e-10  +1.251327e-04  +2.452752e-04  +6.385606e-04  +4.795458e-04  +4.043637e-04  +4.024591e-04  +1.742937e-04  +1.016317e-04  +2.048360e-04  +3.452565e-04  +2.928512e-04  +5.352363e-04  +3.826691e-04  +1.279252e-04  +7.320781e-05  +2.137354e-09  +3.256895e-17  +4.786694e-26  +3.738333e-38  +7.416871e-59  +2.043626e-90  +7.820240e-133  +4.156011e-186  +3.067406e-250 
+0.000000e+00  +5.468634e-259  +1.344230e-194  +4.588877e-141  +2.335372e-98  +5.167186e-61  +2.394624e-33  +4.674940e-15  +3.979782e-06  +2.699543e-04  +7.221168e-05  +1.807282e-04  +4.802103e-04  +3.608493e-04  +5.825830e-04  +5.846484e-04  +2.534971e-04  +5.945595e-04  +4.358512e-04  +4.448597e-04  +3.032638e-04  +1.063396e-07  +3.042322e-07  +6.139829e-12  +3.756801e-27  +1.141853e-47  +8.016515e-66  +1.544493e-86  +4.255657e-118  +1.628491e-160  +8.654498e-214  +6.387581e-278 
+0.000000e+00  +6.785551e-290  +2.242653e-225  +9.638055e-166  +2.750705e-116  +1.811861e-75  +2.187921e-42  +3.349156e-19  +7.239798e-07  +7.949235e-05  +2.210600e-04  +4.105804e-04  +5.076440e-04  +1.626786e-04  +3.538435e-04  +3.267489e-04  +1.484403e-04  +4.466705e-04  +3.507724e-04  +1.813350e-04  +1.002685e-04  +1.140772e-10  +1.109324e-19  +2.469377e-25  +1.510789e-40  +1.283828e-66  +7.723088e-100  +4.466744e-125  +1.230750e-156  +4.709647e-199  +2.502908e-252  +1.847309e-316 
+0.000000e+00  +0.000000e+00  +2.120659e-250  +8.740792e-184  +5.010319e-128  +3.988578e-83  +4.409697e-49  +6.770761e-26  +1.516366e-13  +3.920664e-07  +1.492057e-04  +5.660604e-05  +2.557510e-04  +3.357292e-04  +6.641675e-04  +5.635293e-04  +3.761754e-04  +7.509691e-05  +1.300246e-04  +5.673357e-04  +1.151408e-04  +1.463996e-09  +2.936919e-25  +1.389618e-49  +8.437768e-65  +7.170187e-91  +8.461967e-128  +1.200327e-173  +4.943229e-206  +1.891600e-248  +1.005278e-301  +0.000000e+00 
+0.000000e+00  +0.000000e+00  +5.946994e-268  +2.454564e-201  +1.406984e-145  +1.120061e-100  +1.238319e-66  +1.907528e-43  +2.340054e-27  +2.175671e-14  +2.267593e-05  +2.859918e-04  +5.490451e-04  +3.666001e-04  +3.545293e-04  +2.101888e-04  +2.696965e-04  +3.945739e-04  +4.879219e-04  +2.935104e-04  +1.173163e-04  +5.519218e-11  +4.079577e-28  +4.197702e-56  +6.376904e-95  +5.561502e-126  +6.563461e-163  +1.075751e-210  +2.762318e-266  +1.055136e-308  +0.000000e+00  +0.000000e+00 
+0.000000e+00  +0.000000e+00  +2.319312e-296  +9.572732e-230  +5.487198e-174  +4.368208e-129  +4.830426e-95  +2.778392e-69  +7.565907e-42  +8.302432e-22  +9.704738e-11  +1.152616e-06  +1.879986e-07  +1.208843e-04  +4.179375e-04  +1.779696e-04  +1.706609e-04  +1.423647e-04  +1.485047e-04  +8.758494e-05  +7.055422e-09  +3.617916e-15  +2.674022e-32  +2.744794e-60  +3.912845e-99  +7.746641e-149  +9.200176e-209  +1.158808e-256  +2.637716e-315  +0.000000e+00  +0.000000e+00  +0.000000e+00 
+0.000000e+00  +0.000000e+00  +0.000000e+00  +5.184841e-269  +2.972009e-213  +2.365968e-168  +2.063950e-132  +7.994348e-91  +6.318012e-60  +1.083008e-37  +8.634916e-23  +9.633561e-19  +7.244303e-16  +2.556028e-11  +1.947287e-07  +1.393436e-04  +1.352385e-04  +7.724586e-05  +1.728569e-04  +7.756986e-05  +1.231858e-08  +6.915143e-23  +2.974831e-47  +2.498836e-75  +3.562219e-114  +7.052473e-164  +1.939100e-224  +7.404519e-296  +0.000000e+00  +0.000000e+00  +0.000000e+00  +0.000000e+00 
+0.000000e+00  +0.000000e+00  +0.000000e+00  +3.900055e-319  +2.235569e-263  +3.978035e-214  +1.629342e-161  +9.274931e-120  +2.379352e-86  +1.370178e-60  +1.099193e-45  +1.224666e-41  +1.802897e-33  +8.147466e-27  +1.274607e-14  +4.247429e-06  +2.634452e-05  +3.473386e-05  +1.019706e-11  +2.320960e-07  +1.607199e-13  +1.741995e-30  +1.560386e-56  +1.671229e-92  +2.969444e-139  +8.916767e-190  +2.451693e-250  +9.337841e-322  +0.000000e+00  +0.000000e+00  +0.000000e+00  +0.000000e+00 
+0.000000e+00  +0.000000e+00  +0.000000e+00  +0.000000e+00  +2.171509e-317  +6.404971e-254  +2.627046e-201  +1.010061e-156  +4.194923e-120  +2.423151e-94  +1.943905e-79  +2.199819e-75  +6.466791e-62  +4.402236e-45  +4.636880e-23  +9.023921e-12  +7.376632e-05  +1.541375e-04  +1.955202e-10  +1.728975e-20  +1.197005e-26  +1.150911e-43  +1.536889e-71  +2.916142e-110  +1.070166e-158  +2.086877e-216  +6.109439e-285  +0.000000e+00  +0.000000e+00  +0.000000e+00  +0.000000e+00  +0.000000e+00 
+0.000000e+00  +0.000000e+00  +0.000000e+00  +0.000000e+00  +0.000000e+00  +1.436200e-304  +8.277039e-249  +2.477123e-201  +1.030306e-164  +5.951449e-139  +4.774382e-124  +1.697857e-116  +1.331766e-94  +1.076191e-61  +1.661746e-35  +4.964769e-17  +2.160501e-08  +5.491504e-05  +9.589035e-07  +1.853737e-18  +1.083469e-39  +1.362089e-67  +1.589953e-95  +2.948533e-134  +7.593968e-184  +2.727676e-244  +4.682939e-315  +0.000000e+00  +0.000000e+00  +0.000000e+00  +0.000000e+00  +0.000000e+00 
+0.000000e+00  +0.000000e+00  +0.000000e+00  +0.000000e+00  +0.000000e+00  +0.000000e+00  +2.821286e-304  +8.449437e-257  +3.514361e-220  +2.030032e-194  +1.628536e-179  +9.448062e-166  +1.999917e-120  +3.023614e-80  +6.505241e-51  +1.948694e-30  +7.470375e-16  +9.207745e-06  +2.309553e-05  +1.737590e-12  +2.074383e-30  +3.439312e-59  +7.919398e-99  +2.532508e-149  +1.124727e-210  +3.903347e-279  +0.000000e+00  +0.000000e+00  +0.000000e+00  +0.000000e+00  +0.000000e+00  +0.000000e+00 
+0.000000e+00  +0.000000e+00  +0.000000e+00  +0.000000e+00  +0.000000e+00  +0.000000e+00  +0.000000e+00  +3.952525e-323  +1.664809e-286  +9.616586e-261  +7.714635e-246  +9.513591e-198  +1.061195e-146  +1.644337e-106  +3.772778e-74  +1.100331e-43  +1.789610e-22  +9.504212e-11  +5.633186e-07  +4.842392e-14  +5.781022e-32  +9.584894e-61  +2.207029e-100  +7.057754e-151  +3.134462e-212  +1.933292e-284  +0.000000e+00  +0.000000e+00  +0.000000e+00  +0.000000e+00  +0.000000e+00  +0.000000e+00 
+0.000000e+00  +0.000000e+00  +0.000000e+00  +0.000000e+00  +0.000000e+00  +0.000000e+00  +0.000000e+00  +0.000000e+00  +0.000000e+00  +0.000000e+00  +8.943904e-297  +7.183567e-235  +8.033555e-184  +6.805180e-136  +5.730848e-93  +6.728443e-61  +8.012186e-38  +3.522398e-23  +2.180253e-19  +1.874190e-26  +2.237476e-44  +3.709719e-73  +8.542042e-113  +2.731620e-163  +1.213156e-224  +7.482579e-297  +0.000000e+00  +0.000000e+00  +0.000000e+00  +0.000000e+00  +0.000000e+00  +0.000000e+00 
+0.000000e+00  +0.000000e+00  +0.000000e+00  +0.000000e+00  +0.000000e+00  +0.000000e+00  +0.000000e+00  +0.000000e+00  +0.000000e+00  +0.000000e+00  +0.000000e+00  +2.947180e-282  +9.492152e-218  +5.756949e-164  +4.906345e-121  +1.329422e-86  +4.248142e-61  +1.893345e-46  +1.171922e-42  +1.007408e-49  +1.202680e-67  +1.994035e-96  +4.591487e-136  +1.468290e-186  +6.520914e-248  +4.022188e-320  +0.000000e+00  +0.000000e+00  +0.000000e+00  +0.000000e+00  +0.000000e+00  +0.000000e+00 
+0.000000e+00  +0.000000e+00  +0.000000e+00  +0.000000e+00  +0.000000e+00  +0.000000e+00  +0.000000e+00  +0.000000e+00  +0.000000e+00  +0.000000e+00  +0.000000e+00  +2.554319e-321  +1.115430e-256  +7.022032e-203  +4.282121e-157  +9.881791e-121  +3.171236e-95  +1.413381e-80  +8.748392e-77  +7.520297e-84  +8.978002e-102  +1.488546e-130  +3.427544e-170  +1.096078e-220  +4.867861e-282  +0.000000e+00  +0.000000e+00  +0.000000e+00  +0.000000e+00  +0.000000e+00  +0.000000e+00  +0.000000e+00 
+0.000000e+00  +0.000000e+00  +0.000000e+00  +0.000000e+00  +0.000000e+00  +0.000000e+00  +0.000000e+00  +0.000000e+00  +0.000000e+00  +0.000000e+00  +0.000000e+00  +0.000000e+00  +2.042763e-306  +2.665699e-249  +4.433516e-202  +1.024479e-165  +3.287730e-140  +1.465301e-125  +9.069760e-122  +7.796552e-129  +9.307806e-147  +1.543228e-175  +3.553453e-215  +1.136342e-265  +0.000000e+00  +0.000000e+00  +0.000000e+00  +0.000000e+00  +0.000000e+00  +0.000000e+00  +0.000000e+00  +0.000000e+00 
