+0.000000e+00  +0.000000e+00  +0.000000e+00  +0.000000e+00  +0.000000e+00  +1.470067e-292  +2.543015e-250  +6.109403e-219  +2.038387e-198  +9.445225e-189  +6.078214e-190  +5.432223e-202  +6.742449e-225  +1.772827e-257  +5.131009e-295  +0.000000e+00  +0.000000e+00  +0.000000e+00  +0.000000e+00  +0.000000e+00  +0.000000e+00  +0.000000e+00  +0.000000e+00  +0.000000e+00  +0.000000e+00  +0.000000e+00  +0.000000e+00  +0.000000e+00  +0.000000e+00  +0.000000e+00  +0.000000e+00  +0.000000e+00 
+0.000000e+00  +0.000000e+00  +0.000000e+00  +0.000000e+00  +5.446062e-288  +6.783542e-235  +1.173460e-192  +2.819150e-161  +9.406022e-141  +4.358446e-131  +2.804758e-132  +2.506669e-144  +3.128814e-167  +3.914521e-196  +1.212431e-233  +5.215301e-282  +0.000000e+00  +0.000000e+00  +1.515044e-305  +6.075002e-288  +2.376338e-271  +5.891443e-262  +2.028491e-263  +9.699796e-276  +6.522416e-299  +3.251994e-318  +0.000000e+00  +0.000000e+00  +0.000000e+00  +0.000000e+00  +0.000000e+00  +0.000000e+00 
+0.000000e+00  +0.000000e+00  +0.000000e+00  +3.891383e-305  +3.490117e-241  +4.347243e-188  +7.520137e-146  +1.806656e-114  +6.027863e-94  +2.793117e-84  +1.797433e-85  +1.606406e-97  +5.959332e-119  +1.284591e-145  +3.978774e-183  +1.711479e-231  +1.022426e-290  +6.017133e-262  +1.736264e-233  +6.958286e-216  +3.951752e-202  +9.796994e-193  +3.373217e-194  +1.612998e-206  +6.065236e-227  +2.434676e-244  +5.977984e-258  +1.577501e-277  +5.781259e-308  +0.000000e+00  +0.000000e+00  +0.000000e+00 
+0.000000e+00  +0.000000e+00  +0.000000e+00  +3.463373e-269  +3.106242e-205  +3.869093e-152  +6.693004e-110  +1.607944e-78  +5.364863e-58  +2.485904e-48  +1.599735e-49  +1.446063e-61  +2.625134e-79  +5.854570e-106  +1.813341e-143  +7.800128e-192  +3.639230e-230  +9.576773e-201  +2.763402e-172  +1.107417e-154  +9.147403e-144  +2.262570e-134  +7.790287e-136  +3.725143e-148  +6.295118e-164  +3.285641e-181  +1.433149e-190  +3.781867e-210  +1.385987e-240  +7.054238e-282  +0.000000e+00  +0.000000e+00 
+0.000000e+00  +0.000000e+00  +6.628780e-319  +4.280875e-244  +3.839446e-180  +4.782362e-127  +8.272834e-85  +1.987486e-53  +6.631197e-33  +3.072682e-23  +1.977349e-24  +1.052357e-34  +1.661563e-50  +3.705639e-77  +1.147751e-114  +4.937076e-163  +2.678656e-171  +4.985629e-149  +6.108159e-122  +2.447794e-104  +3.692117e-96  +7.256865e-87  +2.498622e-88  +1.194892e-100  +9.090037e-112  +2.511610e-125  +4.771621e-134  +1.259160e-153  +4.614596e-184  +2.543683e-225  +1.867712e-272  +0.000000e+00 
+0.000000e+00  +0.000000e+00  +1.137904e-304  +7.348586e-230  +6.590825e-166  +8.209443e-113  +1.420122e-70  +3.411736e-39  +1.138317e-18  +5.274592e-09  +3.472976e-10  +9.095274e-17  +1.460571e-32  +3.257386e-59  +1.008913e-96  +4.367265e-145  +2.788481e-123  +4.466589e-101  +1.875522e-82  +7.514130e-65  +6.975402e-58  +3.232476e-50  +1.112976e-51  +1.180322e-63  +1.822911e-70  +1.161185e-79  +2.206371e-88  +5.822283e-108  +2.154674e-138  +1.442283e-175  +1.381304e-221  +1.837380e-278 
+0.000000e+00  +1.137720e-314  +1.145106e-260  +1.600641e-217  +1.571263e-162  +1.957144e-109  +3.385593e-67  +8.133632e-36  +2.713766e-15  +1.257483e-05  +9.684182e-05  +1.110350e-09  +1.796292e-25  +5.689906e-50  +3.351728e-83  +8.575147e-113  +1.250949e-84  +6.342134e-64  +1.513714e-51  +3.203471e-36  +1.939597e-29  +2.000235e-24  +6.887203e-26  +1.754097e-33  +5.076953e-40  +7.456792e-45  +1.416867e-53  +3.743225e-73  +2.149227e-100  +1.481286e-135  +1.418766e-181  +1.887210e-238 
+0.000000e+00  +1.597506e-263  +1.607877e-209  +2.247507e-166  +4.363019e-134  +1.180315e-112  +1.120939e-74  +2.692971e-43  +9.081354e-23  +2.682594e-09  +1.064567e-04  +6.019687e-07  +1.852873e-18  +8.010488e-41  +5.579854e-74  +4.174680e-82  +4.052238e-55  +2.045393e-37  +2.886652e-26  +1.938545e-18  +1.068404e-11  +1.764637e-09  +6.932158e-11  +6.783142e-14  +1.968635e-20  +6.650288e-21  +1.263795e-29  +6.203111e-47  +3.063829e-71  +2.112994e-106  +2.023811e-152  +2.692027e-209 
+4.298487e-288  +3.115211e-223  +3.135435e-169  +4.382742e-126  +8.508090e-94  +2.293803e-72  +7.986149e-57  +1.723867e-36  +5.389579e-26  +6.569723e-10  +1.289676e-04  +1.514132e-05  +4.012002e-15  +4.827789e-33  +1.169728e-54  +1.672370e-50  +2.114532e-36  +3.696666e-19  +7.853148e-11  +2.368653e-07  +8.706447e-05  +9.256307e-05  +8.032305e-05  +3.662628e-05  +2.754212e-09  +8.237285e-08  +3.575003e-15  +1.222266e-28  +6.069622e-53  +4.185963e-88  +4.009286e-134  +5.333062e-191 
+1.121837e-257  +8.521902e-194  +8.491527e-140  +1.186940e-96  +2.304173e-64  +6.212109e-43  +2.325977e-32  +3.099214e-20  +9.290494e-11  +3.876071e-12  +2.156072e-05  +5.685847e-05  +2.390400e-09  +8.497774e-20  +2.476494e-28  +3.006971e-26  +1.394117e-17  +2.384162e-11  +6.788635e-05  +4.790572e-05  +1.545170e-04  +1.486405e-05  +1.315522e-04  +2.193431e-04  +2.005400e-04  +1.030497e-04  +9.409596e-08  +3.362800e-21  +1.669927e-45  +1.153609e-80  +2.871696e-126  +2.249312e-180 
+3.532895e-232  +2.995378e-170  +3.558903e-119  +5.041020e-78  +8.667653e-46  +2.336469e-24  +8.748284e-14  +1.199003e-11  +2.391198e-05  +2.074749e-05  +2.056027e-07  +1.533794e-04  +5.729212e-05  +3.281404e-09  +1.108809e-12  +3.833010e-10  +3.872208e-07  +2.246097e-05  +5.728187e-05  +1.537211e-05  +1.984955e-06  +1.724035e-04  +9.951380e-05  +1.083432e-04  +3.599225e-05  +1.348678e-04  +1.186808e-07  +4.040990e-18  +1.917360e-39  +1.263449e-71  +1.156244e-114  +1.469533e-168 
+1.724049e-217  +1.461726e-155  +1.721156e-104  +2.814575e-64  +6.396614e-35  +3.236541e-16  +4.578461e-06  +6.558375e-05  +1.167051e-04  +2.186927e-05  +2.981421e-04  +1.298283e-04  +7.680609e-05  +1.007453e-04  +1.697553e-05  +8.705759e-05  +1.445664e-04  +1.700354e-04  +2.876724e-05  +8.921667e-05  +2.110176e-04  +9.931806e-05  +7.386772e-05  +1.141921e-04  +2.370101e-05  +4.950769e-05  +2.198695e-06  +3.784863e-17  +1.742483e-38  +1.183979e-70  +1.417956e-109  +7.583145e-158 
+1.168441e-213  +9.906564e-152  +1.166480e-100  +1.907522e-60  +4.332112e-31  +1.366368e-12  +5.990415e-05  +9.610693e-06  +3.478088e-05  +2.897907e-04  +3.475347e-04  +2.770427e-04  +2.423802e-04  +4.074768e-05  +3.340262e-05  +1.791856e-04  +3.243916e-04  +3.402646e-04  +2.132003e-04  +2.460345e-04  +7.496309e-05  +4.881207e-05  +1.984836e-04  +1.352008e-04  +5.144805e-05  +8.790366e-05  +9.981429e-08  +2.894111e-14  +5.777030e-30  +1.603826e-56  +4.089631e-91  +1.006196e-133 
+9.086625e-220  +5.017785e-157  +4.227912e-105  +5.017570e-64  +8.319460e-34  +2.103411e-14  +2.181666e-05  +8.629371e-05  +4.732023e-04  +2.266406e-04  +1.351961e-04  +1.247311e-04  +5.539838e-05  +2.033381e-04  +1.128627e-04  +9.977085e-05  +1.908971e-04  +1.161427e-04  +1.995570e-04  +2.561077e-04  +1.993382e-04  +2.539330e-04  +2.346730e-04  +1.195825e-04  +1.421695e-04  +2.169275e-04  +1.592372e-04  +1.762410e-09  +1.266113e-21  +1.617077e-42  +2.869106e-74  +7.069690e-117 
+7.973393e-221  +4.916239e-158  +4.209797e-106  +5.006677e-65  +8.295771e-35  +2.288790e-15  +1.054930e-05  +9.910804e-05  +9.388530e-05  +1.713054e-04  +6.823440e-05  +5.848746e-04  +1.734104e-05  +1.091411e-04  +2.890598e-05  +5.718191e-04  +3.768841e-04  +2.676822e-04  +4.251864e-04  +4.382689e-04  +2.668050e-04  +2.429400e-04  +9.040258e-05  +3.106325e-04  +3.217694e-05  +5.668006e-05  +1.316688e-04  +1.342697e-05  +1.235118e-15  +1.577925e-36  +2.799640e-68  +6.898522e-111 
+1.145964e-232  +2.228912e-169  +8.281485e-116  +6.302230e-73  +1.328544e-40  +2.881733e-18  +1.537711e-06  +1.473668e-04  +1.363791e-04  +1.284587e-04  +1.747741e-04  +2.919281e-04  +4.555172e-04  +5.737993e-04  +3.481109e-04  +2.607536e-04  +9.845066e-05  +2.360160e-04  +2.508629e-04  +3.893353e-04  +2.316524e-04  +4.959134e-04  +2.390718e-04  +2.124020e-04  +2.908432e-04  +3.203580e-04  +1.792216e-04  +1.542353e-06  +2.684784e-18  +9.164343e-37  +8.794282e-65  +1.172241e-103 
+3.440670e-240  +3.852199e-176  +3.096261e-122  +3.118351e-78  +8.266225e-45  +3.340045e-22  +2.362521e-09  +3.024538e-05  +2.332145e-04  +1.574529e-04  +5.124093e-04  +3.079497e-04  +2.369938e-05  +3.348630e-04  +2.378939e-04  +1.913703e-04  +4.430942e-04  +1.706802e-04  +1.620779e-04  +1.587873e-04  +2.620319e-04  +1.101185e-04  +2.122434e-04  +1.644916e-04  +3.559317e-04  +2.652043e-04  +1.908152e-04  +6.304566e-05  +2.549154e-11  +1.761650e-28  +1.690856e-56  +1.318343e-93 
+1.049609e-227  +6.828557e-164  +6.304941e-111  +8.654043e-69  +2.065566e-37  +1.335309e-16  +3.120574e-06  +1.262351e-05  +1.956772e-06  +9.450880e-05  +8.053288e-05  +4.076915e-04  +3.570963e-04  +4.419220e-04  +3.187028e-04  +3.420027e-04  +2.189912e-04  +2.656571e-05  +1.448968e-04  +1.659043e-04  +1.227021e-04  +3.509714e-05  +2.414859e-04  +2.414853e-04  +2.132777e-04  +1.531613e-04  +1.396081e-04  +5.990088e-05  +5.606726e-12  +1.057706e-22  +3.083021e-44  +1.248033e-76 
+7.093721e-214  +1.456288e-155  +4.450798e-108  +3.729448e-67  +6.579111e-36  +1.788371e-15  +1.240184e-05  +3.314648e-04  +1.841369e-04  +2.686188e-04  +2.208604e-04  +3.099598e-04  +2.174762e-04  +2.184174e-05  +7.322063e-05  +1.148290e-04  +1.688681e-04  +8.296582e-06  +4.265633e-05  +1.749091e-07  +3.804729e-06  +1.604966e-04  +1.266214e-04  +1.728953e-04  +3.240381e-04  +1.970475e-04  +3.041056e-04  +4.491709e-04  +6.761967e-06  +1.414785e-16  +4.123830e-38  +1.669361e-70 
+2.295013e-197  +4.711487e-139  +1.343287e-91  +5.318851e-55  +2.924857e-29  +2.233723e-14  +1.133877e-09  +2.326203e-05  +1.440885e-04  +9.461974e-05  +1.046720e-04  +2.101316e-04  +1.825210e-04  +2.664405e-04  +1.325226e-04  +6.708180e-05  +1.542828e-10  +2.057122e-13  +2.308158e-13  +2.621791e-16  +2.349838e-11  +3.523172e-07  +2.254648e-06  +3.069590e-07  +5.429612e-08  +8.293952e-06  +4.206243e-05  +8.479007e-05  +4.708373e-08  +3.500739e-21  +7.662937e-43  +3.101077e-75 
+1.032066e-191  +2.118997e-133  +6.042237e-86  +2.392824e-49  +1.316043e-23  +1.005260e-08  +1.133687e-04  +2.657057e-04  +1.265933e-04  +1.149111e-04  +2.841701e-04  +2.429644e-04  +1.388115e-04  +8.164001e-05  +5.371243e-06  +5.773938e-05  +1.306097e-10  +4.115178e-27  +2.155063e-32  +2.137977e-35  +1.135337e-26  +1.662839e-18  +8.081519e-17  +5.992616e-20  +2.135527e-21  +7.643383e-14  +3.911932e-12  +1.061519e-12  +4.392622e-16  +8.374129e-30  +2.239716e-54  +9.119763e-90 
+1.751843e-192  +4.077275e-134  +1.317943e-86  +5.917849e-50  +3.696841e-24  +3.249106e-09  +5.707164e-05  +6.939272e-05  +1.572973e-04  +1.512567e-04  +9.111600e-05  +2.579685e-04  +1.599425e-04  +1.986352e-04  +3.900418e-08  +3.462478e-13  +7.857030e-19  +2.476119e-35  +3.955012e-62  +5.666710e-65  +3.323550e-51  +6.949280e-40  +4.075421e-38  +1.640652e-43  +1.412196e-42  +1.000431e-32  +1.709754e-29  +2.725559e-30  +5.888961e-35  +1.130405e-48  +3.023558e-73  +1.123244e-108 
+1.700824e-198  +2.944013e-139  +7.093757e-91  +2.383579e-53  +1.186174e-26  +1.692358e-10  +1.897768e-04  +1.721431e-04  +2.602440e-04  +1.956928e-04  +2.250855e-04  +4.573353e-04  +1.052910e-04  +2.526322e-04  +1.766393e-07  +2.972337e-19  +6.578330e-38  +2.072922e-54  +9.072646e-82  +2.636052e-102  +1.695531e-84  +4.841430e-72  +2.854422e-70  +6.477618e-78  +2.564937e-72  +1.818566e-62  +1.051194e-57  +1.646781e-58  +1.101611e-64  +2.119405e-78  +5.669192e-103  +2.106093e-138 
+3.069975e-209  +7.007541e-150  +8.339266e-101  +3.935661e-62  +2.977835e-34  +8.078747e-17  +6.786581e-07  +9.255943e-05  +1.550726e-04  +6.728198e-09  +3.174882e-09  +1.500124e-04  +1.923666e-04  +1.020744e-08  +3.032870e-15  +2.183213e-29  +5.099962e-52  +2.575875e-84  +1.054832e-111  +2.583443e-149  +1.122871e-127  +4.708673e-115  +2.776531e-113  +2.603923e-122  +6.475215e-113  +4.591765e-103  +8.976700e-97  +1.405585e-97  +2.866665e-105  +5.518837e-119  +1.476259e-143  +5.484272e-179 
+3.578287e-228  +1.017081e-167  +4.022285e-118  +2.355299e-79  +1.038431e-48  +1.023833e-27  +1.792994e-12  +7.165252e-05  +8.141234e-05  +6.203076e-06  +3.163654e-14  +2.616722e-06  +1.390837e-04  +8.882354e-05  +9.451098e-12  +9.781742e-25  +2.251054e-46  +7.195840e-79  +1.804367e-118  +4.692317e-165  +1.498619e-181  +6.360910e-169  +3.750808e-167  +3.074051e-176  +2.270229e-164  +1.619050e-154  +1.064607e-146  +1.666954e-147  +1.039955e-156  +1.995834e-170  +5.338777e-195  +1.983346e-230 
+2.819498e-256  +8.051974e-196  +8.559239e-145  +4.217110e-102  +1.081462e-66  +2.239848e-37  +6.444420e-19  +5.497576e-11  +1.580478e-07  +3.311552e-11  +3.799058e-21  +3.205303e-09  +1.500563e-04  +9.406034e-05  +3.527022e-06  +5.842858e-17  +2.140622e-35  +2.884736e-60  +5.402659e-96  +1.405229e-142  +5.076032e-200  +1.193382e-233  +7.036960e-232  +5.762762e-241  +1.105409e-226  +9.392686e-217  +1.753477e-207  +2.745580e-208  +5.801533e-219  +1.002399e-232  +2.681385e-257  +9.961294e-293 
+6.476690e-295  +8.980589e-231  +3.401367e-175  +3.617929e-124  +5.396963e-84  +1.118090e-54  +3.221553e-36  +1.797951e-24  +9.717472e-21  +3.544036e-27  +4.824364e-32  +2.963553e-15  +8.000993e-08  +1.876262e-05  +1.314942e-05  +9.199537e-10  +8.896948e-24  +1.199786e-48  +2.247011e-84  +5.844463e-131  +2.111164e-188  +1.059101e-256  +1.833510e-307  +1.501652e-316  +7.475057e-300  +4.087549e-289  +4.010963e-279  +6.280333e-280  +1.728710e-291  +6.991910e-306  +0.000000e+00  +0.000000e+00 
+0.000000e+00  +3.019197e-265  +2.335097e-203  +2.508167e-152  +3.741501e-112  +7.751290e-83  +4.169463e-63  +1.535941e-48  +8.301961e-45  +6.267030e-52  +3.593207e-47  +7.786162e-29  +3.503064e-21  +9.420150e-11  +9.763617e-06  +5.293112e-09  +5.138967e-23  +6.930096e-48  +1.297898e-83  +3.375827e-130  +1.219432e-187  +6.117484e-256  +0.000000e+00  +0.000000e+00  +0.000000e+00  +0.000000e+00  +0.000000e+00  +0.000000e+00  +0.000000e+00  +0.000000e+00  +0.000000e+00  +0.000000e+00 
+0.000000e+00  +2.906871e-304  +2.248222e-242  +2.414853e-191  +3.602302e-151  +7.629984e-122  +4.682456e-98  +1.822384e-83  +9.850227e-80  +7.394248e-87  +1.461939e-71  +3.183301e-53  +1.464465e-37  +2.628765e-22  +6.133097e-16  +4.245470e-19  +4.122392e-33  +5.559206e-58  +1.041152e-93  +2.708031e-140  +9.782075e-198  +4.907342e-266  +0.000000e+00  +0.000000e+00  +0.000000e+00  +0.000000e+00  +0.000000e+00  +0.000000e+00  +0.000000e+00  +0.000000e+00  +0.000000e+00  +0.000000e+00 
+0.000000e+00  +0.000000e+00  +3.006156e-292  +3.228962e-241  +4.816867e-201  +2.763224e-169  +7.715699e-144  +3.002918e-129  +1.623117e-125  +1.218941e-132  +8.300947e-107  +4.455067e-86  +5.533497e-60  +2.312635e-44  +6.767043e-37  +4.729718e-40  +4.592622e-54  +6.193330e-79  +1.159914e-114  +3.016929e-161  +1.089789e-218  +5.467109e-287  +0.000000e+00  +0.000000e+00  +0.000000e+00  +0.000000e+00  +0.000000e+00  +0.000000e+00  +0.000000e+00  +0.000000e+00  +0.000000e+00  +0.000000e+00 
+0.000000e+00  +0.000000e+00  +0.000000e+00  +5.996159e-302  +1.206707e-261  +6.300667e-226  +1.765699e-200  +6.872029e-186  +3.714422e-182  +4.174973e-182  +6.548429e-153  +2.351490e-119  +3.024183e-93  +2.130952e-76  +1.046652e-68  +7.317868e-72  +7.105753e-86  +9.582385e-111  +1.794631e-146  +4.667824e-193  +1.686133e-250  +8.458750e-319  +0.000000e+00  +0.000000e+00  +0.000000e+00  +0.000000e+00  +0.000000e+00  +0.000000e+00  +0.000000e+00  +0.000000e+00  +0.000000e+00  +0.000000e+00 
+0.000000e+00  +0.000000e+00  +0.000000e+00  +0.000000e+00  +0.000000e+00  +2.002469e-293  +5.611722e-268  +2.184059e-253  +1.180513e-249  +4.572232e-239  +1.928614e-200  +1.752582e-163  +3.442946e-137  +4.471066e-119  +2.248974e-111  +1.572432e-114  +1.526854e-128  +2.059022e-153  +3.856226e-189  +1.003002e-235  +3.623091e-293  +0.000000e+00  +0.000000e+00  +0.000000e+00  +0.000000e+00  +0.000000e+00  +0.000000e+00  +0.000000e+00  +0.000000e+00  +0.000000e+00  +0.000000e+00  +0.000000e+00 
