+0.000000e+00  +0.000000e+00  +0.000000e+00  +0.000000e+00  +0.000000e+00  +0.000000e+00  +8.865955e-274  +1.667097e-218  +4.353458e-174  +1.578867e-140  +7.952339e-118  +5.562655e-106  +5.403900e-105  +7.290720e-115  +1.366065e-135  +3.554795e-167  +9.062807e-209  +2.557472e-256  +1.167840e-314  +0.000000e+00  +0.000000e+00  +0.000000e+00  +0.000000e+00  +0.000000e+00  +0.000000e+00  +0.000000e+00  +0.000000e+00  +0.000000e+00  +0.000000e+00  +0.000000e+00  +0.000000e+00  +0.000000e+00 
+0.000000e+00  +0.000000e+00  +0.000000e+00  +0.000000e+00  +0.000000e+00  +7.327725e-299  +9.921255e-233  +1.865529e-177  +4.871642e-133  +1.766797e-99  +8.898893e-77  +6.224768e-65  +6.047117e-64  +8.158522e-74  +1.528669e-94  +9.265465e-126  +1.251856e-162  +4.116125e-210  +1.879581e-268  +0.000000e+00  +0.000000e+00  +0.000000e+00  +0.000000e+00  +0.000000e+00  +0.000000e+00  +0.000000e+00  +0.000000e+00  +0.000000e+00  +0.000000e+00  +0.000000e+00  +0.000000e+00  +0.000000e+00 
+0.000000e+00  +0.000000e+00  +0.000000e+00  +0.000000e+00  +0.000000e+00  +1.138802e-268  +1.541863e-202  +2.899219e-147  +7.571021e-103  +2.745780e-69  +1.382977e-46  +9.673914e-35  +9.397826e-34  +1.267917e-43  +3.068989e-64  +1.181885e-90  +2.798141e-127  +9.200347e-175  +4.201232e-233  +2.671402e-302  +0.000000e+00  +0.000000e+00  +0.000000e+00  +0.000000e+00  +0.000000e+00  +0.000000e+00  +0.000000e+00  +0.000000e+00  +0.000000e+00  +0.000000e+00  +0.000000e+00  +0.000000e+00 
+0.000000e+00  +0.000000e+00  +0.000000e+00  +0.000000e+00  +5.697564e-315  +2.457905e-249  +3.327842e-183  +6.257460e-128  +1.634073e-83  +5.926288e-50  +2.984915e-27  +2.087946e-15  +2.028357e-14  +2.911902e-24  +2.152179e-40  +3.668823e-66  +8.686071e-103  +2.916960e-150  +4.925521e-205  +7.760983e-267  +2.905860e-297  +2.169420e-316  +0.000000e+00  +0.000000e+00  +0.000000e+00  +0.000000e+00  +0.000000e+00  +0.000000e+00  +0.000000e+00  +0.000000e+00  +0.000000e+00  +0.000000e+00 
+0.000000e+00  +0.000000e+00  +0.000000e+00  +0.000000e+00  +6.443930e-264  +9.036773e-210  +1.760005e-166  +1.875655e-119  +4.898085e-75  +1.776387e-41  +8.947196e-19  +6.258556e-07  +6.165458e-06  +7.559380e-12  +9.278123e-27  +1.852990e-52  +1.094126e-84  +2.096743e-125  +4.862506e-175  +6.862017e-216  +3.688780e-224  +2.753923e-243  +2.855345e-273  +1.729070e-300  +2.590264e-314  +0.000000e+00  +0.000000e+00  +0.000000e+00  +0.000000e+00  +0.000000e+00  +0.000000e+00  +0.000000e+00 
+0.000000e+00  +0.000000e+00  +0.000000e+00  +1.002369e-288  +1.012163e-223  +1.419427e-169  +2.764480e-126  +7.477422e-94  +2.808869e-72  +7.394870e-44  +3.724602e-21  +2.644837e-09  +7.276899e-05  +1.096881e-08  +1.293203e-18  +3.150103e-38  +3.413955e-66  +3.746135e-102  +1.443399e-141  +1.209756e-153  +6.503226e-162  +4.855096e-181  +5.040206e-211  +3.158071e-228  +1.231773e-238  +3.435903e-256  +1.331033e-284  +4.940656e-324  +0.000000e+00  +0.000000e+00  +0.000000e+00  +0.000000e+00 
+0.000000e+00  +0.000000e+00  +0.000000e+00  +3.622139e-259  +2.223787e-194  +3.096596e-140  +6.030472e-97  +1.631133e-64  +6.127253e-43  +3.196540e-32  +3.114898e-29  +1.640678e-12  +3.506609e-05  +3.180382e-05  +1.247958e-11  +1.646893e-27  +7.012258e-49  +1.201517e-77  +1.019811e-97  +2.961979e-102  +1.592256e-110  +1.188726e-129  +1.598982e-152  +1.205783e-166  +8.134962e-174  +2.269163e-191  +8.790502e-220  +4.729331e-259  +3.533652e-309  +0.000000e+00  +0.000000e+00  +0.000000e+00 
+0.000000e+00  +0.000000e+00  +8.920379e-310  +7.088984e-236  +7.830431e-173  +1.292992e-120  +2.082218e-78  +4.949116e-46  +1.856302e-24  +9.684023e-14  +3.860503e-13  +4.292693e-11  +4.876564e-07  +1.811808e-04  +7.718390e-07  +2.648399e-17  +4.263471e-33  +8.913659e-47  +3.666132e-64  +1.007173e-61  +5.414208e-70  +4.042070e-89  +5.631769e-102  +3.717712e-113  +7.461364e-120  +2.081270e-137  +8.062624e-166  +4.337732e-205  +3.893822e-255  +1.803611e-311  +0.000000e+00  +0.000000e+00 
+0.000000e+00  +0.000000e+00  +6.117541e-297  +4.861537e-223  +5.365475e-160  +8.223959e-108  +1.750694e-66  +5.196141e-36  +2.905846e-16  +4.195633e-06  +6.619015e-05  +8.284689e-05  +1.551705e-07  +1.074226e-04  +5.084137e-05  +3.315848e-09  +7.571425e-16  +1.193891e-24  +1.249792e-34  +4.756242e-32  +2.556789e-40  +9.557681e-59  +2.754773e-62  +4.732024e-70  +9.504273e-77  +2.651118e-94  +1.027017e-122  +7.744199e-162  +4.414304e-207  +1.219649e-262  +0.000000e+00  +0.000000e+00 
+0.000000e+00  +0.000000e+00  +7.299943e-285  +1.010495e-213  +1.946666e-153  +5.286260e-104  +1.860838e-64  +4.930145e-34  +2.023784e-14  +1.170156e-05  +8.188542e-05  +6.918462e-05  +2.248097e-04  +2.322276e-04  +2.314142e-04  +1.351552e-04  +2.888896e-06  +5.714230e-13  +1.611293e-15  +3.119334e-13  +1.676887e-21  +5.246219e-30  +1.871470e-33  +8.371155e-38  +1.681348e-44  +4.689958e-62  +3.271480e-90  +2.083817e-124  +4.145683e-169  +1.145441e-224  +5.421842e-291  +0.000000e+00 
+0.000000e+00  +0.000000e+00  +1.056615e-266  +2.779882e-198  +1.016322e-140  +6.771709e-94  +6.046408e-56  +3.101322e-28  +2.222678e-11  +3.508603e-05  +1.023945e-04  +3.336673e-04  +3.629720e-04  +3.334488e-04  +3.364194e-04  +3.879884e-05  +8.839280e-05  +3.090265e-07  +8.125468e-06  +2.843081e-05  +2.721610e-11  +5.393208e-12  +1.766514e-15  +2.056666e-16  +4.130826e-23  +2.991617e-40  +1.897290e-63  +2.717899e-97  +5.420086e-142  +2.504214e-192  +6.754910e-251  +2.530604e-320 
+0.000000e+00  +2.727440e-312  +1.625577e-251  +6.463539e-186  +1.344094e-130  +5.027164e-84  +3.540893e-48  +3.465562e-23  +4.716077e-09  +1.066071e-04  +4.070578e-04  +1.557608e-04  +9.532935e-05  +1.671085e-04  +2.500717e-04  +3.144300e-04  +5.779363e-05  +2.164726e-04  +1.155808e-04  +3.567973e-04  +8.354854e-05  +1.264923e-04  +2.911159e-07  +7.073433e-06  +5.898610e-12  +3.331913e-24  +3.437004e-47  +8.429697e-78  +1.178231e-114  +2.288459e-162  +6.172968e-221  +2.312506e-290 
+1.734170e-321  +1.439317e-259  +1.488587e-207  +2.138125e-166  +8.314103e-119  +6.349395e-75  +6.734276e-42  +9.923376e-20  +2.256713e-08  +2.102199e-04  +4.714921e-05  +2.783221e-04  +1.618465e-04  +2.295520e-04  +1.447831e-04  +2.084423e-05  +1.926354e-04  +3.587240e-04  +1.064416e-04  +2.854186e-04  +2.097731e-04  +2.973988e-04  +7.809156e-05  +1.587919e-04  +1.354095e-06  +2.248912e-17  +1.061773e-32  +1.069222e-58  +1.495350e-95  +2.904395e-143  +7.834413e-202  +2.934913e-271 
+4.108562e-272  +2.635755e-215  +1.091197e-165  +1.567000e-124  +3.125892e-94  +5.666750e-73  +6.436267e-40  +1.037222e-17  +2.473774e-06  +2.652500e-05  +1.101248e-05  +2.015986e-04  +1.933063e-04  +1.073640e-04  +2.762971e-04  +6.250410e-04  +2.376102e-04  +3.005230e-04  +2.234611e-04  +1.620537e-04  +2.827140e-04  +1.922882e-04  +2.195688e-04  +2.976308e-05  +5.477015e-05  +2.580967e-09  +1.871463e-24  +1.884596e-50  +2.635683e-87  +5.119246e-135  +1.380883e-193  +5.173037e-263 
+1.520664e-233  +9.716435e-177  +8.623318e-131  +1.605561e-93  +3.181564e-63  +8.845982e-44  +2.586640e-34  +8.875503e-21  +8.506384e-08  +1.181859e-04  +1.362379e-04  +2.615905e-04  +1.323085e-04  +3.374316e-04  +2.828400e-04  +2.994200e-04  +1.796071e-04  +1.453188e-04  +2.101636e-04  +1.385497e-04  +2.474080e-04  +3.116289e-04  +2.378151e-04  +1.999845e-04  +5.932656e-05  +7.007534e-12  +4.581209e-27  +4.613245e-53  +6.451808e-90  +1.253125e-137  +3.380273e-196  +9.940373e-265 
+7.816544e-206  +4.994458e-149  +4.432002e-103  +5.461994e-68  +5.432144e-43  +1.246385e-23  +8.136688e-15  +6.238625e-13  +2.356651e-08  +1.258091e-04  +6.045133e-05  +6.173802e-05  +2.141825e-04  +3.812121e-04  +5.347050e-04  +9.056448e-05  +3.031643e-04  +4.696012e-04  +4.916914e-04  +3.922012e-04  +2.590833e-04  +1.837114e-04  +2.839204e-04  +3.320929e-04  +2.372311e-05  +1.402963e-14  +1.572380e-30  +6.453065e-51  +3.999651e-82  +3.442843e-124  +2.167615e-174  +5.246108e-219 
+5.580000e-189  +3.565396e-132  +3.163875e-86  +3.899140e-51  +6.673548e-27  +1.836202e-13  +1.010235e-05  +2.574121e-05  +1.748287e-06  +1.081454e-04  +2.406780e-04  +2.862318e-04  +4.199996e-04  +1.540234e-04  +5.094309e-04  +1.459106e-04  +3.337537e-04  +9.919260e-05  +1.879651e-04  +9.167310e-05  +2.703752e-04  +2.544929e-04  +5.266125e-04  +3.767448e-04  +2.631673e-04  +5.018179e-08  +1.591504e-17  +7.085943e-38  +4.394821e-69  +1.111486e-99  +1.940647e-133  +4.705733e-178 
+2.117749e-178  +4.191696e-126  +3.136730e-80  +3.865683e-45  +6.616279e-21  +1.573780e-07  +1.836748e-04  +1.088342e-04  +1.316919e-04  +2.007600e-04  +3.795846e-04  +2.147558e-04  +3.430644e-04  +1.576051e-04  +1.485618e-04  +2.298033e-04  +4.057564e-05  +1.332774e-04  +1.121762e-04  +2.084076e-04  +3.539182e-04  +1.074399e-04  +1.658187e-04  +1.032540e-04  +3.923143e-04  +4.491815e-05  +1.339617e-13  +2.567438e-31  +1.101355e-46  +1.384624e-69  +2.417737e-103  +6.129601e-148 
+1.011627e-160  +3.137994e-109  +1.351829e-68  +8.087776e-39  +6.720091e-20  +9.920564e-12  +5.008533e-07  +4.040072e-05  +1.247092e-04  +9.985277e-05  +2.744216e-04  +3.272016e-04  +3.725417e-04  +3.714555e-04  +1.650860e-04  +1.036558e-04  +2.991216e-05  +3.618575e-09  +9.879640e-09  +1.988305e-06  +2.558134e-05  +1.453063e-04  +4.853867e-04  +8.435674e-05  +3.399294e-04  +1.271434e-04  +1.554180e-09  +2.104876e-15  +1.905556e-27  +2.485755e-50  +9.456769e-83  +1.257298e-124 
+6.711442e-154  +2.081842e-102  +8.968489e-62  +5.365873e-32  +4.459421e-13  +5.153649e-05  +8.233493e-05  +1.944217e-04  +1.687559e-04  +3.654213e-04  +3.595428e-04  +2.306309e-04  +3.891780e-04  +1.822258e-04  +7.823515e-05  +2.133452e-05  +3.869052e-07  +4.767536e-17  +3.007962e-22  +6.556289e-14  +1.148704e-05  +1.425804e-04  +2.562928e-04  +1.635557e-04  +2.216690e-04  +8.262603e-06  +1.655696e-05  +5.214820e-07  +8.626585e-18  +5.891535e-38  +5.900030e-69  +8.206541e-111 
+7.227299e-158  +4.117116e-106  +7.261317e-65  +2.664692e-34  +1.480223e-14  +1.161801e-05  +1.087751e-04  +1.076545e-04  +3.287833e-04  +2.441160e-04  +2.910731e-04  +2.413624e-04  +2.658528e-04  +3.353146e-04  +5.534645e-05  +1.811297e-12  +1.283755e-16  +2.403248e-28  +2.919295e-30  +4.264227e-12  +8.921892e-05  +1.234574e-04  +2.219729e-04  +2.257627e-04  +2.083154e-04  +1.782511e-04  +1.107897e-04  +1.570357e-05  +7.407040e-15  +5.340492e-35  +5.348711e-66  +7.439695e-108 
+1.917750e-167  +4.144197e-115  +7.488909e-73  +5.327479e-40  +6.238911e-18  +1.015729e-06  +9.572083e-06  +2.620431e-05  +1.396897e-04  +3.309762e-05  +1.428780e-04  +2.516973e-04  +6.650304e-05  +2.286738e-04  +3.876844e-07  +9.399970e-18  +6.602127e-37  +1.201518e-48  +5.663755e-35  +8.248348e-17  +1.689142e-09  +7.155452e-08  +1.625522e-05  +2.669793e-06  +8.945461e-05  +1.481843e-04  +1.662678e-05  +8.479411e-10  +9.968287e-23  +6.724660e-43  +6.734141e-74  +9.366732e-116 
+2.618047e-180  +1.145620e-125  +6.962119e-82  +5.875981e-49  +6.887431e-27  +1.418444e-15  +2.587431e-07  +2.679235e-06  +1.353973e-04  +1.542053e-04  +8.665276e-07  +2.045335e-04  +8.971376e-05  +1.598686e-06  +1.119693e-13  +8.864094e-28  +3.937255e-50  +2.296729e-79  +1.527006e-50  +2.223838e-32  +4.539315e-25  +3.112912e-21  +6.722845e-15  +4.469193e-14  +8.186178e-12  +7.808781e-11  +3.081130e-12  +9.058070e-20  +8.444818e-35  +1.215441e-60  +1.177590e-92  +1.637793e-134 
+4.013893e-200  +1.756422e-145  +1.067407e-101  +9.008839e-69  +1.082879e-46  +1.683394e-28  +1.465596e-19  +4.943314e-17  +4.690222e-10  +9.490845e-08  +3.007141e-07  +1.352919e-04  +1.174235e-04  +2.357052e-07  +3.258508e-19  +6.275826e-42  +1.742823e-69  +3.678400e-104  +5.717617e-77  +8.326787e-59  +1.702703e-51  +1.444769e-42  +1.834831e-34  +1.044866e-31  +2.001137e-29  +6.337555e-28  +4.120703e-29  +3.315046e-40  +1.261234e-55  +1.633271e-81  +2.937664e-118  +4.050665e-164 
+8.546578e-231  +3.739860e-176  +2.272774e-132  +1.922909e-99  +2.117387e-71  +1.323900e-51  +1.152960e-42  +6.786031e-35  +1.272761e-23  +5.684488e-21  +3.180469e-13  +1.876682e-05  +2.651128e-05  +5.093065e-06  +9.347641e-16  +8.738951e-32  +2.298826e-51  +8.407707e-82  +2.973221e-114  +4.330017e-96  +1.037811e-88  +3.304007e-74  +8.914494e-65  +3.832869e-60  +7.333755e-58  +7.649424e-56  +7.657064e-57  +3.646893e-68  +2.618428e-87  +3.387686e-113  +6.092616e-150  +1.521747e-197 
+2.527299e-272  +1.105910e-217  +6.722380e-174  +5.136820e-136  +2.312635e-105  +1.445981e-85  +1.260249e-76  +3.451318e-61  +1.058261e-47  +1.086006e-39  +3.192218e-19  +1.455203e-09  +3.883928e-07  +4.812310e-05  +9.585514e-09  +1.816607e-17  +4.784038e-37  +1.749710e-67  +8.887419e-109  +3.127085e-144  +7.668119e-134  +1.816836e-116  +6.093073e-106  +1.956476e-99  +3.760344e-97  +1.376252e-94  +1.976023e-95  +9.410672e-107  +6.977843e-129  +9.758569e-156  +1.755038e-192  +4.383542e-240 
+0.000000e+00  +4.541840e-270  +2.403838e-222  +7.791748e-181  +3.507942e-150  +2.193350e-130  +2.516218e-119  +3.800746e-96  +1.237382e-82  +1.142582e-54  +3.364457e-34  +3.262382e-23  +1.327314e-10  +6.167649e-05  +2.771138e-05  +5.250342e-14  +1.382678e-33  +5.056997e-64  +2.568634e-105  +1.811965e-157  +3.226492e-187  +8.407431e-169  +5.787281e-158  +1.387015e-149  +2.690319e-147  +3.711491e-144  +7.082072e-145  +3.372792e-156  +2.230815e-178  +3.924462e-209  +7.021134e-246  +1.753662e-293 
+0.000000e+00  +0.000000e+00  +5.063358e-278  +1.641414e-236  +7.389852e-206  +4.620525e-186  +2.639890e-166  +6.167226e-142  +7.887883e-112  +1.671439e-80  +5.466197e-60  +2.017378e-37  +1.389575e-19  +3.811966e-12  +1.112810e-12  +2.107425e-21  +5.549906e-41  +2.029819e-71  +1.031019e-112  +7.273010e-165  +7.125242e-228  +1.056694e-231  +7.644139e-221  +1.365609e-210  +2.704774e-208  +1.498997e-204  +3.525063e-205  +1.678790e-216  +1.110362e-238  +1.041621e-271  +3.900923e-310  +0.000000e+00 
+0.000000e+00  +0.000000e+00  +0.000000e+00  +4.802192e-303  +2.162007e-272  +1.351808e-252  +5.931230e-223  +1.050291e-190  +1.602508e-148  +3.397572e-117  +4.525192e-85  +6.061200e-56  +1.194720e-37  +3.275020e-30  +6.207684e-31  +1.174775e-39  +3.093771e-59  +1.131513e-89  +5.747370e-131  +4.054307e-183  +3.971934e-246  +1.931532e-305  +1.538484e-294  +1.867281e-282  +3.899593e-280  +8.978535e-276  +2.436753e-276  +1.160490e-287  +7.675547e-310  +0.000000e+00  +0.000000e+00  +0.000000e+00 
+0.000000e+00  +0.000000e+00  +0.000000e+00  +0.000000e+00  +0.000000e+00  +0.000000e+00  +2.126857e-290  +2.963379e-238  +4.521466e-196  +4.999356e-154  +5.099383e-114  +7.237481e-85  +1.426577e-66  +3.908692e-59  +4.811068e-60  +9.094837e-69  +2.395127e-88  +8.759919e-119  +4.449483e-160  +3.138752e-212  +3.074981e-275  +0.000000e+00  +0.000000e+00  +0.000000e+00  +0.000000e+00  +0.000000e+00  +0.000000e+00  +0.000000e+00  +0.000000e+00  +0.000000e+00  +0.000000e+00  +0.000000e+00 
+0.000000e+00  +0.000000e+00  +0.000000e+00  +0.000000e+00  +0.000000e+00  +0.000000e+00  +0.000000e+00  +1.161189e-296  +1.124567e-244  +8.274711e-194  +8.456384e-154  +1.200203e-124  +2.365714e-106  +6.479794e-99  +5.181389e-100  +9.778523e-109  +2.575176e-128  +9.418428e-159  +4.783964e-200  +3.374702e-252  +3.306137e-315  +0.000000e+00  +0.000000e+00  +0.000000e+00  +0.000000e+00  +0.000000e+00  +0.000000e+00  +0.000000e+00  +0.000000e+00  +0.000000e+00  +0.000000e+00  +0.000000e+00 
+0.000000e+00  +0.000000e+00  +0.000000e+00  +0.000000e+00  +0.000000e+00  +0.000000e+00  +0.000000e+00  +0.000000e+00  +2.589787e-295  +1.905715e-244  +1.947555e-204  +2.764137e-175  +5.448379e-157  +1.492029e-149  +7.756759e-151  +1.460124e-159  +3.845238e-179  +1.406354e-209  +7.143388e-251  +5.039085e-303  +0.000000e+00  +0.000000e+00  +0.000000e+00  +0.000000e+00  +0.000000e+00  +0.000000e+00  +0.000000e+00  +0.000000e+00  +0.000000e+00  +0.000000e+00  +0.000000e+00  +0.000000e+00 
