+0.000000e+00  +0.000000e+00  +0.000000e+00  +0.000000e+00  +0.000000e+00  +0.000000e+00  +0.000000e+00  +0.000000e+00  +0.000000e+00  +0.000000e+00  +0.000000e+00  +0.000000e+00  +0.000000e+00  +0.000000e+00  +0.000000e+00  +0.000000e+00  +0.000000e+00  +6.422853e-323  +7.767398e-309  +6.364475e-290  +1.867503e-269  +7.610233e-260  +4.306981e-261  +1.125107e-268  +2.561808e-274  +8.111881e-291  +3.567258e-318  +0.000000e+00  +0.000000e+00  +0.000000e+00  +0.000000e+00  +0.000000e+00 
+0.000000e+00  +0.000000e+00  +0.000000e+00  +0.000000e+00  +0.000000e+00  +0.000000e+00  +0.000000e+00  +0.000000e+00  +0.000000e+00  +0.000000e+00  +0.000000e+00  +0.000000e+00  +0.000000e+00  +3.128257e-316  +3.278248e-282  +4.771107e-259  +9.643495e-247  +2.719244e-245  +6.699325e-234  +5.071240e-221  +1.488033e-200  +6.063861e-191  +3.431857e-192  +2.220500e-198  +5.058734e-204  +1.601831e-220  +7.044168e-248  +4.302101e-286  +0.000000e+00  +0.000000e+00  +0.000000e+00  +0.000000e+00 
+0.000000e+00  +0.000000e+00  +0.000000e+00  +0.000000e+00  +0.000000e+00  +0.000000e+00  +0.000000e+00  +0.000000e+00  +0.000000e+00  +0.000000e+00  +0.000000e+00  +9.619670e-309  +4.843283e-292  +1.783432e-249  +1.868943e-215  +2.720028e-192  +5.497797e-180  +1.558548e-178  +8.024619e-170  +9.917536e-163  +1.646652e-142  +6.710246e-133  +3.798326e-134  +6.087668e-139  +1.387315e-144  +4.392887e-161  +1.931803e-188  +1.179815e-226  +1.000698e-275  +0.000000e+00  +0.000000e+00  +0.000000e+00 
+0.000000e+00  +0.000000e+00  +0.000000e+00  +0.000000e+00  +0.000000e+00  +0.000000e+00  +0.000000e+00  +7.540186e-306  +6.402022e-284  +7.549075e-273  +1.559656e-263  +5.626596e-236  +2.819042e-219  +1.412046e-193  +1.479750e-159  +2.153603e-136  +4.352922e-124  +1.248369e-122  +1.334922e-116  +7.162723e-110  +2.530632e-95  +1.031254e-85  +5.852201e-87  +2.318185e-90  +5.283798e-96  +1.673097e-112  +7.357565e-140  +4.493549e-178  +4.285634e-227  +6.693781e-284  +0.000000e+00  +0.000000e+00 
+0.000000e+00  +0.000000e+00  +0.000000e+00  +0.000000e+00  +2.031994e-310  +1.013227e-274  +7.047678e-250  +5.498417e-235  +3.084298e-213  +3.636913e-202  +1.862520e-201  +4.570559e-174  +2.289960e-157  +1.554263e-148  +1.627115e-114  +2.368077e-91  +4.786423e-79  +1.407288e-77  +3.084080e-74  +1.654805e-67  +5.401283e-59  +2.201054e-49  +1.296593e-50  +1.226094e-52  +2.794830e-58  +8.849736e-75  +3.892007e-102  +4.369812e-140  +2.024016e-185  +2.855781e-241  +7.529649e-307  +0.000000e+00 
+0.000000e+00  +0.000000e+00  +1.070243e-305  +1.548995e-282  +1.698587e-245  +8.469722e-210  +5.875530e-185  +9.575235e-171  +2.063638e-153  +2.433381e-142  +3.984966e-142  +5.156219e-123  +2.583453e-106  +1.800806e-100  +2.484772e-80  +3.616295e-57  +7.309356e-45  +2.264692e-43  +9.907589e-43  +5.309507e-36  +1.624621e-33  +6.524307e-24  +6.022903e-25  +9.006820e-26  +2.053064e-31  +6.504026e-48  +1.901034e-74  +1.181004e-108  +1.650629e-153  +1.358252e-205  +7.925066e-254  +1.547229e-297 
+2.204247e-314  +1.654031e-269  +1.723746e-235  +2.494828e-212  +1.971928e-191  +9.832666e-156  +6.813800e-131  +8.353339e-117  +1.917558e-104  +2.261128e-93  +3.702881e-93  +8.079686e-83  +4.048045e-66  +2.836671e-60  +5.269780e-57  +7.669550e-34  +1.550191e-21  +5.339661e-20  +1.007688e-21  +2.366016e-15  +2.288292e-17  +2.693321e-09  +1.753725e-09  +9.189627e-10  +2.101194e-15  +2.590928e-30  +1.344273e-53  +2.365480e-85  +5.346635e-126  +2.081236e-163  +1.951190e-196  +3.809656e-240 
+1.070057e-254  +3.699758e-210  +3.855688e-176  +5.580451e-153  +1.121695e-140  +1.585302e-112  +1.098116e-87  +1.170794e-73  +2.480831e-66  +2.917952e-55  +4.778513e-55  +1.801619e-53  +8.815053e-37  +6.304518e-31  +1.495568e-35  +2.258988e-21  +4.565929e-09  +1.918704e-07  +3.655875e-09  +1.510661e-05  +1.412947e-09  +1.128637e-04  +1.863048e-04  +1.332256e-04  +7.643428e-08  +2.399734e-19  +2.371230e-38  +1.203549e-65  +1.513855e-91  +4.745978e-117  +6.672310e-150  +1.302764e-193 
+1.133476e-201  +1.313437e-161  +1.197757e-127  +1.733548e-104  +3.484507e-92  +3.549852e-80  +2.458417e-55  +2.465831e-41  +5.754409e-37  +5.229626e-28  +8.564149e-28  +6.880364e-34  +2.841568e-18  +2.066044e-12  +1.331080e-16  +9.594720e-20  +2.485499e-07  +1.335611e-04  +3.948203e-06  +4.212606e-05  +1.070338e-05  +4.126184e-05  +8.649265e-06  +1.502321e-04  +5.713528e-05  +5.456284e-13  +1.188198e-25  +6.607823e-41  +2.226959e-59  +2.254562e-81  +3.170055e-114  +6.190602e-158 
+4.039694e-159  +4.481116e-120  +5.257449e-90  +7.478948e-67  +1.503301e-54  +4.197322e-53  +7.649697e-34  +7.476609e-20  +7.610211e-16  +1.307251e-11  +2.133230e-11  +6.681700e-15  +1.365471e-09  +1.266145e-04  +1.541495e-06  +5.331443e-12  +3.035398e-06  +4.541130e-05  +1.419982e-04  +1.076654e-05  +1.236959e-04  +2.609480e-05  +1.946427e-04  +1.700753e-06  +2.837546e-04  +9.893399e-07  +5.882703e-12  +2.027284e-23  +1.475949e-34  +1.497266e-56  +2.111270e-89  +4.139618e-133 
+2.849818e-125  +3.185847e-88  +3.423913e-60  +4.490610e-40  +9.007171e-28  +2.514385e-26  +3.728634e-20  +3.230796e-09  +1.555280e-05  +2.924075e-05  +1.110157e-05  +5.195103e-06  +8.992325e-10  +1.474335e-04  +3.155834e-04  +1.009145e-05  +4.300347e-04  +2.445356e-04  +1.983862e-04  +4.676659e-05  +4.085181e-04  +3.139305e-04  +1.091431e-04  +2.523188e-04  +1.706454e-04  +1.612758e-04  +1.467952e-06  +1.999039e-09  +1.503799e-20  +1.589248e-42  +2.367632e-75  +4.991564e-119 
+1.177612e-101  +6.194682e-65  +6.306110e-39  +5.093904e-22  +7.496896e-12  +2.092875e-10  +3.653654e-14  +3.384557e-05  +1.244803e-05  +1.750880e-05  +1.851672e-04  +2.226419e-04  +1.377085e-04  +2.327121e-05  +3.850325e-04  +1.621484e-04  +1.893245e-04  +1.987697e-04  +2.330874e-04  +1.338919e-04  +1.156389e-04  +7.253363e-05  +6.777072e-05  +2.872496e-04  +2.756208e-04  +9.633267e-05  +2.195886e-04  +6.869994e-06  +6.381079e-17  +8.429284e-39  +1.577350e-71  +4.164817e-115 
+6.965383e-89  +3.565094e-52  +2.601668e-26  +3.000553e-11  +1.543981e-05  +6.094455e-05  +3.321659e-07  +2.640356e-05  +5.904647e-05  +1.320538e-04  +8.761075e-05  +1.275624e-04  +1.606567e-04  +9.058982e-05  +1.180110e-04  +7.973106e-05  +1.156034e-04  +1.074828e-04  +2.637509e-04  +1.311998e-04  +1.656348e-04  +1.848119e-04  +2.673578e-05  +1.100579e-04  +2.736600e-04  +2.811434e-04  +1.034375e-04  +9.041281e-10  +1.949703e-23  +2.767009e-45  +5.492960e-78  +1.515841e-121 
+1.857297e-79  +5.851124e-45  +2.562030e-21  +1.766358e-08  +4.687937e-05  +3.029424e-06  +4.774109e-05  +5.987580e-06  +1.724190e-04  +3.668741e-05  +3.343699e-04  +1.959839e-04  +1.323500e-05  +2.391716e-04  +1.238335e-04  +1.042728e-04  +2.891913e-04  +1.346865e-04  +2.178755e-04  +6.089995e-05  +1.782240e-04  +3.019444e-04  +1.786363e-04  +5.976033e-05  +2.665914e-04  +1.123370e-04  +2.314449e-11  +8.874138e-17  +1.115740e-32  +1.949773e-59  +3.140862e-95  +8.556021e-139 
+6.704638e-79  +9.795682e-45  +5.883773e-21  +1.198927e-07  +6.569459e-05  +5.672672e-07  +1.099431e-04  +1.420718e-04  +1.194527e-05  +9.019603e-05  +8.386344e-05  +1.844578e-04  +1.513907e-04  +4.988631e-05  +3.315214e-08  +2.322186e-05  +2.778364e-04  +2.984169e-05  +1.025625e-04  +1.472822e-04  +1.047108e-04  +7.899749e-05  +8.603860e-05  +2.181856e-04  +3.466893e-04  +2.928151e-06  +8.075700e-13  +3.231479e-30  +1.524073e-50  +2.661219e-77  +6.453472e-115  +2.174097e-163 
+1.731668e-73  +3.048630e-40  +7.453882e-18  +2.531262e-06  +2.424930e-04  +6.767475e-06  +2.819341e-04  +3.689655e-05  +1.637050e-04  +1.742349e-04  +3.042928e-04  +1.547289e-04  +8.435609e-05  +2.696658e-05  +1.789496e-06  +3.368286e-05  +7.995495e-05  +3.881137e-04  +1.369017e-04  +1.029097e-04  +3.453574e-04  +7.996158e-05  +1.028301e-04  +1.628941e-04  +1.696926e-05  +1.485001e-14  +3.189258e-24  +1.300438e-41  +7.366854e-70  +5.054284e-106  +1.224261e-143  +4.123109e-192 
+1.039607e-78  +1.830245e-45  +4.483631e-23  +9.837472e-10  +2.334233e-04  +1.119916e-04  +2.770642e-04  +9.712074e-05  +1.935827e-04  +2.836676e-04  +3.444033e-04  +1.868321e-04  +2.254823e-04  +1.258274e-04  +3.190815e-05  +2.715911e-04  +4.876472e-05  +8.005680e-05  +1.051556e-04  +3.431460e-04  +2.386663e-04  +1.428778e-04  +8.540733e-06  +2.097919e-07  +4.931578e-09  +9.178484e-19  +2.372565e-39  +7.332404e-64  +4.154414e-92  +3.268982e-131  +3.604601e-181  +1.086284e-231 
+8.919386e-95  +1.350616e-58  +1.016065e-31  +3.233696e-15  +1.899035e-05  +1.715348e-04  +5.899280e-05  +1.277784e-04  +1.979899e-04  +4.471467e-05  +2.847386e-04  +2.279822e-04  +2.843566e-04  +3.057711e-04  +2.892747e-04  +2.465649e-04  +2.435691e-04  +3.166750e-04  +3.870248e-04  +3.805266e-04  +3.072263e-04  +2.677059e-04  +5.289782e-06  +5.095479e-17  +2.842108e-23  +5.287169e-33  +1.366689e-53  +4.906304e-85  +3.278390e-125  +2.560421e-164  +2.798032e-214  +4.246508e-275 
+2.713017e-93  +7.589264e-55  +2.948389e-27  +1.590783e-10  +1.216557e-04  +7.414660e-05  +2.824344e-05  +1.715775e-04  +3.636869e-04  +2.025061e-04  +2.567029e-04  +1.837476e-04  +3.131144e-04  +1.809324e-04  +4.060300e-04  +2.787308e-04  +4.630468e-04  +3.979485e-04  +2.951221e-04  +1.505338e-04  +1.829715e-04  +1.995385e-04  +3.684140e-05  +1.617111e-13  +3.649355e-27  +1.959283e-51  +1.093353e-78  +3.925047e-110  +1.956895e-152  +1.357750e-205  +3.043615e-258  +4.619217e-319 
+7.457988e-98  +2.086262e-59  +8.105236e-32  +4.678018e-15  +5.945631e-07  +1.092458e-04  +4.295792e-05  +1.294761e-04  +4.837708e-06  +2.584251e-06  +5.462746e-05  +2.344133e-04  +9.482238e-05  +2.596896e-04  +3.964992e-04  +4.601518e-04  +2.328696e-04  +3.384187e-04  +3.231038e-04  +4.750098e-04  +2.797612e-04  +2.138428e-04  +5.801752e-05  +1.439793e-07  +5.566003e-21  +2.988306e-45  +2.228150e-80  +2.307289e-126  +3.318182e-183  +1.505415e-241  +1.447621e-305  +0.000000e+00 
+2.847271e-113  +7.965609e-75  +3.883233e-47  +1.093693e-27  +4.854902e-17  +4.548988e-09  +1.006775e-05  +2.872687e-08  +3.893806e-16  +5.260949e-10  +7.815961e-07  +1.992319e-04  +8.699912e-05  +3.286710e-04  +1.639279e-04  +3.937454e-04  +4.302269e-04  +6.187861e-04  +2.842344e-04  +1.368229e-04  +1.874145e-04  +1.045940e-05  +1.263571e-04  +1.133750e-08  +1.785793e-23  +4.489389e-49  +5.883915e-85  +4.936103e-131  +7.031353e-188  +1.403795e-255  +0.000000e+00  +0.000000e+00 
+1.510190e-139  +8.158545e-101  +3.923845e-70  +6.194712e-50  +1.961410e-33  +2.052458e-20  +8.067158e-16  +3.787374e-18  +2.649219e-31  +3.360044e-24  +9.383915e-13  +6.317618e-07  +2.620244e-05  +3.124248e-04  +3.641704e-04  +4.905466e-04  +3.123190e-04  +2.560355e-04  +1.577967e-04  +4.432990e-05  +7.982840e-05  +6.462744e-05  +3.730861e-05  +1.652383e-12  +2.658401e-28  +5.760743e-54  +1.739179e-90  +7.292036e-138  +4.246109e-196  +3.433776e-265  +0.000000e+00  +0.000000e+00 
+4.898140e-176  +2.717545e-134  +2.710496e-103  +2.286170e-79  +2.154014e-56  +3.996883e-42  +1.391305e-36  +6.940858e-39  +4.844799e-52  +5.885588e-42  +3.097027e-25  +2.178620e-10  +2.993098e-05  +1.555970e-04  +1.216860e-04  +4.665198e-04  +1.511565e-04  +1.833090e-05  +1.338718e-04  +6.905555e-10  +3.506416e-06  +1.325123e-05  +9.637613e-07  +4.615776e-14  +3.092717e-32  +2.877886e-61  +3.719196e-101  +6.826325e-152  +8.975329e-212  +7.123737e-281  +0.000000e+00  +0.000000e+00 
+3.630895e-220  +2.605491e-178  +1.361265e-146  +4.463953e-114  +5.800781e-89  +1.089274e-74  +3.517599e-68  +1.766552e-70  +1.233073e-83  +2.030187e-62  +1.344329e-35  +1.237797e-19  +2.763045e-14  +2.711391e-10  +1.500972e-05  +2.903015e-06  +3.883858e-06  +1.473016e-05  +8.074455e-07  +5.217008e-16  +3.510147e-17  +1.950314e-15  +2.274885e-18  +4.857957e-26  +3.254985e-44  +3.028882e-73  +3.914296e-113  +7.025269e-164  +1.751097e-225  +6.061713e-298  +0.000000e+00  +0.000000e+00 
+4.835016e-275  +3.525965e-233  +2.102554e-193  +1.625342e-157  +2.178038e-132  +4.396760e-118  +1.242480e-110  +6.244210e-113  +3.354467e-120  +1.601362e-82  +1.061681e-55  +9.775445e-40  +9.197775e-33  +1.958658e-21  +1.782643e-15  +3.721002e-17  +2.396078e-17  +6.380645e-14  +6.389270e-15  +9.029231e-27  +5.236506e-39  +4.854011e-36  +3.191931e-39  +7.100975e-49  +4.757685e-67  +4.427200e-96  +5.721375e-136  +1.026856e-186  +2.559511e-248  +8.858597e-321  +0.000000e+00  +0.000000e+00 
+0.000000e+00  +3.760576e-294  +8.784126e-248  +8.475371e-212  +1.135755e-186  +3.798916e-172  +6.098821e-164  +3.065255e-166  +3.679164e-151  +1.756369e-113  +1.164448e-86  +1.072216e-70  +4.944273e-59  +3.231351e-42  +2.941856e-36  +7.537496e-39  +2.075453e-39  +7.081770e-33  +7.207493e-34  +1.019057e-45  +2.002151e-68  +1.688213e-67  +1.105699e-70  +1.451459e-82  +9.657849e-101  +8.986981e-130  +1.161409e-169  +2.084464e-220  +5.195671e-282  +0.000000e+00  +0.000000e+00  +0.000000e+00 
+0.000000e+00  +0.000000e+00  +6.361041e-313  +6.137814e-277  +8.225465e-252  +1.301973e-236  +4.157856e-228  +2.089747e-230  +5.604197e-193  +2.675346e-155  +1.773717e-128  +1.641783e-112  +1.129803e-90  +7.406262e-74  +6.742701e-68  +2.192957e-71  +4.011837e-72  +1.109673e-62  +1.129725e-63  +1.597318e-75  +3.136518e-98  +8.158665e-110  +5.343698e-113  +8.924342e-127  +2.722721e-145  +2.533591e-174  +3.274220e-214  +5.876478e-265  +0.000000e+00  +0.000000e+00  +0.000000e+00  +0.000000e+00 
+0.000000e+00  +0.000000e+00  +0.000000e+00  +0.000000e+00  +0.000000e+00  +1.103191e-311  +3.936716e-303  +3.448951e-294  +1.185538e-245  +5.659553e-208  +3.752205e-181  +7.619542e-161  +3.596296e-133  +2.357501e-116  +2.146281e-110  +1.094121e-114  +3.299380e-113  +2.415589e-103  +2.459255e-104  +3.477140e-116  +6.827767e-139  +5.476099e-163  +3.586712e-166  +3.278481e-180  +1.066057e-200  +9.919666e-230  +1.281942e-269  +2.300864e-320  +0.000000e+00  +0.000000e+00  +0.000000e+00  +0.000000e+00 
+0.000000e+00  +0.000000e+00  +0.000000e+00  +0.000000e+00  +0.000000e+00  +0.000000e+00  +0.000000e+00  +0.000000e+00  +3.483018e-309  +1.662732e-271  +1.102369e-244  +3.368121e-214  +1.589814e-186  +1.042180e-169  +9.488057e-164  +1.645676e-168  +9.962072e-165  +7.302841e-155  +7.434854e-156  +1.051214e-167  +2.064179e-190  +5.634243e-224  +3.343407e-230  +3.041340e-244  +5.834872e-267  +5.393810e-296  +0.000000e+00  +0.000000e+00  +0.000000e+00  +0.000000e+00  +0.000000e+00  +0.000000e+00 
+0.000000e+00  +0.000000e+00  +0.000000e+00  +0.000000e+00  +0.000000e+00  +0.000000e+00  +0.000000e+00  +0.000000e+00  +0.000000e+00  +0.000000e+00  +6.129073e-317  +2.067837e-278  +9.760566e-251  +6.398402e-234  +5.825136e-228  +7.700924e-233  +4.182693e-227  +3.066187e-217  +3.121614e-218  +4.413648e-230  +8.666708e-253  +2.363462e-286  +4.328324e-305  +3.937160e-319  +0.000000e+00  +0.000000e+00  +0.000000e+00  +0.000000e+00  +0.000000e+00  +0.000000e+00  +0.000000e+00  +0.000000e+00 
+0.000000e+00  +0.000000e+00  +0.000000e+00  +0.000000e+00  +0.000000e+00  +0.000000e+00  +0.000000e+00  +0.000000e+00  +0.000000e+00  +0.000000e+00  +0.000000e+00  +0.000000e+00  +0.000000e+00  +5.455546e-309  +4.966755e-303  +6.314907e-308  +2.438937e-300  +1.787900e-290  +1.820220e-291  +2.573608e-303  +0.000000e+00  +0.000000e+00  +0.000000e+00  +0.000000e+00  +0.000000e+00  +0.000000e+00  +0.000000e+00  +0.000000e+00  +0.000000e+00  +0.000000e+00  +0.000000e+00  +0.000000e+00 
+0.000000e+00  +0.000000e+00  +0.000000e+00  +0.000000e+00  +0.000000e+00  +0.000000e+00  +0.000000e+00  +0.000000e+00  +0.000000e+00  +0.000000e+00  +0.000000e+00  +0.000000e+00  +0.000000e+00  +0.000000e+00  +0.000000e+00  +0.000000e+00  +0.000000e+00  +0.000000e+00  +0.000000e+00  +0.000000e+00  +0.000000e+00  +0.000000e+00  +0.000000e+00  +0.000000e+00  +0.000000e+00  +0.000000e+00  +0.000000e+00  +0.000000e+00  +0.000000e+00  +0.000000e+00  +0.000000e+00  +0.000000e+00 
