+0.000000e+00  +0.000000e+00  +0.000000e+00  +0.000000e+00  +0.000000e+00  +0.000000e+00  +0.000000e+00  +0.000000e+00  +0.000000e+00  +0.000000e+00  +0.000000e+00  +0.000000e+00  +0.000000e+00  +0.000000e+00  +0.000000e+00  +0.000000e+00  +0.000000e+00  +0.000000e+00  +0.000000e+00  +0.000000e+00  +0.000000e+00  +0.000000e+00  +0.000000e+00  +0.000000e+00  +0.000000e+00  +0.000000e+00  +0.000000e+00  +0.000000e+00  +0.000000e+00  +0.000000e+00  +0.000000e+00  +0.000000e+00 
+0.000000e+00  +0.000000e+00  +0.000000e+00  +0.000000e+00  +0.000000e+00  +5.769117e-314  +6.074971e-297  +1.214801e-279  +8.525315e-273  +8.311961e-277  +1.678785e-291  +1.487285e-314  +0.000000e+00  +0.000000e+00  +3.399172e-321  +1.339857e-319  +0.000000e+00  +0.000000e+00  +0.000000e+00  +0.000000e+00  +0.000000e+00  +0.000000e+00  +0.000000e+00  +0.000000e+00  +0.000000e+00  +0.000000e+00  +0.000000e+00  +0.000000e+00  +0.000000e+00  +0.000000e+00  +0.000000e+00  +0.000000e+00 
+0.000000e+00  +0.000000e+00  +0.000000e+00  +1.074960e-290  +1.867026e-259  +4.579482e-239  +9.592294e-224  +9.027318e-209  +6.335263e-202  +6.188454e-206  +3.514349e-220  +7.181162e-243  +1.100841e-246  +1.794012e-250  +5.227485e-244  +2.059242e-242  +1.126574e-251  +8.559537e-272  +2.655475e-290  +2.524400e-287  +1.072192e-292  +6.368086e-309  +0.000000e+00  +0.000000e+00  +0.000000e+00  +0.000000e+00  +0.000000e+00  +0.000000e+00  +0.000000e+00  +0.000000e+00  +0.000000e+00  +0.000000e+00 
+0.000000e+00  +2.089898e-321  +1.883426e-268  +2.355421e-226  +4.090973e-195  +9.870603e-175  +3.468807e-161  +9.316453e-149  +6.538227e-142  +6.465513e-146  +1.884567e-159  +4.820422e-182  +1.251239e-179  +2.039110e-183  +1.115793e-177  +4.395399e-176  +2.404644e-185  +1.827021e-205  +3.250079e-217  +2.128266e-214  +9.009681e-220  +5.350781e-236  +4.419970e-263  +1.003865e-292  +8.421960e-308  +1.212437e-320  +0.000000e+00  +0.000000e+00  +0.000000e+00  +0.000000e+00  +0.000000e+00  +0.000000e+00 
+0.000000e+00  +6.364742e-268  +5.731428e-215  +7.167750e-173  +1.244918e-141  +3.002885e-121  +1.756296e-109  +1.335609e-99  +9.371606e-93  +1.000208e-96  +1.689097e-109  +1.728126e-130  +1.975121e-123  +3.218801e-127  +3.307598e-122  +1.302949e-120  +7.128229e-130  +5.417117e-150  +5.526062e-155  +2.497174e-152  +1.051701e-157  +6.244545e-174  +4.122388e-199  +6.375413e-226  +1.985805e-232  +2.858368e-245  +5.713966e-269  +1.586336e-303  +0.000000e+00  +0.000000e+00  +0.000000e+00  +0.000000e+00 
+4.423242e-284  +2.689880e-225  +2.422228e-172  +3.029249e-130  +5.261299e-99  +1.269080e-78  +1.651042e-68  +2.871969e-61  +1.866126e-54  +2.942985e-58  +2.173669e-70  +3.690087e-85  +4.329972e-78  +7.056592e-82  +1.361695e-77  +5.364086e-76  +2.935105e-85  +2.261424e-105  +1.305172e-103  +4.087410e-101  +1.706434e-106  +1.012434e-122  +3.590431e-143  +6.274705e-166  +6.502764e-168  +9.360080e-181  +1.871109e-204  +5.407406e-239  +5.243309e-259  +2.221713e-287  +0.000000e+00  +0.000000e+00 
+1.362547e-229  +3.100830e-185  +1.421691e-140  +1.777973e-98  +3.088041e-67  +7.448674e-47  +2.617530e-37  +2.185025e-32  +5.171093e-27  +2.525682e-30  +3.905280e-42  +1.136084e-50  +1.318301e-43  +2.153071e-47  +7.785487e-44  +3.067324e-42  +1.690088e-51  +4.564098e-70  +4.281782e-63  +9.396275e-61  +3.856849e-66  +6.181986e-82  +4.397868e-98  +2.853342e-112  +2.957313e-114  +4.256757e-127  +8.509389e-151  +3.235394e-176  +9.683590e-194  +4.103219e-222  +2.416037e-261  +2.025601e-311 
+5.829141e-186  +1.326572e-141  +4.192714e-108  +1.449283e-77  +2.517162e-46  +6.071654e-26  +2.035910e-16  +3.106411e-13  +2.016134e-10  +5.245747e-13  +9.752324e-25  +2.620330e-26  +5.574267e-20  +1.102852e-23  +6.182656e-21  +2.449141e-19  +2.154201e-28  +2.776364e-43  +1.951073e-33  +3.096342e-31  +1.223255e-36  +6.634558e-48  +7.481278e-64  +1.802151e-69  +1.867818e-71  +2.688538e-84  +5.703035e-108  +8.140950e-122  +2.483779e-139  +1.053261e-167  +6.409189e-207  +1.273606e-256 
+3.463343e-153  +7.881733e-109  +2.491070e-75  +1.093556e-52  +3.158241e-36  +6.873423e-16  +2.304652e-06  +8.672475e-05  +1.314835e-04  +1.762891e-06  +3.715200e-12  +1.997495e-10  +3.282765e-07  +1.176993e-09  +6.847862e-09  +3.320910e-07  +3.621168e-13  +5.429995e-25  +1.234861e-14  +1.550268e-12  +5.788844e-18  +1.567397e-24  +1.767454e-40  +1.580763e-37  +1.638362e-39  +2.358259e-52  +1.994297e-68  +2.899866e-78  +8.856675e-96  +3.921085e-124  +6.611486e-163  +1.582645e-211 
+1.761936e-125  +6.558466e-87  +2.055487e-53  +9.022295e-31  +6.048775e-19  +1.769874e-11  +1.590903e-06  +1.496540e-04  +5.950278e-05  +1.130174e-04  +3.557643e-05  +1.355797e-04  +5.805602e-05  +1.976125e-05  +1.504819e-07  +1.432611e-04  +1.440412e-06  +4.727575e-10  +1.085969e-06  +1.338085e-04  +6.923011e-07  +5.142669e-12  +4.095316e-23  +1.926303e-16  +1.995900e-18  +3.158453e-31  +2.332168e-38  +1.436535e-45  +4.641677e-63  +6.731997e-91  +1.258219e-128  +4.430767e-177 
+7.795752e-97  +5.764799e-65  +2.495019e-39  +1.033928e-19  +6.302696e-08  +4.677405e-05  +1.161609e-04  +3.715402e-04  +2.171122e-04  +3.850957e-04  +1.830721e-04  +2.304272e-04  +2.769942e-04  +9.910414e-05  +4.547167e-06  +2.331254e-04  +1.533718e-04  +1.306243e-04  +2.199564e-05  +1.546334e-04  +3.537209e-05  +5.348146e-09  +1.939108e-10  +3.585311e-06  +3.522040e-08  +3.336525e-13  +4.519327e-17  +1.064140e-23  +1.342233e-40  +1.930589e-67  +4.905249e-105  +1.741866e-153 
+1.505816e-73  +1.185303e-44  +4.927861e-26  +2.182285e-11  +4.756009e-07  +3.438747e-04  +4.222791e-04  +3.955348e-04  +3.948967e-04  +4.542381e-04  +3.008684e-04  +1.165755e-04  +1.875807e-05  +2.518121e-05  +1.290725e-04  +1.297976e-04  +1.484312e-04  +7.509486e-05  +1.418439e-04  +1.059218e-04  +1.044013e-04  +1.285302e-04  +6.147170e-05  +1.201393e-04  +7.512435e-05  +5.488203e-05  +4.744058e-06  +5.230257e-12  +5.716353e-28  +1.047429e-54  +2.678277e-92  +9.512020e-141 
+4.039941e-61  +3.183341e-32  +3.523460e-14  +6.113197e-07  +1.041689e-04  +2.742590e-04  +2.248398e-04  +5.447970e-04  +3.577273e-04  +3.588375e-04  +1.611119e-04  +3.854979e-04  +6.440176e-05  +7.390815e-06  +1.497908e-04  +1.568490e-05  +2.116705e-04  +1.489337e-04  +1.188027e-04  +1.640087e-04  +2.481978e-05  +1.273340e-05  +9.023547e-05  +1.747170e-04  +1.271000e-04  +2.464745e-04  +1.857659e-04  +5.177591e-10  +4.743047e-26  +1.645444e-51  +7.921804e-81  +5.642151e-116 
+1.506387e-59  +1.196635e-30  +1.436547e-12  +4.321875e-05  +9.559225e-05  +3.745663e-04  +2.087675e-04  +3.961096e-04  +3.708630e-04  +3.508895e-04  +1.496948e-04  +2.244213e-04  +6.358581e-04  +2.073091e-04  +3.451083e-04  +1.915209e-04  +1.898909e-04  +1.552279e-04  +6.970715e-05  +2.514805e-04  +2.799587e-05  +2.761276e-04  +1.609745e-04  +2.875639e-04  +1.880428e-04  +1.966616e-05  +1.214520e-04  +3.115138e-07  +2.513315e-19  +2.755729e-34  +9.182928e-58  +7.095138e-91 
+7.845823e-69  +6.624422e-40  +3.672661e-21  +2.311238e-09  +1.284898e-04  +1.418224e-04  +6.664132e-05  +8.194196e-05  +1.313166e-04  +5.379734e-04  +2.266101e-04  +1.854262e-04  +1.508356e-04  +9.927801e-06  +2.006153e-04  +1.345129e-04  +1.367681e-04  +3.410757e-04  +6.788361e-05  +2.064812e-04  +2.865963e-04  +2.147831e-04  +1.673386e-04  +4.422325e-04  +1.014208e-04  +1.311933e-04  +1.680861e-04  +4.896097e-05  +2.419499e-09  +3.056526e-21  +1.717010e-43  +1.341600e-76 
+5.972533e-89  +1.749746e-57  +7.079459e-33  +3.481503e-14  +2.677769e-06  +1.498650e-07  +2.778461e-05  +1.463483e-05  +4.437029e-05  +2.493553e-04  +5.145859e-05  +2.507465e-04  +2.016128e-04  +2.214625e-04  +5.083784e-05  +4.345878e-06  +1.048666e-04  +2.209724e-04  +1.136083e-04  +3.865910e-05  +5.602837e-05  +9.499946e-05  +3.330847e-04  +2.220038e-04  +3.431424e-04  +9.672728e-05  +1.580299e-04  +1.026084e-04  +1.978764e-06  +8.014259e-18  +4.508957e-40  +3.523115e-73 
+4.137401e-114  +9.751067e-74  +3.408140e-44  +1.671277e-25  +1.160020e-17  +5.280055e-16  +3.242931e-09  +4.063895e-06  +1.614435e-06  +1.362666e-04  +2.626116e-04  +3.284133e-04  +1.305896e-04  +9.445660e-05  +1.072869e-04  +9.078576e-05  +4.852709e-09  +1.274199e-07  +1.118021e-04  +7.792431e-05  +3.388860e-04  +5.342632e-05  +3.155758e-04  +2.560401e-04  +1.255913e-04  +1.555967e-04  +1.529923e-04  +3.324108e-05  +2.771528e-11  +2.950741e-25  +1.644439e-47  +1.284897e-80 
+2.949897e-136  +7.352127e-96  +2.548075e-66  +1.229496e-47  +8.278660e-40  +1.866941e-33  +3.576351e-23  +3.124557e-17  +1.780650e-12  +4.387746e-05  +1.144248e-04  +2.672890e-04  +2.090860e-05  +1.468210e-04  +1.866160e-04  +1.551282e-04  +6.581637e-05  +5.552410e-06  +9.181087e-07  +7.255178e-07  +1.669052e-04  +4.580770e-07  +4.736800e-05  +1.981504e-04  +1.051447e-04  +7.055405e-05  +6.134505e-05  +3.564309e-09  +3.615811e-18  +7.939419e-38  +3.270510e-65  +6.508481e-99 
+3.113426e-169  +7.751695e-129  +2.681164e-99  +1.288673e-80  +8.611863e-73  +9.919340e-59  +2.477010e-45  +8.770625e-29  +2.552698e-11  +1.050781e-04  +3.400700e-05  +1.699535e-04  +2.031746e-04  +3.497757e-04  +1.298824e-04  +1.907319e-05  +1.360580e-04  +2.432551e-05  +8.470320e-05  +2.921223e-04  +3.652547e-05  +1.973150e-04  +7.183953e-05  +1.472236e-05  +5.567727e-05  +7.715079e-05  +2.447023e-09  +1.783833e-17  +5.018259e-33  +8.565110e-53  +2.041212e-83  +1.086157e-124 
+4.567400e-213  +1.136899e-172  +3.930462e-143  +1.887395e-124  +1.634659e-115  +1.120858e-94  +1.669758e-63  +3.496861e-35  +1.017048e-17  +1.233492e-10  +2.195637e-08  +4.423410e-05  +1.288127e-04  +4.108359e-06  +1.940775e-05  +7.691758e-05  +2.371193e-04  +1.278241e-04  +5.366495e-05  +2.226961e-04  +7.988270e-05  +8.216573e-06  +2.644581e-05  +1.601806e-04  +1.052823e-05  +3.859768e-08  +2.378227e-15  +1.494481e-32  +1.124028e-51  +1.644124e-78  +3.913423e-109  +1.295105e-150 
+9.307263e-268  +2.316596e-227  +8.007996e-198  +3.844583e-179  +1.568325e-162  +6.133051e-120  +9.248331e-81  +1.936815e-52  +5.637700e-35  +1.148236e-24  +1.801222e-09  +2.438461e-04  +6.209689e-05  +1.915898e-04  +2.736770e-04  +1.666851e-04  +1.678115e-04  +1.864420e-04  +1.948683e-04  +4.151125e-04  +2.870810e-04  +2.639003e-04  +1.993918e-04  +4.413062e-05  +1.576936e-11  +5.512835e-18  +8.053322e-30  +1.459876e-47  +3.846255e-76  +1.367491e-107  +1.044912e-145  +3.448709e-187 
+0.000000e+00  +6.556247e-293  +2.266301e-263  +1.087980e-244  +4.344856e-198  +4.717634e-148  +7.113955e-109  +1.489828e-80  +3.794860e-58  +1.811701e-31  +2.891937e-15  +1.702106e-09  +1.900385e-07  +3.628709e-05  +1.384310e-04  +7.121502e-05  +1.871864e-04  +2.964617e-04  +2.241821e-04  +1.993232e-04  +1.064480e-04  +2.125417e-05  +1.829616e-04  +1.040968e-05  +2.351549e-13  +1.440510e-30  +6.222105e-52  +6.724463e-73  +1.728443e-101  +6.174057e-141  +3.208869e-185  +1.284564e-234 
+0.000000e+00  +0.000000e+00  +0.000000e+00  +5.936769e-298  +4.641529e-237  +5.039761e-187  +7.599706e-148  +9.123086e-113  +4.290848e-75  +8.123717e-48  +3.629158e-31  +6.373226e-24  +1.159435e-15  +5.990225e-06  +1.005783e-04  +4.165291e-05  +2.754618e-04  +4.717685e-05  +2.402957e-04  +2.981984e-04  +9.462452e-05  +2.573300e-04  +1.364433e-04  +9.474526e-05  +6.789652e-13  +1.095041e-31  +3.006519e-61  +2.145934e-101  +1.105266e-137  +3.947024e-177  +1.957559e-227  +1.452429e-284 
+0.000000e+00  +0.000000e+00  +0.000000e+00  +0.000000e+00  +6.886280e-287  +7.477107e-237  +4.637730e-189  +2.543985e-140  +4.884233e-102  +1.669841e-74  +8.182047e-58  +3.868986e-38  +3.190612e-17  +3.665831e-07  +3.233645e-05  +2.465683e-04  +3.867821e-04  +2.554791e-04  +2.123804e-04  +3.333248e-04  +2.749381e-04  +3.529171e-04  +6.181271e-05  +1.033181e-04  +1.316179e-11  +2.566148e-29  +6.948516e-58  +2.613005e-97  +1.364666e-147  +9.898073e-209  +1.738444e-274  +0.000000e+00 
+0.000000e+00  +0.000000e+00  +0.000000e+00  +0.000000e+00  +0.000000e+00  +5.467145e-287  +3.603047e-227  +5.914682e-178  +1.489315e-139  +5.266830e-112  +3.157205e-81  +1.862361e-49  +1.525697e-28  +2.262505e-18  +4.662219e-09  +5.598630e-05  +3.623465e-05  +6.202731e-07  +3.318447e-05  +9.761518e-05  +3.610760e-04  +2.560701e-04  +6.500034e-05  +1.098860e-07  +4.099979e-18  +7.765532e-36  +2.102711e-64  +7.907294e-104  +4.129658e-154  +2.995286e-215  +3.017174e-287  +0.000000e+00 
+0.000000e+00  +0.000000e+00  +0.000000e+00  +0.000000e+00  +0.000000e+00  +0.000000e+00  +1.404120e-275  +2.566503e-226  +6.540944e-188  +5.117714e-146  +2.173589e-103  +1.282085e-71  +1.050431e-50  +8.569211e-34  +2.118865e-18  +2.861341e-13  +6.458151e-14  +4.617715e-13  +3.578921e-05  +6.285783e-05  +2.294262e-04  +1.080407e-04  +5.957748e-05  +1.815021e-10  +3.822535e-26  +1.842555e-52  +8.837039e-82  +3.323177e-121  +1.735560e-171  +1.258820e-232  +1.268019e-304  +0.000000e+00 
+0.000000e+00  +0.000000e+00  +0.000000e+00  +0.000000e+00  +0.000000e+00  +0.000000e+00  +0.000000e+00  +1.566881e-285  +1.600368e-232  +4.894217e-179  +2.078665e-136  +1.226094e-104  +4.096067e-80  +1.571334e-53  +1.528744e-37  +2.066136e-32  +1.978967e-33  +2.833045e-20  +2.175407e-08  +2.155860e-06  +1.478585e-04  +1.013570e-06  +2.359696e-13  +2.122841e-20  +2.586077e-36  +7.639581e-63  +3.140451e-100  +1.986927e-148  +1.012985e-199  +7.347291e-261  +0.000000e+00  +0.000000e+00 
+0.000000e+00  +0.000000e+00  +0.000000e+00  +0.000000e+00  +0.000000e+00  +0.000000e+00  +0.000000e+00  +0.000000e+00  +2.125523e-276  +6.500236e-223  +2.760771e-180  +7.120676e-148  +2.248558e-110  +1.575465e-83  +1.533137e-67  +2.072035e-62  +6.808614e-55  +4.637087e-32  +4.388146e-20  +7.274788e-12  +1.803277e-08  +6.568639e-12  +4.869888e-26  +7.556126e-40  +2.837487e-57  +7.172335e-84  +2.947071e-121  +1.682491e-169  +1.333993e-228  +1.528456e-298  +0.000000e+00  +0.000000e+00 
+0.000000e+00  +0.000000e+00  +0.000000e+00  +0.000000e+00  +0.000000e+00  +0.000000e+00  +0.000000e+00  +0.000000e+00  +0.000000e+00  +1.198983e-277  +5.110505e-235  +6.206838e-189  +3.131543e-151  +2.194284e-124  +2.135331e-108  +2.885878e-103  +1.906488e-77  +1.298730e-54  +6.526751e-40  +4.173002e-28  +7.634546e-23  +2.787717e-26  +1.413769e-40  +1.000673e-65  +5.054546e-88  +9.710689e-116  +3.841237e-153  +2.192750e-201  +1.738560e-260  +0.000000e+00  +0.000000e+00  +0.000000e+00 
+0.000000e+00  +0.000000e+00  +0.000000e+00  +0.000000e+00  +0.000000e+00  +0.000000e+00  +0.000000e+00  +0.000000e+00  +0.000000e+00  +0.000000e+00  +3.304669e-289  +1.200561e-240  +6.057320e-203  +4.244386e-176  +4.130354e-160  +1.511815e-144  +7.415588e-111  +5.164174e-88  +5.155483e-67  +4.992937e-55  +4.505271e-48  +1.645155e-51  +8.343167e-66  +5.876153e-91  +5.823123e-127  +7.511446e-158  +7.014513e-196  +3.968929e-244  +3.146761e-303  +0.000000e+00  +0.000000e+00  +0.000000e+00 
+0.000000e+00  +0.000000e+00  +0.000000e+00  +0.000000e+00  +0.000000e+00  +0.000000e+00  +0.000000e+00  +0.000000e+00  +0.000000e+00  +0.000000e+00  +0.000000e+00  +3.225107e-303  +1.627199e-265  +1.140184e-238  +1.109551e-222  +8.166732e-189  +4.005858e-155  +1.237113e-127  +5.666351e-105  +1.440372e-91  +3.692468e-84  +1.348351e-87  +6.837969e-102  +4.816030e-127  +4.710742e-163  +1.924857e-209  +3.126259e-249  +9.997046e-298  +0.000000e+00  +0.000000e+00  +0.000000e+00  +0.000000e+00 
+0.000000e+00  +0.000000e+00  +0.000000e+00  +0.000000e+00  +0.000000e+00  +0.000000e+00  +0.000000e+00  +0.000000e+00  +0.000000e+00  +0.000000e+00  +0.000000e+00  +0.000000e+00  +0.000000e+00  +4.253760e-312  +1.734710e-288  +6.126830e-244  +8.730665e-210  +1.888279e-176  +8.657410e-154  +1.599013e-138  +4.202917e-131  +1.534748e-134  +7.783254e-149  +5.481802e-174  +5.361958e-210  +7.283857e-257  +4.288090e-312  +0.000000e+00  +0.000000e+00  +0.000000e+00  +0.000000e+00  +0.000000e+00 
