+0.000000e+00  +0.000000e+00  +0.000000e+00  +0.000000e+00  +0.000000e+00  +0.000000e+00  +0.000000e+00  +0.000000e+00  +0.000000e+00  +0.000000e+00  +0.000000e+00  +0.000000e+00  +0.000000e+00  +0.000000e+00  +0.000000e+00  +4.343617e-309  +3.676588e-274  +4.321916e-250  +7.055790e-237  +3.235722e-227  +2.615523e-211  +2.936188e-206  +4.577833e-212  +1.689268e-225  +8.267470e-239  +6.586778e-260  +7.288053e-292  +0.000000e+00  +0.000000e+00  +0.000000e+00  +0.000000e+00  +0.000000e+00 
+0.000000e+00  +0.000000e+00  +0.000000e+00  +0.000000e+00  +0.000000e+00  +0.000000e+00  +0.000000e+00  +0.000000e+00  +0.000000e+00  +0.000000e+00  +0.000000e+00  +0.000000e+00  +0.000000e+00  +1.229613e-313  +1.380201e-283  +6.315154e-244  +5.345365e-209  +6.283603e-185  +1.025836e-171  +1.792504e-166  +1.447050e-150  +1.624460e-145  +2.535495e-151  +3.813807e-163  +1.146852e-174  +9.137088e-196  +1.010989e-227  +1.553541e-270  +4.940656e-324  +0.000000e+00  +0.000000e+00  +0.000000e+00 
+0.000000e+00  +0.000000e+00  +0.000000e+00  +0.000000e+00  +0.000000e+00  +0.000000e+00  +0.000000e+00  +0.000000e+00  +0.000000e+00  +0.000000e+00  +0.000000e+00  +0.000000e+00  +3.886721e-286  +3.141369e-245  +3.526082e-215  +1.275130e-189  +1.079314e-154  +1.268759e-130  +2.071326e-117  +4.833848e-115  +1.111851e-100  +1.248165e-95  +2.031102e-101  +4.926623e-111  +2.209429e-121  +1.760275e-142  +1.947686e-174  +2.992922e-217  +6.387190e-271  +0.000000e+00  +0.000000e+00  +0.000000e+00 
+0.000000e+00  +0.000000e+00  +0.000000e+00  +0.000000e+00  +0.000000e+00  +0.000000e+00  +0.000000e+00  +0.000000e+00  +0.000000e+00  +1.976263e-322  +1.371067e-296  +1.637941e-271  +1.379024e-228  +1.114570e-187  +1.251068e-157  +1.950259e-138  +3.026606e-111  +3.557847e-87  +5.808402e-74  +1.316935e-71  +1.186445e-61  +1.331905e-56  +5.594395e-62  +1.034896e-68  +5.911405e-79  +4.709678e-100  +5.211103e-132  +8.007669e-175  +1.709012e-228  +1.115835e-292  +0.000000e+00  +0.000000e+00 
+0.000000e+00  +0.000000e+00  +0.000000e+00  +0.000000e+00  +0.000000e+00  +5.693863e-308  +6.401002e-286  +8.159469e-273  +2.115490e-253  +7.711703e-245  +1.816261e-228  +2.169791e-203  +6.795137e-182  +5.492041e-141  +6.164633e-111  +9.609896e-92  +1.178718e-78  +1.385586e-54  +2.262054e-41  +5.128734e-39  +1.758274e-33  +1.973843e-28  +2.049572e-32  +3.829179e-37  +2.196541e-47  +1.750007e-68  +1.936330e-100  +3.092639e-143  +2.711472e-193  +3.359564e-235  +1.897885e-287  +0.000000e+00 
+0.000000e+00  +0.000000e+00  +0.000000e+00  +1.053965e-313  +6.143151e-270  +4.972721e-237  +5.590299e-215  +8.771198e-204  +1.134296e-186  +4.134906e-178  +3.341455e-171  +3.991860e-146  +6.622973e-132  +3.758358e-105  +4.218631e-75  +6.576321e-56  +1.423746e-47  +7.494070e-33  +1.223452e-19  +2.773923e-17  +3.620374e-16  +4.062636e-11  +1.611270e-13  +1.975895e-16  +1.133512e-26  +9.046940e-48  +2.836928e-78  +3.417014e-114  +3.711240e-146  +9.611269e-188  +4.855128e-227  +2.077293e-274 
+0.000000e+00  +0.000000e+00  +3.045960e-308  +1.278354e-253  +7.451029e-210  +6.031415e-177  +6.780475e-155  +1.058618e-143  +8.446559e-131  +3.079066e-122  +2.412572e-124  +1.019931e-99  +1.692187e-85  +3.610900e-80  +4.009349e-50  +6.250076e-31  +1.353116e-22  +6.130583e-22  +9.198335e-09  +2.084348e-06  +3.947379e-08  +1.166995e-04  +2.294982e-05  +1.416196e-06  +1.821717e-16  +1.304162e-33  +1.953974e-56  +7.914889e-79  +1.472050e-109  +1.536731e-140  +4.734311e-177  +2.025600e-224 
+0.000000e+00  +1.468139e-291  +3.567310e-251  +2.153348e-204  +1.255103e-160  +1.015973e-127  +1.142150e-105  +1.783208e-94  +8.735165e-86  +3.184273e-77  +1.612083e-79  +3.619130e-64  +6.004569e-50  +1.383562e-46  +5.291930e-36  +8.249461e-17  +1.785978e-08  +1.836078e-08  +4.309347e-07  +1.317693e-04  +1.638357e-07  +7.861628e-05  +1.660461e-05  +1.266285e-04  +1.933538e-09  +2.557341e-20  +3.318506e-33  +4.355611e-53  +9.381466e-76  +2.081094e-101  +6.411370e-138  +2.743139e-185 
+3.301844e-275  +2.466527e-229  +1.361802e-192  +1.458042e-162  +2.936164e-122  +2.376749e-89  +2.671924e-67  +4.171614e-56  +1.254677e-51  +4.573404e-43  +2.315351e-45  +1.783510e-39  +2.959061e-25  +6.819848e-22  +8.059214e-26  +2.070419e-13  +3.484619e-05  +1.925075e-04  +3.430140e-07  +1.477841e-04  +7.217738e-05  +1.357877e-04  +2.670529e-05  +1.243379e-04  +2.499329e-05  +3.691343e-09  +2.485736e-18  +1.104640e-32  +1.764423e-47  +3.914027e-73  +1.205821e-109  +5.159171e-157 
+1.115407e-223  +8.331681e-178  +8.712619e-143  +7.583440e-115  +1.423929e-94  +7.721926e-62  +8.680867e-40  +1.355366e-28  +5.569720e-28  +9.122351e-20  +4.619379e-22  +1.240623e-25  +2.025656e-11  +4.785730e-08  +1.327584e-10  +8.080936e-07  +7.972583e-05  +1.878411e-05  +7.208931e-05  +1.164937e-04  +9.684434e-05  +1.187930e-04  +1.698799e-04  +7.764004e-05  +7.156590e-05  +3.232121e-05  +2.579901e-11  +2.885559e-15  +4.609260e-30  +1.022536e-55  +3.150470e-92  +1.348115e-139 
+5.272509e-183  +3.908914e-137  +4.054947e-102  +1.131980e-77  +8.298306e-59  +1.717744e-43  +3.920907e-23  +6.118127e-12  +2.122299e-11  +2.527811e-07  +1.898332e-09  +3.558812e-11  +1.425704e-07  +2.161466e-04  +3.083008e-05  +1.413513e-05  +1.828625e-04  +1.598166e-04  +1.352519e-04  +1.884552e-04  +1.131037e-04  +3.299633e-04  +7.894661e-05  +1.722863e-04  +4.347282e-05  +1.177851e-04  +1.052474e-04  +1.248552e-08  +2.138442e-23  +5.206389e-49  +1.810214e-85  +9.021941e-133 
+3.065959e-151  +3.151569e-107  +2.643702e-72  +3.806939e-48  +8.402229e-33  +1.751696e-24  +1.538419e-13  +4.367604e-06  +7.730641e-05  +1.344549e-04  +5.754471e-05  +1.086431e-05  +2.354566e-05  +6.352448e-05  +2.155665e-04  +1.801478e-04  +3.377321e-04  +2.585470e-04  +2.241182e-04  +1.123888e-04  +1.508869e-04  +4.030151e-04  +1.407082e-04  +1.641780e-04  +1.394736e-04  +5.987746e-05  +2.051877e-06  +2.112359e-10  +4.878303e-25  +1.564988e-50  +6.973694e-87  +4.316205e-134 
+3.228521e-128  +6.441791e-85  +2.022879e-52  +3.512942e-29  +7.007926e-16  +2.441183e-09  +2.031271e-11  +2.734269e-05  +1.084937e-04  +8.675037e-05  +1.031888e-04  +1.166361e-04  +2.427066e-04  +4.113704e-05  +1.343848e-04  +2.001453e-04  +2.639277e-04  +1.041601e-04  +1.679510e-04  +2.364874e-04  +3.636734e-04  +2.556986e-04  +2.448624e-05  +2.456764e-04  +3.472117e-04  +8.073709e-06  +8.647268e-16  +3.053824e-22  +7.057939e-37  +2.265436e-62  +1.009866e-98  +6.251921e-146 
+6.765194e-113  +5.697329e-72  +2.684246e-40  +1.019245e-18  +1.408277e-07  +7.572601e-05  +1.265482e-04  +2.584946e-05  +2.190415e-05  +2.056686e-04  +1.808891e-04  +1.276179e-04  +6.991818e-05  +2.733857e-04  +1.777427e-04  +1.786514e-04  +2.624386e-04  +3.882304e-04  +3.254229e-04  +3.036167e-04  +2.343935e-04  +2.094482e-04  +2.148945e-04  +8.507897e-05  +1.204933e-04  +4.804375e-05  +1.802414e-11  +1.059977e-28  +8.671776e-57  +4.559831e-85  +2.032641e-121  +1.258376e-168 
+7.885017e-104  +5.534373e-63  +5.394772e-33  +7.305340e-14  +1.484641e-05  +1.277526e-04  +7.341284e-08  +6.602482e-05  +1.073009e-04  +6.827770e-05  +1.122342e-04  +3.050610e-04  +1.629245e-04  +1.219146e-04  +1.139216e-06  +1.484542e-04  +1.254011e-04  +1.453591e-04  +2.141371e-04  +3.252393e-04  +1.634214e-04  +3.688153e-04  +2.820225e-04  +1.767930e-04  +2.230696e-05  +7.361363e-07  +8.985510e-14  +5.280155e-31  +4.312669e-59  +4.891969e-98  +7.706537e-148  +3.517595e-202 
+6.158438e-99  +3.992587e-60  +3.730188e-32  +6.516031e-14  +3.878100e-05  +7.385526e-05  +4.161709e-06  +1.902385e-04  +5.776836e-05  +1.196478e-04  +8.306757e-05  +9.440304e-05  +2.238745e-04  +6.488798e-06  +2.836472e-06  +3.074358e-04  +9.231138e-05  +2.295998e-04  +1.799459e-04  +2.423119e-04  +3.463026e-04  +2.566741e-04  +5.295899e-06  +6.637950e-05  +8.721712e-07  +1.986002e-18  +6.361039e-27  +3.652903e-44  +2.983556e-72  +3.384323e-111  +5.331474e-161  +1.166436e-221 
+8.091360e-95  +5.245109e-56  +4.721995e-28  +5.903838e-11  +1.055515e-04  +4.721026e-05  +1.587446e-04  +6.635333e-05  +9.583981e-05  +4.144738e-05  +2.306724e-04  +1.730842e-04  +2.779273e-06  +1.860377e-05  +1.508008e-04  +2.310775e-04  +9.510130e-05  +8.626373e-05  +1.806501e-04  +2.855395e-04  +1.701552e-04  +4.873189e-05  +1.164109e-06  +1.408988e-08  +2.268425e-12  +1.120179e-24  +7.694331e-48  +3.510453e-68  +2.866555e-96  +3.251605e-135  +5.122399e-185  +1.120694e-245 
+1.476423e-101  +9.570701e-63  +8.633681e-35  +3.555778e-16  +1.060332e-05  +4.725932e-05  +3.482935e-05  +9.753508e-05  +2.468536e-04  +2.255577e-04  +1.312186e-04  +1.570321e-04  +1.277759e-04  +3.920264e-04  +3.454458e-05  +1.468424e-04  +1.725639e-04  +1.452651e-04  +1.521718e-04  +3.698666e-04  +1.255004e-04  +9.107601e-05  +3.305499e-05  +7.014608e-10  +2.238799e-24  +4.046260e-41  +2.775004e-64  +2.643134e-98  +3.824946e-131  +4.338722e-170  +6.834982e-220  +1.495378e-280 
+2.495558e-118  +2.136461e-75  +2.988722e-43  +6.092162e-22  +1.027796e-08  +1.537837e-04  +2.088178e-04  +5.171584e-05  +2.339151e-04  +3.308434e-04  +8.835990e-05  +2.676503e-04  +7.275146e-05  +2.360485e-04  +2.303168e-04  +2.975294e-04  +1.288841e-04  +2.848868e-04  +4.537772e-04  +3.815989e-04  +2.295170e-04  +2.214420e-06  +5.350111e-05  +1.283697e-09  +4.036538e-24  +1.787347e-49  +1.100188e-85  +1.325915e-125  +1.753887e-170  +8.040143e-216  +1.266599e-265  +0.000000e+00 
+2.308108e-112  +1.554961e-69  +1.454858e-37  +1.890426e-16  +3.411809e-06  +1.584693e-04  +1.403156e-04  +1.281950e-04  +1.664021e-04  +2.395606e-05  +5.822084e-05  +9.962000e-05  +2.172000e-04  +3.684935e-04  +3.461292e-04  +3.732381e-04  +2.687096e-04  +1.893542e-04  +2.009498e-04  +4.250707e-05  +2.768970e-04  +2.004254e-04  +6.084407e-05  +2.968693e-10  +6.635116e-26  +2.061057e-52  +8.891389e-90  +5.327076e-138  +4.432714e-197  +2.249874e-264  +3.260833e-322  +0.000000e+00 
+1.883650e-114  +1.269005e-71  +1.187313e-39  +1.545516e-18  +1.080931e-07  +1.072224e-04  +3.456301e-05  +1.422313e-04  +1.850694e-04  +1.452678e-04  +2.901450e-04  +8.560126e-05  +2.706376e-04  +2.297192e-04  +4.171213e-04  +2.328196e-04  +9.544357e-05  +3.128853e-04  +1.127924e-04  +2.555119e-05  +6.427549e-06  +1.041653e-04  +6.132125e-05  +7.490775e-13  +1.271025e-31  +3.415417e-61  +1.825387e-99  +1.087769e-147  +9.050867e-207  +1.045884e-276  +0.000000e+00  +0.000000e+00 
+2.134923e-127  +1.438453e-84  +1.597858e-52  +5.342060e-29  +1.565089e-15  +5.312666e-10  +3.183313e-05  +2.914639e-05  +1.065959e-07  +7.265583e-08  +6.753421e-05  +1.635129e-04  +2.553476e-04  +3.560296e-04  +2.024174e-04  +2.024940e-04  +2.243036e-04  +2.201175e-04  +8.290805e-05  +2.986077e-12  +7.674105e-16  +7.843626e-12  +2.160252e-11  +2.639108e-19  +4.477634e-38  +1.055062e-67  +3.452594e-108  +1.569101e-159  +9.903649e-222  +8.710773e-295  +0.000000e+00  +0.000000e+00 
+3.401422e-151  +4.707903e-107  +6.814028e-72  +1.438785e-47  +8.112224e-34  +1.599526e-21  +6.703672e-12  +1.829393e-10  +8.027362e-20  +6.372563e-12  +3.480735e-07  +1.134220e-04  +1.504422e-04  +4.096219e-04  +2.511564e-04  +1.206049e-04  +1.380856e-04  +5.160977e-05  +4.470824e-08  +2.882589e-18  +2.420305e-35  +8.799512e-30  +1.057038e-28  +1.291349e-36  +2.190964e-55  +5.162555e-85  +1.689399e-125  +7.677812e-177  +4.845971e-239  +4.247781e-312  +0.000000e+00  +0.000000e+00 
+1.536920e-182  +1.681791e-136  +2.557043e-101  +5.405592e-77  +2.044353e-59  +3.790091e-40  +7.032034e-28  +1.927378e-26  +7.336748e-36  +8.298096e-25  +3.156825e-18  +4.210023e-12  +6.370550e-08  +1.439819e-04  +2.915729e-04  +2.284179e-04  +1.053941e-04  +1.156632e-08  +1.663137e-15  +2.200452e-29  +2.346168e-53  +1.419691e-58  +7.183149e-57  +8.775430e-65  +1.488881e-83  +3.508241e-113  +1.148039e-153  +5.217496e-205  +3.293104e-267  +0.000000e+00  +0.000000e+00  +0.000000e+00 
+8.006250e-223  +8.765109e-177  +1.332675e-141  +4.147747e-117  +7.594501e-90  +5.213560e-67  +1.028913e-54  +2.820103e-53  +1.112013e-62  +1.500675e-48  +7.701929e-37  +6.415552e-29  +1.321491e-15  +9.243889e-07  +1.516712e-04  +5.689477e-07  +1.855694e-06  +2.584184e-09  +8.009301e-23  +4.590157e-47  +2.099558e-72  +3.635392e-98  +6.779184e-96  +8.281919e-104  +1.405149e-122  +3.310945e-152  +1.083476e-192  +4.924076e-244  +3.107907e-306  +0.000000e+00  +0.000000e+00  +0.000000e+00 
+5.794989e-274  +6.344258e-228  +9.651511e-193  +1.383712e-160  +7.456230e-128  +1.059417e-104  +2.090812e-92  +5.730614e-91  +9.898765e-99  +7.967734e-83  +5.019434e-66  +7.346764e-48  +2.217743e-26  +1.620752e-14  +3.400219e-10  +1.081540e-14  +1.865415e-17  +8.048269e-21  +2.494464e-34  +1.073717e-58  +6.418603e-94  +3.869184e-137  +8.885420e-146  +1.085504e-153  +1.841718e-172  +4.339628e-202  +1.420103e-242  +6.453945e-294  +0.000000e+00  +0.000000e+00  +0.000000e+00  +0.000000e+00 
+0.000000e+00  +6.377384e-290  +8.589162e-253  +2.061165e-210  +2.103926e-176  +2.989791e-153  +5.900503e-141  +1.617243e-139  +3.376679e-144  +3.614751e-123  +3.441303e-101  +1.026962e-67  +5.342980e-45  +1.094179e-32  +1.311277e-26  +3.375481e-31  +5.046307e-39  +3.481154e-43  +1.078941e-56  +4.644194e-81  +2.776266e-116  +2.304887e-162  +1.617396e-206  +1.975923e-214  +3.352444e-233  +7.899343e-263  +2.584987e-303  +0.000000e+00  +0.000000e+00  +0.000000e+00  +0.000000e+00  +0.000000e+00 
+0.000000e+00  +0.000000e+00  +1.138503e-314  +8.058800e-270  +8.245985e-236  +1.171798e-212  +2.312603e-200  +6.338510e-199  +1.686075e-200  +5.023608e-174  +9.172203e-131  +3.436058e-97  +1.790510e-74  +3.809888e-60  +7.030980e-54  +1.808148e-58  +2.223093e-71  +2.091144e-76  +6.481211e-90  +2.789773e-114  +1.667706e-149  +1.384548e-195  +1.596374e-252  +4.995126e-286  +8.474966e-305  +0.000000e+00  +0.000000e+00  +0.000000e+00  +0.000000e+00  +0.000000e+00  +0.000000e+00  +0.000000e+00 
+0.000000e+00  +0.000000e+00  +0.000000e+00  +0.000000e+00  +4.488410e-306  +6.378268e-283  +1.258783e-270  +3.450144e-269  +9.025758e-264  +1.580043e-215  +4.262042e-171  +1.596633e-137  +1.042732e-114  +2.827538e-98  +5.235735e-92  +1.346462e-96  +4.822803e-112  +1.744607e-120  +5.406953e-134  +2.327369e-158  +1.391284e-193  +1.155060e-239  +1.331776e-296  +0.000000e+00  +0.000000e+00  +0.000000e+00  +0.000000e+00  +0.000000e+00  +0.000000e+00  +0.000000e+00  +0.000000e+00  +0.000000e+00 
+0.000000e+00  +0.000000e+00  +0.000000e+00  +0.000000e+00  +0.000000e+00  +0.000000e+00  +0.000000e+00  +0.000000e+00  +5.237096e-322  +1.019649e-266  +2.750424e-222  +1.030583e-188  +2.246706e-164  +2.924146e-147  +5.414738e-141  +1.392496e-145  +4.973342e-161  +2.021908e-175  +6.264507e-189  +2.696495e-213  +1.611945e-248  +1.338255e-294  +0.000000e+00  +0.000000e+00  +0.000000e+00  +0.000000e+00  +0.000000e+00  +0.000000e+00  +0.000000e+00  +0.000000e+00  +0.000000e+00  +0.000000e+00 
+0.000000e+00  +0.000000e+00  +0.000000e+00  +0.000000e+00  +0.000000e+00  +0.000000e+00  +0.000000e+00  +0.000000e+00  +0.000000e+00  +0.000000e+00  +2.465016e-284  +9.562446e-251  +3.150376e-224  +4.199878e-207  +7.777055e-201  +2.000008e-205  +7.143089e-221  +3.260654e-241  +1.007997e-254  +4.338823e-279  +2.593717e-314  +0.000000e+00  +0.000000e+00  +0.000000e+00  +0.000000e+00  +0.000000e+00  +0.000000e+00  +0.000000e+00  +0.000000e+00  +0.000000e+00  +0.000000e+00  +0.000000e+00 
+0.000000e+00  +0.000000e+00  +0.000000e+00  +0.000000e+00  +0.000000e+00  +0.000000e+00  +0.000000e+00  +0.000000e+00  +0.000000e+00  +0.000000e+00  +0.000000e+00  +7.905050e-323  +6.283075e-295  +8.377460e-278  +1.551282e-271  +3.989398e-276  +1.424826e-291  +1.447595e-317  +0.000000e+00  +0.000000e+00  +0.000000e+00  +0.000000e+00  +0.000000e+00  +0.000000e+00  +0.000000e+00  +0.000000e+00  +0.000000e+00  +0.000000e+00  +0.000000e+00  +0.000000e+00  +0.000000e+00  +0.000000e+00 
