+0.000000e+00  +0.000000e+00  +0.000000e+00  +0.000000e+00  +0.000000e+00  +0.000000e+00  +0.000000e+00  +0.000000e+00  +3.706194e-318  +1.031898e-285  +7.691991e-248  +3.553341e-217  +3.566594e-179  +5.170131e-152  +2.842981e-131  +6.963780e-119  +2.618884e-116  +4.339667e-109  +4.687639e-102  +1.329375e-103  +5.235751e-116  +2.863837e-139  +2.194175e-173  +1.151158e-214  +9.841383e-265  +0.000000e+00  +0.000000e+00  +0.000000e+00  +0.000000e+00  +0.000000e+00  +0.000000e+00  +0.000000e+00 
+0.000000e+00  +0.000000e+00  +0.000000e+00  +0.000000e+00  +0.000000e+00  +0.000000e+00  +0.000000e+00  +1.398624e-289  +5.909830e-249  +3.475072e-219  +2.609236e-189  +3.620217e-160  +2.292558e-132  +3.312943e-105  +2.310654e-87  +5.497204e-75  +1.232245e-72  +4.066653e-67  +1.199831e-61  +3.402620e-63  +1.340123e-75  +7.337733e-99  +3.358354e-130  +2.064314e-169  +1.765158e-219  +2.096185e-280  +0.000000e+00  +0.000000e+00  +0.000000e+00  +0.000000e+00  +0.000000e+00  +0.000000e+00 
+0.000000e+00  +0.000000e+00  +0.000000e+00  +0.000000e+00  +0.000000e+00  +0.000000e+00  +1.018004e-282  +3.097317e-231  +1.308759e-190  +7.680185e-161  +2.448759e-138  +1.448716e-112  +3.306832e-94  +2.957447e-69  +6.181387e-53  +6.026676e-42  +8.428778e-40  +5.319113e-36  +4.265140e-32  +1.209531e-33  +4.764335e-46  +1.909876e-67  +8.351632e-96  +5.142109e-135  +4.396926e-185  +5.221497e-246  +8.611500e-318  +0.000000e+00  +0.000000e+00  +0.000000e+00  +0.000000e+00  +0.000000e+00 
+0.000000e+00  +0.000000e+00  +0.000000e+00  +0.000000e+00  +0.000000e+00  +1.039052e-293  +3.296629e-235  +9.525951e-184  +4.025151e-143  +2.362077e-113  +2.058643e-94  +3.114396e-75  +1.826035e-57  +3.667286e-44  +7.358891e-28  +9.196430e-20  +8.527648e-18  +9.668159e-16  +2.107250e-13  +5.971251e-15  +2.276672e-26  +6.516927e-44  +2.889181e-72  +1.778872e-111  +1.521082e-161  +1.806336e-222  +2.979081e-294  +0.000000e+00  +0.000000e+00  +0.000000e+00  +0.000000e+00  +0.000000e+00 
+0.000000e+00  +0.000000e+00  +0.000000e+00  +0.000000e+00  +1.140763e-318  +1.310160e-250  +2.089743e-193  +8.697895e-147  +1.719279e-106  +1.008915e-76  +8.222604e-58  +3.871687e-45  +1.413805e-31  +4.684242e-24  +1.267175e-13  +5.527101e-08  +1.299516e-06  +2.541763e-06  +1.505210e-05  +8.361025e-07  +9.808235e-14  +3.131008e-31  +1.388085e-59  +8.546458e-99  +7.307925e-149  +2.245937e-201  +9.742513e-241  +6.214346e-280  +0.000000e+00  +0.000000e+00  +0.000000e+00  +0.000000e+00 
+0.000000e+00  +0.000000e+00  +0.000000e+00  +0.000000e+00  +1.997933e-286  +2.294610e-218  +3.659948e-161  +8.107349e-115  +2.596125e-79  +5.985912e-51  +4.877563e-32  +1.925446e-23  +7.177256e-15  +4.758669e-09  +1.551691e-06  +1.909909e-04  +8.145177e-05  +3.380627e-04  +5.942826e-05  +3.704517e-05  +6.656158e-12  +2.091148e-29  +9.262647e-58  +5.848404e-86  +6.731441e-120  +1.104944e-154  +5.074893e-183  +3.237065e-222  +2.867568e-272  +0.000000e+00  +0.000000e+00  +0.000000e+00 
+0.000000e+00  +0.000000e+00  +0.000000e+00  +0.000000e+00  +5.276543e-265  +5.581251e-197  +8.902203e-140  +1.971975e-93  +6.066570e-58  +2.596859e-33  +4.033651e-17  +4.549985e-09  +6.714428e-06  +7.477627e-05  +5.523591e-05  +2.184973e-04  +1.774515e-04  +3.660909e-04  +3.702560e-05  +2.442495e-06  +1.164162e-14  +1.732924e-24  +2.191220e-37  +4.811709e-60  +3.395985e-90  +7.993450e-108  +3.671307e-136  +2.341775e-175  +2.074472e-225  +2.552161e-286  +0.000000e+00  +0.000000e+00 
+0.000000e+00  +0.000000e+00  +0.000000e+00  +1.994371e-294  +2.880252e-228  +5.318216e-172  +1.366850e-126  +6.661346e-83  +2.049292e-47  +8.755597e-23  +5.197033e-09  +5.709830e-05  +2.297871e-04  +4.302740e-04  +5.236712e-04  +1.517818e-04  +1.789884e-04  +9.545972e-05  +2.491944e-04  +9.422926e-07  +1.737678e-08  +1.586319e-10  +7.324450e-22  +1.134230e-41  +2.428385e-54  +8.030934e-72  +3.688524e-100  +2.352757e-139  +2.084200e-189  +2.564129e-250  +4.397184e-322  +0.000000e+00 
+0.000000e+00  +0.000000e+00  +5.289920e-284  +3.636593e-234  +3.472989e-195  +6.051197e-145  +1.308605e-99  +4.660186e-65  +2.305036e-41  +4.164302e-23  +4.622761e-09  +1.625891e-04  +2.530351e-04  +1.007288e-04  +3.627779e-04  +2.697716e-04  +3.131866e-04  +9.423740e-05  +1.203991e-04  +2.348234e-04  +4.648296e-05  +2.250205e-05  +2.979425e-14  +1.426720e-22  +3.388342e-29  +1.120562e-46  +5.146623e-75  +3.282818e-114  +2.908099e-164  +3.577746e-225  +6.112908e-297  +0.000000e+00 
+0.000000e+00  +3.077639e-295  +1.523440e-234  +1.047299e-184  +9.998951e-146  +1.325802e-117  +1.055621e-80  +8.143124e-49  +3.071763e-25  +2.109747e-12  +2.070310e-10  +5.707700e-05  +1.026648e-04  +3.074092e-04  +5.802636e-04  +2.213717e-04  +4.119507e-04  +3.478877e-04  +3.240694e-04  +3.289887e-04  +3.065991e-04  +2.474469e-05  +3.239369e-07  +2.766187e-08  +6.565911e-15  +2.171419e-32  +9.973097e-61  +6.361426e-100  +5.635298e-150  +6.932937e-211  +1.184556e-282  +0.000000e+00 
+0.000000e+00  +1.230925e-256  +6.093115e-196  +4.188755e-146  +3.999158e-107  +5.302614e-79  +9.764490e-62  +2.257624e-37  +5.758922e-17  +5.940351e-07  +7.790829e-05  +2.199240e-04  +9.278841e-05  +2.363527e-04  +2.465477e-04  +3.724811e-04  +2.554296e-04  +2.202972e-04  +1.152442e-04  +2.278701e-04  +1.383440e-04  +1.362721e-04  +2.822313e-05  +7.449219e-05  +1.767017e-11  +5.843717e-29  +2.683958e-57  +1.711986e-96  +1.516570e-146  +1.865791e-207  +3.187875e-279  +0.000000e+00 
+1.918289e-300  +6.837287e-229  +3.384476e-168  +2.326682e-118  +2.221368e-79  +2.945385e-51  +5.423774e-34  +1.387072e-27  +9.327998e-16  +3.302670e-06  +1.882651e-04  +2.341854e-04  +4.603507e-05  +5.506276e-04  +5.118617e-04  +4.118526e-04  +4.089765e-04  +4.545291e-04  +1.234175e-04  +7.670231e-05  +1.392463e-08  +4.845976e-09  +1.194271e-12  +2.786348e-12  +6.604262e-19  +2.184102e-36  +1.003135e-64  +6.398583e-104  +5.668214e-154  +6.973432e-215  +1.191475e-286  +0.000000e+00 
+1.479804e-283  +5.274409e-212  +2.610847e-151  +1.794845e-101  +1.713605e-62  +2.272124e-34  +4.183999e-17  +1.070013e-10  +7.080927e-11  +3.617887e-06  +1.208858e-05  +2.265748e-04  +2.127846e-04  +5.675901e-04  +2.314124e-04  +3.370570e-04  +1.892683e-04  +6.108047e-05  +9.190093e-06  +4.661695e-05  +1.375186e-05  +2.070577e-14  +6.162545e-29  +1.447660e-30  +3.428040e-37  +1.133690e-54  +5.206920e-83  +3.321279e-122  +2.942170e-172  +3.619663e-233  +6.184526e-305  +0.000000e+00 
+1.585375e-277  +5.650694e-206  +2.797109e-145  +1.922892e-95  +1.835856e-56  +2.434221e-28  +4.482492e-11  +1.146827e-04  +9.511223e-05  +1.086838e-04  +1.651239e-04  +5.706036e-05  +2.764134e-04  +4.114184e-04  +1.868273e-04  +3.555885e-04  +2.088948e-04  +1.926063e-04  +1.569696e-04  +4.987534e-05  +1.123762e-07  +1.133448e-16  +2.414137e-36  +1.044766e-59  +2.471186e-66  +8.172481e-84  +3.753535e-112  +2.394225e-151  +2.120935e-201  +2.609322e-262  +0.000000e+00  +0.000000e+00 
+2.358837e-282  +8.407515e-211  +4.161744e-150  +2.861020e-100  +2.731521e-61  +3.621813e-33  +6.670883e-16  +1.093549e-07  +1.072221e-06  +6.308794e-08  +3.311498e-10  +5.055746e-08  +2.328443e-04  +1.155903e-04  +2.649731e-04  +1.688234e-04  +1.518083e-04  +2.987275e-04  +2.198771e-04  +1.334214e-05  +1.445948e-12  +2.505455e-29  +2.250221e-49  +1.855231e-78  +2.474018e-106  +8.181848e-124  +3.757837e-152  +2.396969e-191  +2.123366e-241  +2.612313e-302  +0.000000e+00  +0.000000e+00 
+4.874183e-298  +1.737287e-226  +8.599618e-166  +5.911869e-116  +5.644277e-77  +7.484845e-49  +4.846587e-30  +3.371549e-18  +3.352656e-17  +6.893989e-22  +6.030575e-17  +4.318649e-07  +1.188675e-04  +6.149579e-06  +2.009323e-04  +3.075834e-04  +2.813017e-04  +2.782253e-04  +2.622850e-04  +3.985475e-05  +2.364909e-09  +1.552665e-16  +4.852859e-34  +2.106472e-62  +5.670494e-95  +7.679666e-124  +1.444484e-163  +3.773297e-214  +1.368886e-275  +0.000000e+00  +0.000000e+00  +0.000000e+00 
+0.000000e+00  +4.985553e-253  +2.467863e-192  +1.696550e-142  +1.619865e-103  +4.187420e-74  +2.048161e-51  +1.466512e-39  +1.458294e-38  +4.858676e-28  +6.482445e-11  +1.362446e-04  +1.164956e-04  +1.818353e-05  +2.004873e-04  +1.137674e-04  +4.216686e-04  +3.413513e-04  +4.950000e-05  +5.468039e-05  +1.158456e-04  +2.522174e-11  +7.884988e-29  +8.501456e-45  +8.186248e-63  +1.108708e-91  +2.085391e-131  +5.447482e-182  +1.976251e-243  +9.984954e-316  +0.000000e+00  +0.000000e+00 
+0.000000e+00  +1.986978e-290  +9.835598e-230  +6.761793e-180  +7.109961e-140  +2.399798e-106  +1.237253e-83  +3.583765e-57  +4.028315e-33  +2.482697e-18  +1.024359e-09  +1.362407e-04  +1.326839e-04  +1.623993e-04  +3.248133e-04  +7.388770e-05  +2.483839e-04  +1.290848e-04  +1.548612e-04  +1.088168e-04  +1.583849e-04  +4.333550e-09  +1.798960e-15  +1.683433e-23  +1.641336e-41  +2.222951e-70  +4.181193e-110  +1.092586e-160  +1.888238e-213  +1.337230e-273  +0.000000e+00  +0.000000e+00 
+0.000000e+00  +0.000000e+00  +5.444143e-278  +8.743409e-216  +3.212720e-159  +1.639472e-113  +1.605883e-75  +9.378956e-43  +7.617599e-21  +3.807447e-09  +2.564073e-05  +2.067459e-05  +8.329532e-05  +7.245010e-05  +1.819179e-05  +1.773501e-05  +4.186900e-05  +1.842738e-04  +1.617351e-04  +2.068786e-04  +1.372286e-04  +6.956331e-05  +7.401184e-06  +4.686573e-13  +4.570337e-31  +6.190110e-60  +6.687642e-92  +2.455537e-130  +1.252154e-179  +8.867624e-240  +8.721569e-311  +0.000000e+00 
+0.000000e+00  +0.000000e+00  +2.178802e-261  +5.764636e-194  +2.118185e-137  +1.080921e-91  +7.660586e-57  +7.539944e-33  +2.848119e-17  +3.200063e-06  +1.200761e-04  +2.094730e-04  +8.875055e-05  +2.764313e-04  +3.205867e-05  +4.263121e-06  +9.548110e-05  +2.198912e-04  +2.325470e-04  +1.256815e-04  +2.086412e-05  +8.571946e-05  +4.807792e-06  +2.094356e-13  +1.223735e-24  +2.329575e-41  +6.159028e-69  +2.261443e-107  +1.153180e-156  +8.166697e-217  +8.032186e-288  +0.000000e+00 
+0.000000e+00  +0.000000e+00  +1.995018e-250  +5.278383e-183  +1.939514e-126  +9.897443e-81  +7.014408e-46  +6.903939e-22  +9.437150e-09  +3.926721e-06  +1.009438e-04  +1.442525e-04  +2.578502e-05  +1.221406e-04  +1.381182e-04  +2.059729e-04  +3.849034e-05  +8.772011e-05  +2.305276e-04  +1.282209e-04  +1.389525e-04  +1.371162e-04  +1.245963e-04  +1.148863e-06  +1.565200e-12  +2.979602e-29  +7.877543e-57  +2.892433e-95  +1.474940e-144  +1.044597e-204  +1.954270e-275  +0.000000e+00 
+0.000000e+00  +0.000000e+00  +2.536961e-250  +6.712246e-183  +2.466380e-126  +1.258615e-80  +8.922564e-46  +8.904298e-22  +2.001289e-08  +8.968845e-05  +3.796466e-06  +2.457228e-05  +2.791614e-04  +6.148972e-05  +1.274122e-04  +8.714611e-05  +5.925881e-07  +1.278765e-04  +9.561784e-05  +2.234608e-04  +2.678141e-04  +4.349824e-05  +6.512736e-05  +1.382178e-04  +8.016747e-11  +8.653628e-28  +3.294060e-53  +1.872756e-87  +2.239027e-132  +7.473980e-186  +1.023794e-249  +0.000000e+00 
+0.000000e+00  +0.000000e+00  +4.485322e-261  +1.244612e-193  +1.444341e-136  +2.426169e-89  +7.980848e-53  +3.730418e-27  +6.567204e-12  +5.115012e-06  +6.476815e-05  +1.408094e-04  +1.011468e-04  +1.468842e-04  +1.703940e-04  +6.343193e-05  +2.825416e-04  +1.343509e-04  +2.388387e-04  +1.803282e-04  +1.711670e-04  +1.075779e-04  +1.082176e-04  +1.929106e-05  +1.015009e-07  +3.146838e-20  +5.343085e-42  +2.675079e-73  +1.903971e-115  +1.882420e-168  +2.736166e-232  +9.400073e-306 
+0.000000e+00  +0.000000e+00  +1.028775e-253  +1.521252e-186  +3.352382e-130  +3.259231e-84  +3.267115e-48  +6.112920e-23  +1.605196e-08  +8.456926e-05  +4.168507e-07  +2.480820e-05  +8.381300e-05  +1.353942e-04  +1.128071e-04  +3.989053e-05  +8.154953e-05  +7.694605e-05  +3.446513e-04  +2.578633e-04  +2.937785e-04  +1.017585e-04  +8.474540e-08  +1.874654e-05  +1.866387e-05  +4.961305e-15  +2.289493e-35  +7.320497e-65  +1.576359e-104  +4.774953e-155  +2.008812e-216  +1.173674e-288 
+0.000000e+00  +0.000000e+00  +2.338671e-247  +3.450626e-180  +7.070733e-124  +2.012190e-78  +7.952644e-44  +4.365081e-20  +3.328376e-07  +8.561278e-05  +9.505730e-07  +2.076503e-05  +1.746711e-04  +4.915803e-05  +7.188208e-05  +1.419872e-04  +3.834890e-05  +2.960372e-04  +1.212134e-04  +1.408192e-04  +1.723278e-04  +1.514985e-04  +1.148055e-05  +1.602541e-04  +9.782171e-05  +7.445756e-12  +8.420093e-30  +1.322432e-58  +2.884480e-98  +8.737752e-149  +3.675952e-210  +2.147722e-282 
+0.000000e+00  +0.000000e+00  +7.383878e-252  +1.089465e-184  +2.232440e-128  +6.353080e-83  +2.510894e-48  +1.393212e-24  +4.002133e-10  +1.649152e-04  +1.994417e-04  +4.020399e-05  +9.818825e-05  +1.262329e-04  +5.046939e-05  +1.613094e-04  +1.594463e-05  +1.249990e-04  +8.128506e-05  +8.304098e-05  +5.077039e-05  +1.187555e-04  +1.324035e-04  +1.340514e-04  +3.746839e-06  +2.947696e-16  +2.140432e-34  +3.360794e-63  +7.330542e-103  +2.220590e-153  +9.341970e-215  +5.458164e-287 
+0.000000e+00  +0.000000e+00  +3.237709e-267  +4.777124e-200  +9.791347e-144  +4.998576e-98  +2.759732e-60  +4.776904e-33  +1.149526e-16  +1.131922e-08  +6.564222e-05  +7.097988e-05  +7.575170e-05  +1.337588e-04  +7.652158e-05  +5.395909e-05  +3.189198e-05  +1.848126e-04  +2.357610e-07  +2.854867e-04  +1.985590e-04  +1.757048e-08  +1.046879e-08  +3.569125e-12  +2.685864e-14  +6.293062e-25  +2.049487e-46  +2.113300e-78  +2.587860e-118  +7.837452e-169  +3.297198e-230  +1.926430e-302 
+0.000000e+00  +0.000000e+00  +2.008933e-293  +1.764289e-224  +1.121470e-164  +1.006607e-115  +1.254795e-77  +2.172323e-50  +2.208760e-31  +1.536085e-16  +1.616715e-12  +2.561504e-07  +5.017761e-07  +1.508209e-04  +3.012853e-05  +1.869789e-04  +2.184183e-04  +1.706846e-04  +1.176199e-04  +7.223920e-06  +1.663840e-06  +1.658057e-14  +1.743508e-22  +3.052545e-30  +2.875474e-33  +6.732108e-44  +2.190991e-65  +9.903030e-98  +6.217599e-141  +9.260928e-195  +1.616836e-256  +0.000000e+00 
+0.000000e+00  +0.000000e+00  +2.470328e-323  +1.096237e-252  +7.085020e-193  +6.359391e-144  +7.927352e-106  +1.426886e-75  +7.183192e-50  +5.027019e-35  +9.489792e-27  +2.326872e-20  +1.548057e-09  +7.728702e-05  +3.542693e-05  +4.244739e-08  +1.992050e-09  +1.595994e-09  +3.643417e-09  +4.381701e-15  +9.358000e-18  +4.781872e-26  +3.732226e-45  +6.481981e-57  +4.283836e-63  +1.000285e-73  +3.255465e-95  +1.471433e-127  +9.236464e-171  +8.052097e-225  +9.749879e-290  +0.000000e+00 
+0.000000e+00  +0.000000e+00  +0.000000e+00  +9.618295e-292  +6.216338e-232  +5.579684e-183  +1.786288e-141  +6.478871e-105  +3.264784e-79  +2.285475e-64  +1.196248e-50  +1.074129e-32  +3.750191e-17  +5.855502e-12  +2.097691e-10  +1.518752e-19  +3.092231e-24  +2.860777e-25  +1.574029e-24  +1.779254e-30  +7.875994e-40  +3.929663e-48  +2.786047e-67  +1.769039e-92  +8.929036e-104  +2.064117e-114  +6.717747e-136  +3.036344e-168  +1.905971e-211  +1.661574e-265  +0.000000e+00  +0.000000e+00 
+0.000000e+00  +0.000000e+00  +0.000000e+00  +0.000000e+00  +7.574734e-282  +4.314658e-229  +1.127086e-181  +4.089538e-145  +2.060769e-119  +1.201947e-102  +1.440263e-77  +3.620769e-51  +1.264158e-35  +3.883577e-28  +2.014731e-26  +1.453873e-35  +7.044891e-50  +7.135945e-52  +9.443976e-51  +1.067530e-56  +1.175073e-72  +4.508940e-81  +3.195306e-100  +3.144885e-130  +2.656718e-155  +5.915382e-166  +1.925184e-187  +8.701608e-220  +5.462165e-263  +4.761767e-317  +0.000000e+00  +0.000000e+00 
+0.000000e+00  +0.000000e+00  +0.000000e+00  +0.000000e+00  +0.000000e+00  +3.781733e-280  +9.880298e-233  +3.584984e-196  +1.806520e-170  +3.725091e-144  +6.742551e-107  +1.695053e-80  +5.931896e-65  +5.172043e-55  +2.687392e-53  +1.939278e-62  +1.943736e-82  +2.472410e-89  +7.869279e-88  +8.895292e-94  +1.396446e-110  +7.185276e-125  +5.091905e-144  +5.011357e-174  +6.954684e-215  +2.354341e-228  +7.662291e-250  +3.463267e-282  +0.000000e+00  +0.000000e+00  +0.000000e+00  +0.000000e+00 
