+0.000000e+00  +0.000000e+00  +0.000000e+00  +0.000000e+00  +0.000000e+00  +0.000000e+00  +0.000000e+00  +0.000000e+00  +1.656993e-314  +1.811431e-300  +3.598835e-292  +1.866489e-294  +1.344397e-307  +0.000000e+00  +0.000000e+00  +0.000000e+00  +0.000000e+00  +0.000000e+00  +0.000000e+00  +0.000000e+00  +0.000000e+00  +0.000000e+00  +0.000000e+00  +0.000000e+00  +0.000000e+00  +0.000000e+00  +0.000000e+00  +0.000000e+00  +0.000000e+00  +0.000000e+00  +0.000000e+00  +0.000000e+00 
+0.000000e+00  +0.000000e+00  +0.000000e+00  +0.000000e+00  +0.000000e+00  +0.000000e+00  +1.092716e-287  +9.471368e-260  +3.642615e-240  +2.184467e-226  +1.219752e-218  +6.326028e-221  +4.556556e-234  +5.362436e-249  +1.137030e-269  +3.349037e-301  +0.000000e+00  +0.000000e+00  +0.000000e+00  +0.000000e+00  +5.080759e-299  +3.337691e-271  +3.045101e-254  +3.858293e-248  +6.789325e-253  +1.659189e-268  +5.631607e-295  +0.000000e+00  +0.000000e+00  +0.000000e+00  +0.000000e+00  +0.000000e+00 
+0.000000e+00  +0.000000e+00  +0.000000e+00  +0.000000e+00  +1.289981e-310  +5.797067e-261  +3.618021e-222  +3.135970e-194  +1.482683e-176  +5.808219e-163  +5.741704e-156  +2.977657e-158  +2.167254e-171  +3.435569e-183  +7.284643e-204  +6.452073e-233  +4.522855e-259  +1.037266e-294  +6.160505e-320  +2.087942e-270  +9.876385e-232  +6.488071e-204  +5.919311e-187  +7.500058e-181  +1.319763e-185  +3.225266e-201  +1.126978e-227  +2.066415e-261  +1.833147e-304  +0.000000e+00  +0.000000e+00  +0.000000e+00 
+0.000000e+00  +0.000000e+00  +0.000000e+00  +6.789266e-313  +5.932598e-256  +2.665691e-206  +1.663691e-167  +1.442027e-139  +1.782603e-122  +2.400136e-110  +3.754814e-104  +1.946508e-106  +2.142375e-118  +3.056843e-128  +6.481928e-149  +4.362108e-171  +3.673567e-197  +1.066184e-229  +1.972018e-257  +5.636862e-214  +2.666278e-175  +1.751552e-147  +1.598006e-130  +2.024753e-124  +3.562899e-129  +8.707925e-145  +4.153357e-170  +2.464875e-202  +2.187171e-245  +2.695311e-299  +0.000000e+00  +0.000000e+00 
+0.000000e+00  +0.000000e+00  +0.000000e+00  +3.942212e-261  +4.751655e-208  +1.703147e-162  +1.062459e-123  +9.209010e-96  +1.108851e-78  +1.404152e-68  +3.417281e-63  +1.767160e-65  +2.474208e-74  +3.777335e-84  +9.542048e-104  +4.720708e-120  +2.098197e-144  +1.600741e-175  +1.775259e-203  +1.361863e-164  +9.996566e-130  +6.567020e-102  +5.991339e-85  +7.591321e-79  +1.335823e-83  +3.403461e-99  +6.393565e-122  +4.084304e-154  +3.624150e-197  +4.466139e-251  +7.643572e-316  +0.000000e+00 
+0.000000e+00  +0.000000e+00  +3.664206e-284  +3.179891e-220  +3.832504e-167  +6.415067e-125  +9.437923e-91  +8.167525e-63  +9.832220e-46  +1.161650e-37  +4.377650e-33  +2.228094e-35  +4.245845e-41  +6.482531e-51  +1.488796e-64  +7.885801e-80  +4.295099e-101  +3.337832e-132  +2.219478e-160  +1.702375e-121  +1.865469e-93  +3.419414e-67  +3.119659e-50  +3.952762e-44  +6.956526e-49  +3.367528e-63  +1.471056e-84  +9.398951e-117  +8.340028e-160  +1.027765e-213  +1.758967e-278  +0.000000e+00 
+0.000000e+00  +8.823336e-305  +4.707138e-253  +3.562235e-190  +4.293317e-137  +7.186233e-95  +1.670516e-63  +1.011411e-40  +1.211091e-23  +3.547514e-17  +8.491826e-14  +3.902478e-16  +1.011935e-18  +5.669506e-28  +2.558536e-35  +2.237653e-48  +1.243794e-68  +9.799228e-100  +5.364066e-123  +2.955851e-89  +3.148653e-61  +2.938515e-43  +2.255945e-26  +2.858394e-20  +5.338321e-25  +1.022041e-36  +4.701414e-58  +3.003853e-90  +2.665427e-133  +3.284679e-187  +5.621562e-252  +0.000000e+00 
+1.763469e-312  +1.454495e-251  +1.666076e-201  +3.489992e-160  +6.679806e-118  +1.118020e-75  +2.598938e-44  +8.390367e-24  +2.109598e-12  +4.063387e-06  +4.363454e-05  +1.258837e-07  +3.368182e-07  +2.698285e-11  +9.621970e-17  +8.939462e-27  +6.343013e-47  +9.104393e-66  +3.618456e-82  +7.127670e-68  +7.592590e-40  +1.123234e-22  +2.268761e-13  +2.871233e-07  +1.419753e-10  +4.535797e-21  +2.086728e-42  +1.333263e-74  +1.183053e-117  +1.457908e-171  +2.495136e-236  +5.930568e-312 
+2.242065e-260  +3.329889e-209  +3.814276e-159  +6.067817e-120  +5.527955e-89  +7.677391e-62  +5.659454e-36  +1.814463e-15  +8.128950e-06  +1.334587e-04  +1.177807e-04  +9.118132e-05  +3.024283e-04  +9.395893e-05  +1.242243e-06  +3.111055e-15  +6.100121e-28  +7.474747e-37  +1.544266e-48  +4.018057e-47  +2.542688e-29  +3.761607e-12  +7.741481e-06  +8.270687e-05  +8.440939e-06  +2.795946e-16  +1.286296e-37  +8.218474e-70  +7.292549e-113  +8.986808e-167  +1.538047e-231  +3.655708e-307 
+6.065028e-205  +2.316485e-167  +1.212740e-127  +1.929247e-88  +4.262322e-60  +1.694796e-39  +3.274330e-23  +7.962325e-14  +4.004484e-05  +1.919562e-04  +1.005412e-04  +8.341032e-05  +6.237095e-05  +1.940258e-04  +1.057357e-04  +7.862408e-09  +1.963469e-11  +9.468570e-18  +1.783413e-23  +3.621484e-22  +2.948553e-19  +2.027553e-11  +4.463525e-05  +2.368223e-05  +1.541501e-10  +2.393677e-22  +1.101169e-43  +7.035652e-76  +6.242988e-119  +1.089569e-169  +3.878396e-218  +1.918644e-277 
+2.278533e-160  +8.702660e-123  +4.616222e-96  +8.520113e-68  +1.882111e-39  +5.774795e-22  +1.003528e-11  +2.701141e-06  +1.514554e-04  +1.037970e-04  +1.642708e-04  +1.943463e-05  +1.070155e-04  +1.784682e-04  +1.757957e-04  +1.259143e-04  +6.187168e-05  +2.584874e-09  +2.949427e-09  +4.589015e-08  +1.351188e-07  +1.339463e-05  +1.916132e-04  +1.001894e-06  +6.191539e-12  +5.502719e-28  +3.615025e-52  +3.755568e-69  +6.935919e-96  +1.778977e-133  +6.336869e-182  +3.134851e-241 
+1.188819e-126  +4.540592e-89  +2.408502e-62  +1.774301e-46  +1.579969e-29  +3.644985e-12  +1.513234e-05  +2.125328e-04  +2.915942e-04  +3.050082e-04  +1.918862e-04  +2.901110e-04  +2.797445e-04  +1.419248e-04  +2.685939e-04  +6.263289e-04  +1.306231e-04  +7.000235e-05  +5.853970e-05  +8.623204e-05  +8.607643e-05  +2.611464e-05  +1.034027e-05  +1.498604e-10  +6.355571e-11  +1.388979e-17  +6.408422e-28  +8.521895e-44  +1.573854e-70  +4.036741e-108  +1.437922e-156  +7.113405e-216 
+8.614184e-104  +3.290113e-66  +1.745201e-39  +1.285637e-23  +6.780948e-18  +4.638653e-08  +1.239330e-04  +1.506572e-04  +1.687884e-04  +2.493828e-04  +1.997722e-04  +2.762258e-04  +1.931760e-04  +7.979241e-05  +3.325676e-04  +2.889306e-04  +6.590656e-05  +1.389268e-04  +5.497368e-05  +3.047828e-05  +3.350051e-04  +2.865884e-04  +2.612866e-04  +1.518311e-04  +1.743829e-04  +3.233453e-08  +2.019502e-13  +2.685560e-29  +4.959790e-56  +1.272125e-93  +4.531420e-142  +2.241698e-201 
+8.668630e-92  +3.310909e-54  +1.756232e-27  +1.293762e-11  +1.435367e-06  +4.450434e-05  +1.597765e-04  +2.742520e-04  +1.986032e-04  +2.497216e-04  +4.223224e-04  +2.081957e-04  +2.325853e-04  +5.282838e-04  +3.342212e-04  +4.288629e-04  +2.778635e-04  +1.956489e-04  +1.035820e-04  +1.752387e-04  +2.024023e-04  +2.613501e-04  +2.950466e-04  +1.420389e-04  +7.278158e-05  +1.086143e-04  +1.140743e-09  +1.745886e-25  +3.930413e-52  +1.310542e-89  +6.467472e-138  +4.685955e-197 
+1.521675e-90  +5.870075e-53  +3.168349e-26  +2.654298e-10  +1.556130e-04  +1.944835e-04  +7.509306e-05  +2.862183e-04  +1.924594e-04  +2.510280e-04  +2.272401e-05  +4.723745e-04  +2.869898e-04  +1.945736e-04  +2.152443e-04  +3.724247e-04  +5.678763e-04  +2.005361e-04  +3.751843e-04  +3.985888e-05  +3.148548e-04  +6.933390e-05  +3.120710e-04  +4.073579e-04  +1.672587e-05  +2.928189e-06  +2.463711e-11  +5.471654e-27  +1.687663e-53  +7.229207e-91  +4.300646e-139  +3.553159e-198 
+3.123498e-91  +1.276558e-53  +8.479434e-27  +1.620549e-10  +1.118548e-04  +1.186964e-04  +2.511996e-04  +3.995696e-04  +2.391497e-04  +3.673002e-04  +9.385974e-05  +2.230593e-04  +6.735533e-04  +1.120972e-04  +5.142812e-04  +2.120486e-04  +3.458249e-04  +3.392178e-04  +2.674506e-04  +2.113847e-05  +1.801046e-04  +2.070949e-05  +1.140918e-04  +2.848776e-04  +1.961693e-05  +4.115936e-06  +2.853953e-17  +1.003942e-38  +2.247846e-65  +9.628787e-103  +5.728154e-151  +4.732556e-210 
+1.443765e-100  +5.058284e-62  +2.521137e-34  +1.749903e-17  +3.418134e-10  +2.327564e-07  +9.190644e-06  +1.735696e-05  +9.064074e-05  +1.862716e-04  +4.080505e-05  +8.443887e-06  +1.709979e-04  +2.859413e-05  +1.462302e-04  +3.206864e-04  +2.674059e-04  +3.577360e-04  +1.627212e-04  +1.533578e-04  +2.101527e-04  +8.109176e-05  +8.194469e-05  +7.893774e-05  +1.300777e-04  +3.831680e-09  +1.092088e-22  +1.039157e-44  +1.395234e-77  +2.601843e-121  +1.066317e-173  +8.754167e-233 
+3.132339e-118  +1.127588e-79  +5.637304e-52  +4.055029e-35  +1.734274e-24  +1.905575e-20  +1.279455e-13  +2.400818e-12  +8.974674e-08  +4.503078e-07  +1.960474e-10  +2.287806e-15  +3.088430e-11  +2.029253e-05  +7.300197e-05  +1.523667e-04  +1.762923e-04  +2.127932e-04  +3.223925e-04  +2.607757e-04  +9.448097e-05  +2.591400e-04  +1.438827e-04  +3.694250e-05  +2.954104e-05  +2.355111e-14  +1.495089e-30  +9.464393e-57  +1.568495e-93  +1.373287e-137  +3.556078e-192  +1.278944e-257 
+9.730757e-147  +3.502915e-108  +1.751383e-80  +1.100453e-61  +1.335698e-49  +3.230823e-42  +2.692943e-32  +1.887726e-28  +2.632295e-21  +1.410830e-19  +1.312958e-24  +7.324260e-33  +7.261968e-19  +6.208190e-07  +1.000889e-04  +1.645906e-04  +1.129865e-04  +2.054685e-04  +9.578672e-05  +5.990678e-05  +1.569084e-04  +1.061636e-04  +7.983980e-05  +3.687240e-05  +2.598062e-08  +3.488271e-19  +3.358864e-39  +4.539654e-70  +1.089371e-110  +1.226186e-158  +2.105413e-217  +9.423881e-285 
+4.198206e-186  +1.511286e-147  +8.881169e-120  +1.167852e-97  +1.485389e-85  +9.379244e-72  +7.873003e-62  +7.085837e-53  +1.419178e-45  +6.669060e-43  +3.395084e-49  +5.918756e-50  +3.645056e-27  +3.239767e-14  +9.489747e-06  +1.255488e-04  +7.307089e-05  +3.108426e-04  +2.972229e-04  +4.117609e-04  +2.759037e-04  +5.833095e-05  +3.289199e-07  +2.176093e-10  +1.002691e-18  +1.179186e-31  +1.026746e-54  +1.075274e-85  +2.017687e-127  +5.258377e-180  +1.938064e-243  +8.217478e-315 
+2.515468e-236  +9.058391e-198  +1.980278e-167  +1.740615e-144  +4.141436e-132  +3.808194e-112  +3.197017e-102  +3.904035e-88  +3.254982e-80  +4.398166e-77  +2.116408e-84  +9.215366e-69  +1.149585e-37  +3.693128e-17  +5.857296e-07  +8.345976e-05  +9.076068e-05  +1.142794e-04  +2.078906e-04  +6.283988e-05  +1.696871e-04  +2.386503e-04  +4.510332e-05  +2.120451e-06  +1.906324e-11  +2.276406e-25  +6.652520e-50  +3.479028e-85  +2.693024e-131  +2.933315e-188  +4.448721e-256  +0.000000e+00 
+2.093206e-297  +1.398225e-258  +4.089719e-225  +3.602998e-202  +3.552875e-184  +2.147377e-163  +3.090548e-152  +2.987314e-134  +2.514697e-125  +4.029216e-122  +6.781721e-110  +1.103161e-67  +2.492159e-36  +7.819248e-16  +3.419429e-06  +3.866747e-06  +4.745731e-04  +3.129197e-04  +5.191966e-04  +3.618852e-04  +2.764804e-05  +1.969345e-04  +1.477868e-04  +1.516515e-04  +1.311173e-07  +3.372078e-21  +1.338852e-45  +7.550275e-81  +5.940119e-127  +6.496598e-184  +9.870478e-252  +0.000000e+00 
+0.000000e+00  +0.000000e+00  +1.175687e-293  +1.035817e-270  +2.782280e-246  +1.681649e-225  +3.092696e-209  +3.174803e-191  +3.149816e-181  +1.743608e-172  +2.042248e-119  +3.322060e-77  +7.504889e-46  +2.354614e-25  +1.210920e-12  +7.577587e-05  +1.839296e-04  +1.359113e-04  +1.786589e-04  +2.001836e-04  +5.576139e-05  +2.524200e-05  +4.297144e-05  +2.073727e-05  +2.826912e-08  +9.111374e-22  +4.119271e-46  +2.586858e-81  +2.256130e-127  +2.732711e-184  +4.596860e-252  +0.000000e+00 
+0.000000e+00  +0.000000e+00  +0.000000e+00  +0.000000e+00  +3.025954e-319  +1.828944e-298  +4.564332e-277  +8.070448e-256  +2.457699e-196  +1.040041e-147  +6.112372e-110  +1.569608e-79  +5.164600e-50  +2.362133e-31  +4.147296e-18  +2.639223e-07  +7.995775e-05  +2.545292e-04  +2.929802e-04  +1.776007e-04  +1.578035e-04  +3.362705e-04  +1.399545e-04  +4.488619e-08  +5.969947e-15  +5.052426e-31  +2.168254e-55  +1.361635e-90  +1.187551e-136  +1.438408e-193  +2.419633e-261  +0.000000e+00 
+0.000000e+00  +0.000000e+00  +0.000000e+00  +0.000000e+00  +0.000000e+00  +0.000000e+00  +2.344686e-296  +5.144349e-226  +1.567523e-166  +6.633390e-118  +3.898477e-80  +3.181943e-53  +2.712152e-35  +1.222588e-16  +9.298391e-09  +4.472057e-06  +1.698700e-04  +4.006800e-05  +2.908493e-06  +1.300632e-05  +8.606750e-05  +1.732602e-04  +1.379765e-04  +8.853585e-05  +2.580718e-11  +1.115138e-28  +6.692672e-57  +5.578387e-96  +6.457371e-146  +1.038104e-206  +2.319503e-278  +0.000000e+00 
+0.000000e+00  +0.000000e+00  +0.000000e+00  +0.000000e+00  +0.000000e+00  +0.000000e+00  +2.076863e-277  +4.556733e-207  +1.388472e-147  +5.875687e-99  +3.453172e-61  +2.818484e-34  +3.194868e-18  +4.598832e-11  +5.736270e-05  +9.538416e-06  +1.213636e-04  +9.279677e-07  +3.542749e-10  +8.495334e-05  +3.916319e-04  +7.651385e-05  +1.328479e-04  +1.445985e-07  +7.075467e-17  +7.175827e-36  +4.027933e-64  +3.356948e-103  +3.885900e-153  +6.247074e-214  +1.394760e-285  +0.000000e+00 
+0.000000e+00  +0.000000e+00  +0.000000e+00  +0.000000e+00  +0.000000e+00  +0.000000e+00  +2.554871e-269  +5.605504e-199  +1.708041e-139  +7.228036e-91  +4.247973e-53  +3.467275e-26  +3.930675e-10  +6.246269e-05  +4.036394e-05  +1.116261e-05  +2.022944e-09  +1.543538e-17  +4.249613e-11  +4.862673e-06  +1.173745e-06  +3.070316e-06  +2.850236e-08  +5.200671e-13  +1.568001e-28  +1.656618e-49  +1.580162e-80  +3.006061e-121  +3.247983e-171  +5.220962e-232  +1.165664e-303  +0.000000e+00 
+0.000000e+00  +0.000000e+00  +0.000000e+00  +0.000000e+00  +0.000000e+00  +0.000000e+00  +4.427463e-272  +1.022769e-201  +3.858024e-142  +3.119531e-93  +5.973880e-55  +2.088854e-27  +1.096802e-10  +8.141612e-05  +8.468290e-10  +4.444257e-16  +1.722110e-20  +1.566673e-33  +2.382971e-22  +9.190258e-17  +1.019007e-17  +1.156184e-17  +4.600253e-22  +2.462686e-27  +6.258048e-43  +2.209367e-69  +7.659242e-104  +9.916716e-146  +1.823251e-198  +6.506365e-261  +0.000000e+00  +0.000000e+00 
+0.000000e+00  +0.000000e+00  +0.000000e+00  +0.000000e+00  +0.000000e+00  +0.000000e+00  +1.903258e-281  +1.978500e-210  +2.856453e-150  +5.727422e-101  +1.594887e-62  +6.167920e-35  +3.312726e-18  +2.470986e-12  +2.559723e-17  +3.682900e-33  +3.068252e-42  +1.567445e-56  +1.864766e-44  +5.869448e-38  +7.524300e-39  +6.547510e-40  +1.851173e-44  +1.619558e-52  +4.115537e-68  +1.452427e-94  +7.118695e-132  +1.165658e-179  +1.226401e-232  +3.066932e-296  +0.000000e+00  +0.000000e+00 
+0.000000e+00  +0.000000e+00  +0.000000e+00  +0.000000e+00  +0.000000e+00  +0.000000e+00  +8.032227e-300  +8.350126e-229  +1.205558e-168  +2.417247e-119  +6.731191e-81  +2.603159e-53  +1.398130e-36  +1.042875e-30  +1.080327e-35  +1.554232e-51  +7.680686e-75  +3.863428e-89  +2.032019e-77  +6.314881e-70  +8.285632e-71  +5.169069e-73  +1.461015e-77  +1.479241e-88  +3.758824e-104  +1.326539e-130  +6.501681e-168  +4.425572e-216  +4.195307e-275  +0.000000e+00  +0.000000e+00  +0.000000e+00 
+0.000000e+00  +0.000000e+00  +0.000000e+00  +0.000000e+00  +0.000000e+00  +0.000000e+00  +0.000000e+00  +4.894327e-258  +7.066234e-198  +1.416841e-148  +3.945408e-110  +1.525811e-82  +8.194974e-66  +6.112689e-60  +6.332206e-65  +9.109944e-81  +1.820180e-107  +1.322802e-132  +3.157842e-121  +9.643433e-113  +1.268342e-113  +5.668418e-117  +1.602166e-121  +1.939120e-135  +4.767773e-151  +1.682610e-177  +8.246871e-215  +5.613490e-263  +5.286502e-322  +0.000000e+00  +0.000000e+00  +0.000000e+00 
+0.000000e+00  +0.000000e+00  +0.000000e+00  +0.000000e+00  +0.000000e+00  +0.000000e+00  +0.000000e+00  +3.984107e-298  +5.752094e-238  +1.153344e-188  +3.211662e-150  +1.242049e-122  +6.670917e-106  +4.975884e-100  +5.154577e-105  +7.415726e-121  +1.481673e-147  +4.174296e-185  +8.567783e-176  +2.049663e-166  +2.696440e-167  +8.632824e-172  +2.440050e-176  +9.908686e-192  +8.398796e-209  +2.964045e-235  +1.452749e-272  +9.886254e-321  +0.000000e+00  +0.000000e+00  +0.000000e+00  +0.000000e+00 
