+0.000000e+00  +0.000000e+00  +0.000000e+00  +0.000000e+00  +3.744841e-311  +1.306141e-284  +6.326813e-269  +4.256158e-264  +3.976385e-270  +5.159375e-287  +9.789705e-315  +0.000000e+00  +0.000000e+00  +0.000000e+00  +0.000000e+00  +0.000000e+00  +0.000000e+00  +0.000000e+00  +0.000000e+00  +0.000000e+00  +4.140851e-294  +3.337467e-266  +1.887940e-247  +1.483194e-239  +1.618250e-242  +2.452060e-256  +5.160059e-281  +1.508052e-316  +0.000000e+00  +0.000000e+00  +0.000000e+00  +0.000000e+00 
+0.000000e+00  +0.000000e+00  +0.000000e+00  +6.420724e-279  +1.612512e-241  +5.624186e-215  +2.724297e-199  +1.832682e-194  +1.712214e-200  +2.221611e-217  +1.908071e-243  +6.545060e-275  +3.184781e-317  +0.000000e+00  +0.000000e+00  +0.000000e+00  +0.000000e+00  +0.000000e+00  +1.084293e-301  +5.436848e-258  +3.786120e-225  +3.019350e-200  +1.705882e-181  +1.340166e-173  +1.462199e-176  +2.215603e-190  +4.662465e-215  +1.362627e-250  +9.087421e-290  +0.000000e+00  +0.000000e+00  +0.000000e+00 
+0.000000e+00  +0.000000e+00  +2.123296e-268  +3.839648e-220  +9.642959e-183  +3.363312e-156  +1.629153e-140  +1.095960e-135  +1.023918e-141  +1.332437e-158  +9.836673e-182  +3.446399e-213  +1.676994e-255  +1.133275e-308  +0.000000e+00  +0.000000e+00  +0.000000e+00  +3.295068e-296  +1.404634e-243  +7.043098e-200  +4.904584e-167  +8.535220e-145  +2.140664e-126  +1.681735e-118  +1.834870e-121  +2.780295e-135  +5.850789e-160  +7.899130e-195  +6.247662e-225  +8.758662e-266  +1.705281e-317  +0.000000e+00 
+0.000000e+00  +1.354294e-279  +1.763421e-220  +3.188870e-172  +8.008584e-135  +2.793268e-108  +1.353030e-92  +9.102069e-88  +8.503758e-94  +3.954631e-110  +7.193290e-131  +2.520319e-162  +1.226370e-204  +8.287533e-258  +7.756831e-322  +0.000000e+00  +1.787378e-286  +5.011799e-236  +4.479678e-196  +1.267121e-152  +8.823819e-120  +8.541502e-98  +3.731283e-82  +2.930856e-74  +3.197732e-77  +4.845378e-91  +1.019651e-115  +5.909490e-141  +5.965301e-171  +8.362817e-212  +1.628347e-263  +0.000000e+00 
+1.666062e-312  +1.562055e-242  +2.033945e-183  +3.678072e-135  +9.237174e-98  +3.221780e-71  +1.560597e-55  +1.049841e-50  +9.809904e-57  +2.897052e-70  +7.305592e-91  +2.559666e-122  +1.245516e-164  +8.416918e-218  +7.899415e-282  +6.375522e-271  +3.823870e-237  +1.071321e-186  +4.171907e-147  +3.193799e-116  +2.204698e-83  +2.132219e-61  +9.435928e-49  +7.093707e-41  +7.739570e-44  +1.172742e-57  +1.078345e-78  +7.836151e-98  +7.910159e-128  +1.110329e-168  +2.602839e-219  +5.670593e-278 
+2.668779e-286  +2.502175e-216  +3.258071e-157  +5.891712e-109  +1.479655e-71  +5.160803e-45  +2.499839e-29  +1.681686e-24  +1.795985e-30  +4.084430e-41  +1.030437e-61  +3.610349e-93  +1.756771e-135  +1.187186e-188  +2.040633e-239  +3.306254e-209  +6.325619e-179  +3.180411e-148  +1.238507e-108  +6.698158e-80  +7.708080e-58  +7.398716e-36  +1.062877e-24  +2.386570e-18  +2.601536e-21  +3.946428e-35  +1.985405e-46  +1.443094e-65  +1.484427e-95  +3.433260e-134  +5.837967e-182  +1.386900e-240 
+5.937066e-271  +5.566432e-201  +7.248028e-142  +1.310692e-93  +3.291696e-56  +1.148092e-29  +5.561236e-14  +3.741175e-09  +4.439314e-13  +8.000830e-23  +2.018483e-43  +7.072174e-75  +3.441271e-117  +3.327271e-170  +5.739730e-174  +2.381262e-158  +4.481268e-128  +1.251862e-107  +5.106463e-81  +2.761551e-52  +2.083561e-34  +3.686248e-21  +4.806524e-10  +1.212983e-06  +1.221704e-09  +9.703072e-17  +5.077993e-25  +4.752023e-44  +9.415545e-71  +1.159279e-107  +1.983111e-155  +4.711480e-214 
+4.160590e-266  +1.719785e-196  +2.239325e-137  +4.049469e-89  +1.016991e-51  +3.547103e-25  +1.718180e-09  +1.165011e-04  +1.198206e-05  +2.176591e-15  +5.491194e-36  +1.927342e-67  +1.612802e-106  +3.913073e-116  +2.242105e-119  +2.381860e-118  +4.481631e-88  +1.287026e-68  +2.505685e-56  +1.598662e-35  +1.187637e-17  +3.988666e-10  +4.048659e-06  +3.483938e-04  +4.237960e-05  +3.447889e-06  +9.659656e-14  +5.027761e-29  +4.477871e-55  +5.561739e-92  +9.757641e-140  +3.357918e-189 
+1.903285e-208  +5.469311e-173  +9.608646e-144  +1.737534e-95  +4.363672e-58  +1.521981e-31  +8.409923e-16  +6.153131e-06  +1.108394e-05  +9.777020e-14  +1.746750e-28  +5.987304e-54  +5.145414e-80  +2.122855e-72  +1.216350e-75  +4.276745e-89  +6.225615e-59  +1.628464e-39  +3.425070e-29  +1.356632e-20  +4.004142e-11  +9.897881e-05  +1.534214e-04  +3.448887e-04  +1.184492e-04  +1.897981e-04  +1.122086e-08  +1.100253e-23  +2.082394e-49  +8.673632e-76  +2.429010e-112  +9.447039e-160 
+2.162623e-161  +6.214548e-126  +2.480143e-101  +1.812447e-84  +2.728899e-61  +1.204242e-31  +7.399390e-13  +6.697362e-05  +9.894168e-05  +1.758862e-08  +4.615691e-23  +1.435756e-43  +3.876687e-47  +1.599414e-39  +9.164299e-43  +7.400612e-57  +1.216714e-40  +3.138611e-21  +1.802238e-12  +1.729972e-09  +2.788258e-05  +2.777281e-04  +1.883387e-04  +1.118570e-04  +2.228369e-04  +1.702800e-04  +1.075311e-09  +1.157502e-16  +1.680638e-31  +3.388945e-57  +9.490584e-94  +3.691130e-141 
+3.412681e-125  +9.806736e-90  +3.913733e-65  +2.645510e-51  +4.148461e-40  +7.083094e-35  +7.077555e-15  +1.900370e-05  +4.542405e-05  +2.283719e-08  +4.012010e-17  +1.302112e-21  +4.056384e-25  +1.673552e-17  +9.604548e-21  +1.749443e-33  +1.424910e-29  +6.563214e-13  +3.103244e-05  +1.030135e-04  +2.626099e-04  +1.945721e-04  +8.527555e-05  +2.269187e-04  +1.360689e-04  +2.040531e-04  +6.303578e-05  +6.280994e-09  +9.119597e-24  +1.838947e-49  +5.153766e-86  +2.168175e-133 
+7.479578e-100  +2.149203e-64  +8.577170e-40  +4.754068e-26  +1.517561e-18  +1.832873e-17  +2.202769e-11  +1.010237e-04  +1.266388e-04  +4.321499e-06  +3.956793e-06  +1.640063e-10  +7.079402e-14  +2.432393e-06  +4.716223e-09  +1.425144e-18  +2.068883e-15  +6.053479e-10  +1.681809e-04  +1.225407e-04  +2.361628e-04  +9.343463e-05  +1.011348e-04  +3.431373e-04  +9.284607e-05  +2.710182e-05  +9.917845e-05  +4.340026e-08  +6.714688e-21  +1.468703e-44  +5.114270e-79  +2.368719e-121 
+5.718049e-82  +1.265636e-49  +2.611476e-25  +1.446904e-11  +1.108428e-07  +9.389486e-07  +1.322721e-09  +4.793683e-05  +1.929006e-04  +2.925937e-04  +1.968059e-04  +1.967735e-07  +1.231191e-05  +1.153260e-04  +1.018574e-05  +1.488972e-06  +1.906648e-05  +1.249080e-05  +7.580892e-05  +3.880662e-05  +1.216012e-04  +1.618332e-04  +1.676430e-04  +7.401895e-05  +1.148118e-04  +2.983429e-04  +8.423364e-05  +2.999944e-07  +1.248836e-16  +2.314474e-36  +6.042093e-67  +8.425566e-100 
+9.250266e-71  +9.896367e-39  +1.470510e-17  +3.645721e-07  +5.897857e-05  +5.266873e-05  +4.797174e-06  +1.249797e-04  +1.452939e-04  +6.331801e-05  +2.357372e-04  +2.571616e-05  +2.263747e-04  +2.504890e-05  +1.069941e-04  +1.528320e-04  +2.835840e-04  +1.845916e-04  +1.835770e-04  +2.693885e-04  +2.194934e-04  +3.933263e-04  +3.747242e-04  +3.111554e-04  +4.130591e-05  +4.958244e-06  +7.776353e-07  +1.465819e-05  +1.963903e-14  +1.830188e-29  +2.135629e-46  +3.466625e-74 
+2.079081e-70  +2.224298e-38  +3.304855e-17  +6.820917e-07  +1.234614e-04  +1.351012e-04  +1.253208e-04  +3.937350e-04  +2.319400e-04  +2.404974e-04  +3.599080e-04  +1.462742e-04  +8.818519e-06  +8.410269e-05  +1.814907e-04  +4.997902e-05  +2.773998e-04  +1.463948e-04  +2.328105e-04  +3.433137e-04  +2.185894e-04  +1.674151e-04  +4.061398e-04  +6.545474e-05  +2.741443e-04  +8.763033e-05  +1.523317e-04  +1.181599e-04  +1.256103e-08  +1.044067e-14  +1.220314e-31  +1.980854e-59 
+6.490503e-81  +2.276434e-48  +4.576740e-23  +1.873284e-08  +1.977917e-04  +2.554154e-04  +2.146033e-04  +2.767704e-04  +2.262849e-04  +1.974553e-04  +2.264098e-04  +3.453225e-04  +4.139830e-04  +6.521294e-04  +1.389300e-04  +2.660861e-04  +3.622999e-04  +2.004746e-04  +4.444610e-04  +3.240504e-04  +3.073322e-04  +3.876630e-05  +2.980533e-04  +8.715716e-05  +1.663402e-04  +1.119076e-04  +5.943778e-05  +1.281786e-04  +1.058219e-04  +8.299204e-11  +9.684882e-28  +1.571949e-55 
+4.269618e-91  +1.494629e-53  +8.707755e-27  +7.213862e-11  +5.566824e-05  +2.419486e-04  +3.354717e-04  +2.869604e-04  +1.227461e-04  +1.209215e-04  +1.518528e-04  +2.734186e-04  +3.969117e-04  +6.784321e-05  +3.419808e-04  +2.633848e-04  +2.114504e-04  +1.372035e-04  +3.130928e-04  +3.863992e-04  +2.522088e-04  +2.004857e-04  +9.168583e-05  +8.651237e-05  +1.824235e-04  +6.750172e-05  +7.557871e-05  +1.286034e-04  +5.032437e-06  +2.289836e-13  +1.448319e-31  +1.287721e-60 
+9.922650e-102  +4.211226e-64  +2.544239e-37  +2.492142e-20  +1.887629e-08  +6.169988e-05  +4.336246e-05  +1.270702e-04  +2.795281e-04  +7.541993e-05  +1.790952e-04  +1.514156e-04  +1.496981e-04  +1.733647e-04  +2.887342e-04  +1.631656e-04  +7.007783e-04  +1.895668e-04  +3.278348e-04  +1.050466e-04  +1.864378e-04  +2.526847e-05  +1.815956e-04  +4.107008e-05  +1.500899e-04  +1.098154e-04  +2.651751e-04  +1.414488e-05  +1.634265e-15  +5.265284e-24  +3.327966e-42  +2.921286e-71 
+3.930874e-123  +1.750411e-85  +1.938689e-55  +3.003112e-30  +6.536908e-16  +1.081363e-10  +2.062265e-07  +4.437829e-04  +3.896710e-05  +5.024566e-06  +2.432496e-04  +1.976318e-04  +4.247981e-04  +3.213604e-04  +3.438343e-05  +1.644303e-04  +2.630566e-04  +1.657769e-04  +2.020782e-04  +1.511963e-04  +1.672567e-04  +1.421607e-04  +2.006653e-05  +3.804610e-05  +4.602131e-05  +1.119681e-04  +3.431444e-05  +7.921525e-10  +2.623459e-22  +4.286587e-43  +1.062800e-63  +9.329251e-93 
+2.472874e-155  +8.183819e-110  +9.235934e-74  +1.447584e-48  +3.151853e-34  +1.222663e-23  +1.146020e-11  +1.784709e-05  +8.625855e-06  +2.355241e-04  +5.216902e-04  +9.445656e-05  +9.529614e-05  +6.546306e-05  +5.812413e-05  +3.114089e-05  +6.848419e-05  +3.750264e-04  +8.985955e-05  +6.852138e-07  +1.015727e-10  +1.362913e-09  +1.360730e-10  +1.647439e-07  +3.612911e-10  +1.142968e-10  +1.026881e-12  +7.377829e-19  +2.438909e-34  +2.158348e-60  +2.350829e-92  +4.137685e-125 
+6.741849e-186  +5.478555e-139  +6.182883e-103  +9.690675e-78  +1.429138e-61  +1.727008e-38  +1.764223e-21  +9.130141e-12  +1.002273e-04  +1.819227e-04  +7.492568e-05  +4.765347e-04  +3.908775e-04  +7.518852e-05  +1.031867e-04  +1.339744e-04  +3.727781e-05  +2.939490e-08  +4.506636e-09  +2.609576e-12  +2.296800e-26  +1.997602e-25  +1.290526e-23  +1.547058e-20  +1.132729e-24  +1.696037e-27  +1.248395e-29  +1.005054e-38  +3.319467e-54  +1.523945e-80  +9.724402e-118  +2.504022e-163 
+6.267974e-226  +5.093476e-179  +5.748298e-143  +9.012659e-118  +5.135402e-87  +1.914300e-51  +4.628606e-25  +1.678714e-09  +2.260783e-04  +2.164310e-04  +9.980229e-06  +1.664905e-04  +2.901610e-05  +1.669572e-05  +2.492184e-04  +3.872011e-05  +2.271841e-06  +1.275419e-17  +4.203586e-24  +2.435348e-27  +1.959498e-41  +4.069916e-52  +1.705625e-47  +2.043744e-44  +5.094968e-50  +3.513341e-55  +2.176344e-57  +3.434244e-69  +6.274935e-85  +2.880780e-111  +1.836745e-148  +1.626395e-196 
+8.093070e-277  +6.576584e-230  +7.422404e-194  +2.714365e-139  +3.119195e-91  +4.977999e-54  +1.103375e-27  +3.682619e-12  +3.963558e-05  +2.386152e-04  +4.790557e-04  +5.674970e-04  +4.123698e-04  +4.269957e-04  +1.940943e-04  +6.875036e-05  +7.338578e-11  +1.692027e-23  +6.504958e-47  +3.156414e-53  +2.539672e-67  +1.154450e-89  +3.130676e-82  +3.751237e-79  +3.765378e-86  +1.015125e-93  +5.278490e-96  +3.694636e-108  +1.647396e-126  +7.562909e-153  +4.822006e-190  +4.269770e-238 
+0.000000e+00  +2.173678e-281  +1.295071e-211  +1.072223e-152  +2.723304e-104  +5.045686e-64  +2.992193e-34  +9.215522e-15  +1.756875e-05  +1.795972e-04  +2.162912e-05  +1.038059e-04  +1.744528e-04  +1.949423e-04  +1.984748e-04  +2.185107e-06  +6.610697e-15  +4.814100e-30  +2.945074e-45  +9.354025e-71  +4.575518e-104  +5.108226e-129  +7.980512e-128  +9.562402e-125  +1.862017e-132  +4.146151e-143  +1.781714e-145  +1.230884e-157  +6.132228e-179  +2.757437e-205  +1.758104e-242  +1.556759e-290 
+0.000000e+00  +3.532111e-303  +1.301609e-228  +7.095627e-165  +5.382420e-112  +5.670607e-70  +8.297860e-39  +1.751861e-18  +7.360698e-08  +4.508743e-05  +9.054626e-07  +7.314509e-05  +7.562438e-05  +8.479756e-06  +3.791062e-05  +1.153048e-04  +8.236606e-09  +3.879520e-14  +8.872424e-29  +2.818024e-54  +1.243039e-90  +7.614882e-138  +2.825279e-184  +3.385303e-181  +5.665827e-189  +9.318646e-203  +8.373238e-206  +5.702854e-218  +6.139489e-241  +1.396242e-268  +8.902237e-306  +0.000000e+00 
+0.000000e+00  +1.346914e-317  +5.297597e-243  +2.893717e-179  +2.195193e-126  +2.315914e-84  +5.111480e-53  +7.869831e-30  +2.594416e-12  +1.432655e-05  +5.877837e-05  +2.254944e-06  +5.947707e-09  +4.862705e-09  +4.495755e-07  +7.366730e-05  +9.985205e-05  +1.623169e-08  +3.712476e-23  +1.218547e-48  +7.313411e-84  +1.622613e-128  +5.380403e-184  +1.689214e-248  +2.770287e-256  +1.170477e-271  +5.481342e-277  +3.669565e-289  +3.754644e-312  +0.000000e+00  +0.000000e+00  +0.000000e+00 
+0.000000e+00  +0.000000e+00  +3.000625e-268  +1.639117e-204  +1.265777e-151  +1.809843e-107  +3.503365e-68  +9.971697e-40  +3.941771e-22  +3.155477e-14  +2.037849e-11  +6.538509e-18  +1.728142e-22  +7.174685e-22  +1.024505e-09  +2.664181e-08  +6.585442e-05  +5.625429e-07  +4.999498e-19  +6.189989e-42  +1.064385e-75  +2.541825e-120  +8.430056e-176  +3.882874e-242  +2.483767e-319  +0.000000e+00  +0.000000e+00  +0.000000e+00  +0.000000e+00  +0.000000e+00  +0.000000e+00  +0.000000e+00 
+0.000000e+00  +0.000000e+00  +2.361882e-304  +2.459392e-239  +2.444113e-178  +3.606858e-128  +7.392217e-89  +2.104061e-60  +8.345989e-43  +1.434578e-31  +9.946510e-29  +9.582623e-37  +3.136004e-46  +2.022373e-35  +3.572701e-23  +1.147723e-13  +2.983910e-06  +2.284047e-09  +1.093160e-21  +1.346962e-44  +2.316075e-78  +5.530947e-123  +1.834359e-178  +8.449034e-245  +5.385316e-322  +0.000000e+00  +0.000000e+00  +0.000000e+00  +0.000000e+00  +0.000000e+00  +0.000000e+00  +0.000000e+00 
+0.000000e+00  +0.000000e+00  +0.000000e+00  +6.740292e-271  +7.162234e-210  +1.056954e-159  +2.166217e-120  +6.165752e-92  +2.191443e-73  +9.724057e-60  +6.742295e-57  +6.492410e-65  +1.105776e-79  +9.794492e-60  +5.219572e-43  +9.709648e-25  +2.508616e-17  +9.037716e-21  +7.772670e-35  +4.101424e-58  +6.999434e-92  +1.671442e-136  +5.543398e-192  +2.553283e-258  +0.000000e+00  +0.000000e+00  +0.000000e+00  +0.000000e+00  +0.000000e+00  +0.000000e+00  +0.000000e+00  +0.000000e+00 
+0.000000e+00  +0.000000e+00  +0.000000e+00  +2.743114e-313  +2.914833e-252  +4.301516e-202  +8.815912e-163  +2.514391e-134  +1.833680e-112  +9.154243e-99  +6.347207e-96  +6.111965e-104  +5.179056e-118  +5.237326e-94  +6.132993e-65  +1.140921e-46  +2.947653e-39  +1.057649e-42  +5.284055e-57  +5.355563e-82  +2.972529e-116  +7.015360e-161  +2.326516e-216  +1.071590e-282  +0.000000e+00  +0.000000e+00  +0.000000e+00  +0.000000e+00  +0.000000e+00  +0.000000e+00  +0.000000e+00  +0.000000e+00 
+0.000000e+00  +0.000000e+00  +0.000000e+00  +0.000000e+00  +1.647468e-305  +2.431223e-255  +4.982768e-216  +8.086762e-187  +2.397248e-162  +1.196838e-148  +8.298423e-146  +7.990865e-154  +4.845455e-164  +7.471666e-127  +1.000835e-97  +1.861853e-79  +4.810234e-72  +1.725937e-75  +8.600542e-90  +5.961869e-115  +7.432587e-151  +4.165088e-196  +1.356185e-251  +6.245924e-318  +0.000000e+00  +0.000000e+00  +0.000000e+00  +0.000000e+00  +0.000000e+00  +0.000000e+00  +0.000000e+00  +0.000000e+00 
+0.000000e+00  +0.000000e+00  +0.000000e+00  +0.000000e+00  +0.000000e+00  +1.908378e-319  +3.915892e-280  +1.210931e-247  +4.352751e-223  +2.173132e-209  +1.506768e-206  +1.450924e-214  +1.755652e-210  +1.693345e-170  +2.268247e-141  +4.219619e-123  +1.090170e-115  +3.911586e-119  +1.949170e-133  +1.348922e-158  +1.297840e-194  +2.061459e-241  +1.129767e-297  +0.000000e+00  +0.000000e+00  +0.000000e+00  +0.000000e+00  +0.000000e+00  +0.000000e+00  +0.000000e+00  +0.000000e+00  +0.000000e+00 
