+0.000000e+00  +0.000000e+00  +0.000000e+00  +0.000000e+00  +0.000000e+00  +0.000000e+00  +0.000000e+00  +0.000000e+00  +0.000000e+00  +0.000000e+00  +0.000000e+00  +0.000000e+00  +0.000000e+00  +0.000000e+00  +0.000000e+00  +0.000000e+00  +0.000000e+00  +0.000000e+00  +0.000000e+00  +0.000000e+00  +0.000000e+00  +0.000000e+00  +0.000000e+00  +0.000000e+00  +0.000000e+00  +0.000000e+00  +0.000000e+00  +0.000000e+00  +0.000000e+00  +0.000000e+00  +0.000000e+00  +0.000000e+00 
+0.000000e+00  +0.000000e+00  +0.000000e+00  +0.000000e+00  +0.000000e+00  +0.000000e+00  +0.000000e+00  +0.000000e+00  +0.000000e+00  +0.000000e+00  +0.000000e+00  +0.000000e+00  +8.455723e-313  +3.266114e-307  +2.117518e-312  +3.352960e-300  +4.272299e-298  +7.560193e-307  +3.388870e-306  +1.474411e-295  +1.969413e-294  +3.136571e-290  +7.268098e-297  +1.013539e-313  +0.000000e+00  +0.000000e+00  +0.000000e+00  +0.000000e+00  +0.000000e+00  +0.000000e+00  +0.000000e+00  +0.000000e+00 
+0.000000e+00  +0.000000e+00  +0.000000e+00  +0.000000e+00  +0.000000e+00  +0.000000e+00  +0.000000e+00  +0.000000e+00  +0.000000e+00  +1.011669e-305  +1.824865e-275  +1.310214e-253  +3.631340e-237  +1.402644e-231  +7.603054e-237  +7.225634e-226  +9.206810e-224  +1.629223e-232  +2.606416e-232  +1.135248e-221  +4.589209e-221  +6.498733e-217  +1.506204e-223  +3.499244e-239  +2.161327e-249  +5.341663e-263  +1.859539e-287  +1.467674e-316  +0.000000e+00  +0.000000e+00  +0.000000e+00  +0.000000e+00 
+0.000000e+00  +0.000000e+00  +0.000000e+00  +0.000000e+00  +0.000000e+00  +0.000000e+00  +4.352718e-321  +7.461216e-298  +1.058403e-279  +1.374669e-238  +2.479640e-208  +1.399895e-188  +2.165814e-172  +8.365687e-167  +4.490019e-172  +2.162533e-162  +2.755464e-160  +4.876025e-169  +2.784710e-169  +1.215913e-158  +1.875997e-158  +1.869994e-154  +4.353100e-161  +2.122692e-175  +2.254223e-182  +5.571254e-196  +3.561002e-219  +1.893945e-246  +1.480990e-284  +0.000000e+00  +0.000000e+00  +0.000000e+00 
+0.000000e+00  +0.000000e+00  +0.000000e+00  +0.000000e+00  +2.656410e-312  +4.523563e-274  +1.074365e-246  +1.260841e-225  +1.099419e-212  +2.594152e-182  +4.679356e-152  +1.178685e-132  +1.793966e-118  +6.929370e-113  +3.717266e-118  +8.988813e-110  +1.145302e-107  +2.026719e-116  +4.134262e-117  +1.815125e-106  +1.613797e-106  +7.472911e-103  +1.902107e-109  +1.994342e-122  +3.265210e-126  +8.071396e-140  +6.055096e-160  +3.395944e-187  +2.653505e-225  +2.882740e-274  +0.000000e+00  +0.000000e+00 
+0.000000e+00  +0.000000e+00  +0.000000e+00  +9.475243e-291  +1.807060e-247  +2.138938e-210  +5.070413e-183  +2.975553e-164  +2.551765e-151  +6.798885e-137  +1.226370e-106  +3.072278e-87  +2.064753e-75  +7.971201e-70  +4.276051e-75  +5.191435e-68  +6.611605e-66  +1.171073e-74  +8.534872e-76  +3.792846e-65  +2.860623e-65  +4.147438e-62  +2.982387e-68  +3.712479e-78  +6.568459e-81  +2.005455e-94  +1.514570e-111  +8.463892e-139  +6.604821e-177  +7.172047e-226  +1.082441e-285  +0.000000e+00 
+0.000000e+00  +0.000000e+00  +2.762674e-288  +3.530721e-234  +6.266726e-191  +1.559019e-157  +3.329557e-130  +2.060519e-113  +8.315840e-101  +3.588052e-93  +4.463697e-72  +1.118211e-52  +3.686089e-43  +1.273479e-37  +6.831410e-43  +4.191365e-37  +5.304806e-35  +1.037837e-43  +2.503526e-45  +1.119525e-34  +9.007373e-35  +3.197140e-32  +3.402310e-37  +1.031186e-43  +1.835080e-46  +1.360134e-57  +5.283624e-74  +2.934120e-101  +2.284427e-139  +2.621072e-188  +3.169297e-243  +9.789808e-308 
+0.000000e+00  +1.481018e-302  +1.429686e-242  +1.827151e-188  +3.242993e-145  +8.006651e-113  +3.039223e-88  +1.004040e-71  +3.764126e-61  +1.651467e-55  +2.327438e-48  +5.652461e-29  +2.044378e-20  +2.825518e-16  +1.515710e-21  +5.119002e-17  +5.993691e-15  +1.299177e-22  +1.356088e-22  +4.753869e-15  +4.713943e-15  +3.431840e-13  +7.619396e-17  +4.000956e-20  +7.147638e-23  +6.803807e-31  +2.578252e-47  +1.416387e-74  +4.489275e-111  +7.013889e-154  +1.560045e-207  +4.818962e-272 
+3.873859e-283  +5.064709e-238  +9.197116e-204  +1.313177e-153  +2.330746e-110  +5.745193e-78  +2.351350e-56  +1.266177e-40  +2.372005e-32  +1.085817e-28  +6.006320e-26  +4.690650e-16  +1.410016e-07  +8.711908e-06  +4.670680e-11  +1.998562e-07  +1.437168e-05  +3.487343e-10  +1.204233e-08  +3.011920e-06  +4.330997e-06  +5.408840e-05  +3.847074e-07  +2.155910e-07  +2.559116e-09  +4.883580e-15  +1.799793e-31  +2.596266e-54  +2.993889e-86  +4.794862e-129  +1.066484e-182  +3.294358e-247 
+1.839841e-229  +2.405421e-184  +4.367568e-150  +1.102669e-126  +2.326386e-86  +5.734446e-54  +1.963152e-32  +2.320455e-20  +3.084194e-14  +4.469339e-12  +7.115696e-10  +5.586597e-08  +8.229033e-05  +8.842576e-05  +4.410834e-08  +1.089845e-04  +7.571505e-05  +2.068624e-04  +1.148924e-04  +1.383341e-04  +3.136393e-05  +1.178512e-04  +3.670254e-05  +6.884002e-05  +2.564500e-04  +5.473585e-09  +2.968418e-19  +2.464839e-40  +2.842447e-72  +4.664121e-115  +1.845015e-166  +4.181694e-227 
+1.213542e-186  +1.586593e-141  +2.880807e-107  +7.264422e-84  +2.903059e-70  +7.964461e-41  +2.721241e-19  +1.300534e-08  +2.516125e-05  +1.011843e-04  +1.893073e-04  +3.173747e-07  +2.954909e-04  +9.331249e-06  +3.377853e-04  +1.091987e-04  +1.759989e-04  +6.371005e-05  +1.496646e-04  +2.998353e-05  +1.236710e-04  +2.285966e-04  +6.468798e-06  +9.871299e-05  +1.133379e-04  +8.705502e-06  +6.626770e-16  +1.613123e-33  +1.372170e-61  +1.621339e-100  +2.660590e-150  +6.063450e-211 
+1.111648e-154  +1.453376e-109  +2.638922e-75  +6.654466e-52  +2.346314e-39  +3.465611e-29  +3.056625e-14  +7.898446e-06  +2.288856e-04  +3.514184e-06  +1.666587e-04  +1.161569e-04  +4.383960e-04  +2.694697e-05  +3.596393e-04  +3.314588e-04  +1.152673e-04  +5.553237e-05  +3.460668e-04  +1.349845e-04  +2.267479e-04  +9.047022e-05  +2.544607e-04  +4.230446e-06  +9.934588e-05  +1.280328e-04  +5.301521e-11  +3.247773e-28  +2.763209e-56  +3.264974e-95  +5.357766e-145  +1.221028e-205 
+1.414224e-133  +1.848963e-88  +3.357198e-54  +8.465714e-31  +2.967602e-18  +2.665181e-13  +1.101735e-09  +3.285130e-05  +4.074714e-05  +1.818590e-04  +2.296033e-04  +9.570695e-05  +3.403576e-04  +1.128728e-04  +2.126154e-04  +2.074836e-04  +2.674865e-04  +3.123998e-04  +4.271524e-04  +1.915973e-04  +2.774746e-04  +1.957413e-04  +2.303137e-04  +9.994223e-05  +7.992407e-05  +2.364418e-05  +7.886995e-15  +9.463203e-34  +7.728090e-62  +9.131111e-101  +1.498399e-150  +3.414833e-211 
+2.542029e-121  +7.998053e-78  +6.055022e-44  +1.496173e-20  +5.238872e-08  +2.472461e-05  +2.046120e-04  +8.698697e-05  +3.086277e-04  +1.132795e-04  +1.285826e-04  +1.849607e-04  +2.403128e-04  +3.166777e-04  +1.244643e-04  +3.152898e-04  +3.940022e-04  +2.073624e-04  +4.085941e-04  +2.134808e-04  +2.192506e-04  +3.548712e-04  +3.933098e-05  +8.327274e-05  +1.014774e-04  +6.138752e-06  +1.028166e-16  +2.619440e-38  +9.687467e-71  +6.110302e-114  +7.725429e-167  +1.326616e-227 
+5.276431e-114  +9.918134e-71  +2.589154e-38  +9.387289e-17  +4.739212e-06  +6.433309e-06  +7.942420e-05  +1.876917e-04  +3.388887e-04  +6.292672e-05  +1.829461e-04  +1.121124e-04  +9.400140e-05  +1.429233e-04  +4.041756e-04  +3.670932e-04  +2.302776e-04  +1.935508e-04  +3.280342e-04  +1.636635e-04  +3.838506e-04  +2.442445e-04  +6.688379e-05  +1.856980e-04  +1.918370e-04  +1.641763e-08  +1.567765e-19  +2.357181e-41  +5.587886e-74  +2.129319e-117  +1.280997e-171  +1.168683e-236 
+1.536130e-117  +2.887471e-74  +7.537813e-42  +2.732819e-20  +1.376094e-09  +3.864093e-05  +6.254346e-05  +1.006348e-04  +2.561688e-04  +1.461158e-04  +2.620337e-04  +2.508019e-04  +1.218284e-04  +1.435333e-04  +6.172225e-05  +4.663137e-04  +3.508000e-04  +1.819096e-04  +1.881703e-04  +1.834812e-04  +9.321370e-05  +7.935021e-05  +2.595066e-04  +2.560657e-04  +1.113649e-04  +3.145000e-11  +1.448325e-28  +2.556834e-54  +4.476291e-87  +1.111911e-130  +3.959144e-185  +2.078596e-250 
+6.210888e-132  +1.167464e-88  +3.047692e-56  +1.104938e-34  +6.794714e-21  +2.838102e-12  +1.235569e-05  +1.233717e-04  +2.084591e-04  +1.091091e-04  +1.794773e-04  +2.034520e-04  +1.872712e-05  +1.828380e-04  +3.488018e-04  +1.825707e-04  +1.518374e-04  +1.650724e-04  +3.860893e-04  +5.983372e-05  +4.461097e-06  +1.768036e-09  +2.352619e-05  +4.178902e-07  +1.251753e-08  +5.019217e-16  +1.891569e-33  +9.900579e-62  +7.196761e-101  +7.267543e-151  +7.617384e-209  +3.552259e-274 
+3.487525e-157  +6.555518e-114  +1.711334e-81  +2.628700e-58  +6.018622e-39  +1.221136e-20  +3.028208e-09  +2.806309e-07  +4.841552e-05  +1.817012e-04  +7.349923e-05  +1.177289e-04  +1.891191e-04  +4.186204e-05  +1.043612e-04  +4.110686e-04  +4.841720e-04  +3.754183e-04  +3.805557e-04  +8.948608e-05  +6.493138e-10  +1.535359e-21  +2.520869e-14  +2.085651e-17  +4.618411e-21  +1.244830e-31  +4.423613e-49  +2.315343e-77  +1.683030e-116  +1.699050e-166  +2.382091e-227  +4.638191e-299 
+2.719687e-193  +5.112209e-150  +3.207839e-117  +3.179058e-87  +2.893417e-57  +2.377245e-34  +9.553225e-22  +2.857676e-15  +7.055966e-06  +4.088373e-05  +1.656922e-05  +2.088955e-04  +4.032528e-05  +2.529778e-04  +5.554296e-04  +5.583596e-04  +6.368707e-04  +2.508862e-04  +2.360853e-04  +2.461159e-04  +3.317176e-09  +1.927863e-08  +2.674091e-08  +5.847107e-07  +5.643678e-10  +4.972805e-23  +6.415786e-47  +1.150120e-81  +2.863364e-127  +9.900286e-184  +4.761712e-251  +0.000000e+00 
+2.945496e-240  +5.800369e-197  +3.337191e-157  +2.504715e-115  +3.735695e-81  +1.088798e-57  +2.565917e-44  +3.776112e-24  +9.320782e-15  +7.768265e-12  +1.563312e-08  +7.099466e-07  +6.956382e-05  +4.688985e-04  +6.028793e-04  +4.231657e-04  +5.317001e-04  +3.918776e-04  +3.518294e-04  +2.020422e-04  +6.325710e-05  +7.728096e-05  +1.115655e-04  +4.147956e-05  +1.012373e-07  +9.267239e-21  +1.196050e-44  +2.144095e-79  +5.337984e-125  +1.845646e-181  +8.862528e-249  +0.000000e+00 
+4.437489e-298  +7.656724e-249  +8.018741e-195  +1.139174e-149  +2.393477e-115  +6.988603e-92  +3.899291e-64  +6.930337e-44  +1.710857e-34  +2.924262e-29  +1.529385e-21  +8.191027e-18  +4.809420e-07  +1.823376e-04  +4.278854e-04  +4.338751e-04  +5.293144e-04  +4.977320e-04  +4.427353e-04  +2.154086e-04  +1.023898e-04  +1.209561e-04  +1.585936e-08  +7.607489e-14  +2.592302e-16  +2.399090e-29  +3.096617e-53  +5.551147e-88  +1.382025e-133  +4.778451e-190  +2.294543e-257  +0.000000e+00 
+0.000000e+00  +6.219120e-296  +6.706679e-240  +1.014819e-194  +2.132665e-160  +7.766089e-126  +9.938780e-95  +1.766452e-74  +4.467575e-65  +4.299141e-56  +3.296983e-32  +7.219856e-14  +4.587687e-05  +5.241101e-05  +2.172514e-04  +4.421748e-04  +4.452230e-04  +4.833740e-04  +1.900320e-04  +7.805542e-05  +2.137670e-07  +5.945055e-11  +4.017593e-16  +3.351824e-29  +9.292069e-36  +8.626037e-49  +1.113433e-72  +1.995994e-107  +4.969270e-153  +1.718161e-209  +8.250360e-277  +0.000000e+00 
+0.000000e+00  +0.000000e+00  +8.298967e-296  +1.255799e-250  +2.983287e-209  +2.749082e-167  +3.518183e-136  +6.252982e-116  +8.473522e-93  +1.821905e-54  +5.440331e-27  +2.256142e-10  +1.302982e-04  +2.050082e-05  +7.698227e-05  +2.022962e-04  +1.597225e-04  +1.483834e-04  +1.225501e-04  +5.849464e-05  +6.365923e-13  +3.418598e-26  +2.713216e-33  +2.584346e-49  +4.636072e-66  +4.307473e-79  +5.560049e-103  +9.967217e-138  +2.481459e-183  +8.579823e-240  +4.119908e-307  +0.000000e+00 
+0.000000e+00  +0.000000e+00  +0.000000e+00  +2.212520e-314  +1.466622e-261  +1.351484e-219  +1.729585e-188  +1.383843e-147  +2.155796e-98  +6.547668e-60  +4.001303e-31  +1.068397e-12  +4.106180e-05  +5.365936e-05  +2.568979e-05  +4.054982e-05  +1.548031e-04  +1.991939e-04  +7.953624e-06  +2.002727e-11  +1.752247e-19  +2.657322e-38  +2.544738e-61  +2.423850e-77  +3.210139e-104  +2.987268e-120  +3.855948e-144  +6.912361e-179  +1.720916e-224  +5.950190e-281  +0.000000e+00  +0.000000e+00 
+0.000000e+00  +0.000000e+00  +0.000000e+00  +0.000000e+00  +0.000000e+00  +9.227251e-283  +1.972634e-221  +1.462308e-159  +1.508695e-108  +2.161801e-68  +4.301978e-39  +1.273715e-20  +6.338457e-08  +6.815804e-05  +1.564375e-05  +7.452520e-05  +1.025370e-05  +3.826198e-07  +1.560415e-13  +8.552531e-24  +6.698994e-37  +1.015822e-55  +2.139465e-85  +3.157187e-116  +4.176410e-143  +2.877162e-172  +3.713826e-196  +6.657588e-231  +1.657487e-276  +0.000000e+00  +0.000000e+00  +0.000000e+00 
+0.000000e+00  +0.000000e+00  +0.000000e+00  +0.000000e+00  +0.000000e+00  +5.689591e-313  +3.043559e-240  +2.261103e-178  +2.332904e-127  +3.552935e-87  +8.247885e-53  +4.496080e-28  +3.403823e-14  +3.591629e-11  +1.306561e-06  +3.165496e-08  +1.106480e-09  +2.731625e-16  +1.211205e-27  +5.571758e-44  +1.835190e-63  +5.392985e-84  +1.135839e-113  +3.322325e-154  +7.555020e-193  +1.387997e-230  +4.967639e-259  +8.905234e-294  +0.000000e+00  +0.000000e+00  +0.000000e+00  +0.000000e+00 
+0.000000e+00  +0.000000e+00  +0.000000e+00  +0.000000e+00  +0.000000e+00  +0.000000e+00  +6.536051e-270  +5.129953e-208  +5.580813e-152  +1.577294e-105  +6.191127e-70  +3.374929e-45  +2.555039e-31  +1.871938e-25  +1.904422e-18  +1.499121e-21  +8.806673e-24  +3.543944e-35  +1.941352e-48  +2.033872e-69  +5.535769e-95  +4.049334e-123  +8.374638e-153  +2.449579e-193  +9.950728e-245  +3.486959e-291  +0.000000e+00  +0.000000e+00  +0.000000e+00  +0.000000e+00  +0.000000e+00  +0.000000e+00 
+0.000000e+00  +0.000000e+00  +0.000000e+00  +0.000000e+00  +0.000000e+00  +0.000000e+00  +1.950932e-305  +2.858782e-237  +5.817845e-180  +1.644301e-133  +6.454138e-98  +3.518303e-73  +2.663583e-59  +3.792994e-48  +3.864006e-41  +6.384943e-45  +9.968624e-49  +3.533702e-60  +4.771617e-79  +2.668207e-102  +9.681933e-133  +3.017699e-167  +8.575438e-203  +2.508296e-243  +1.018925e-294  +0.000000e+00  +0.000000e+00  +0.000000e+00  +0.000000e+00  +0.000000e+00  +0.000000e+00  +0.000000e+00 
+0.000000e+00  +0.000000e+00  +0.000000e+00  +0.000000e+00  +0.000000e+00  +0.000000e+00  +0.000000e+00  +4.138925e-276  +8.423037e-219  +2.380607e-172  +9.344257e-137  +5.093775e-112  +4.002037e-98  +1.068894e-81  +1.088902e-74  +1.550449e-78  +1.584910e-84  +5.669749e-96  +2.853583e-118  +9.078469e-144  +7.324630e-178  +1.117920e-217  +3.290886e-261  +3.567009e-304  +0.000000e+00  +0.000000e+00  +0.000000e+00  +0.000000e+00  +0.000000e+00  +0.000000e+00  +0.000000e+00  +0.000000e+00 
+0.000000e+00  +0.000000e+00  +0.000000e+00  +0.000000e+00  +0.000000e+00  +0.000000e+00  +0.000000e+00  +0.000000e+00  +1.693609e-268  +4.786656e-222  +1.878838e-186  +1.024199e-161  +5.703846e-144  +4.183356e-126  +4.261662e-119  +6.030841e-123  +3.517949e-131  +1.263743e-142  +6.325533e-165  +4.347235e-196  +3.332705e-230  +5.934912e-275  +4.940656e-324  +0.000000e+00  +0.000000e+00  +0.000000e+00  +0.000000e+00  +0.000000e+00  +0.000000e+00  +0.000000e+00  +0.000000e+00  +0.000000e+00 
+0.000000e+00  +0.000000e+00  +0.000000e+00  +0.000000e+00  +0.000000e+00  +0.000000e+00  +0.000000e+00  +0.000000e+00  +0.000000e+00  +1.336641e-282  +5.246524e-247  +2.860010e-222  +3.099824e-199  +2.273805e-181  +2.316366e-174  +3.277203e-178  +1.087148e-188  +3.912434e-200  +1.958526e-222  +1.361991e-255  +2.193912e-293  +0.000000e+00  +0.000000e+00  +0.000000e+00  +0.000000e+00  +0.000000e+00  +0.000000e+00  +0.000000e+00  +0.000000e+00  +0.000000e+00  +0.000000e+00  +0.000000e+00 
+0.000000e+00  +0.000000e+00  +0.000000e+00  +0.000000e+00  +0.000000e+00  +0.000000e+00  +0.000000e+00  +0.000000e+00  +0.000000e+00  +0.000000e+00  +2.034661e-318  +1.552163e-293  +2.339932e-265  +1.716403e-247  +1.748532e-240  +2.473806e-244  +4.719544e-257  +1.682282e-268  +8.421722e-291  +4.940656e-324  +0.000000e+00  +0.000000e+00  +0.000000e+00  +0.000000e+00  +0.000000e+00  +0.000000e+00  +0.000000e+00  +0.000000e+00  +0.000000e+00  +0.000000e+00  +0.000000e+00  +0.000000e+00 
