+0.000000e+00  +0.000000e+00  +0.000000e+00  +0.000000e+00  +8.433701e-321  +1.686324e-296  +4.682600e-283  +2.880500e-253  +9.813638e-203  +4.643336e-163  +3.051236e-134  +6.258785e-114  +1.009178e-99  +2.269969e-96  +4.903920e-98  +4.645581e-86  +8.228674e-84  +2.024220e-92  +3.060219e-110  +1.337505e-129  +1.222227e-156  +3.901587e-191  +1.730867e-236  +1.066410e-292  +0.000000e+00  +0.000000e+00  +0.000000e+00  +0.000000e+00  +0.000000e+00  +0.000000e+00  +0.000000e+00  +0.000000e+00 
+0.000000e+00  +0.000000e+00  +0.000000e+00  +4.829321e-284  +6.952743e-249  +1.390158e-224  +3.860204e-211  +1.493162e-208  +1.535471e-160  +7.265101e-121  +4.773970e-92  +5.261266e-74  +1.465089e-60  +3.295460e-57  +7.349136e-59  +3.872826e-50  +6.859900e-48  +1.687530e-56  +7.508259e-70  +1.058802e-88  +1.663412e-112  +5.313544e-147  +2.357256e-192  +2.107247e-243  +3.159933e-292  +0.000000e+00  +0.000000e+00  +0.000000e+00  +0.000000e+00  +0.000000e+00  +0.000000e+00  +0.000000e+00 
+0.000000e+00  +0.000000e+00  +5.333535e-269  +5.529008e-223  +7.960078e-188  +1.591569e-163  +4.419482e-150  +1.704336e-147  +3.336500e-129  +1.578669e-89  +1.037359e-60  +9.468668e-43  +2.955115e-32  +6.644315e-29  +1.847889e-30  +4.484498e-25  +7.942252e-23  +2.767023e-31  +2.625777e-40  +1.367954e-55  +3.146160e-79  +1.004998e-113  +2.122440e-153  +2.291723e-191  +3.436589e-240  +7.157000e-300  +0.000000e+00  +0.000000e+00  +0.000000e+00  +0.000000e+00  +0.000000e+00  +0.000000e+00 
+0.000000e+00  +1.136109e-275  +8.480358e-219  +8.791163e-173  +1.265658e-137  +2.530606e-113  +7.027008e-100  +2.709907e-97  +1.453318e-105  +4.764076e-69  +3.130522e-40  +2.856885e-22  +1.189205e-14  +1.860468e-11  +7.495366e-13  +8.928883e-11  +1.277139e-08  +3.937822e-13  +2.296155e-20  +3.592967e-33  +8.264178e-57  +4.123185e-85  +3.205695e-112  +3.461383e-150  +5.190572e-199  +1.080982e-258  +0.000000e+00  +0.000000e+00  +0.000000e+00  +0.000000e+00  +0.000000e+00  +0.000000e+00 
+4.667677e-304  +2.508748e-236  +1.872627e-179  +1.941259e-133  +2.794818e-98  +5.588066e-74  +1.551699e-60  +5.983998e-58  +3.260534e-66  +2.028532e-59  +1.313041e-30  +1.198057e-12  +1.521464e-05  +7.316501e-05  +2.082019e-05  +1.185693e-04  +9.075914e-05  +2.713942e-05  +7.914185e-09  +1.310720e-21  +1.544926e-38  +8.648846e-55  +6.724311e-82  +7.260647e-120  +1.088782e-168  +2.267484e-228  +6.558217e-299  +0.000000e+00  +0.000000e+00  +0.000000e+00  +0.000000e+00  +0.000000e+00 
+1.431449e-275  +7.693644e-208  +5.742834e-151  +5.953308e-105  +8.570940e-70  +1.713707e-45  +4.758636e-32  +1.835128e-29  +1.436907e-37  +7.163069e-32  +3.789554e-29  +2.237283e-11  +1.897430e-04  +1.041924e-04  +5.077948e-04  +1.547207e-04  +5.590563e-05  +9.274736e-05  +4.029596e-08  +1.135947e-13  +4.500719e-19  +2.519545e-35  +1.958913e-62  +2.115298e-100  +3.173833e-149  +6.642027e-209  +1.812208e-260  +1.206144e-306  +0.000000e+00  +0.000000e+00  +0.000000e+00  +0.000000e+00 
+6.096615e-258  +3.276763e-190  +2.445903e-133  +2.535545e-87  +3.650408e-52  +7.298766e-28  +2.026728e-14  +7.815907e-12  +1.544487e-18  +4.483159e-13  +5.599106e-13  +3.402486e-15  +1.884984e-10  +2.537540e-07  +3.305515e-04  +1.672661e-04  +3.686196e-04  +3.407251e-05  +2.752817e-07  +5.415787e-05  +1.849580e-10  +1.154554e-26  +1.693702e-53  +9.197758e-91  +1.802768e-131  +4.909650e-166  +2.304158e-204  +1.333667e-246  +1.072064e-299  +0.000000e+00  +0.000000e+00  +0.000000e+00 
+3.606116e-251  +1.938188e-183  +1.446739e-126  +1.499762e-80  +2.159197e-45  +4.317182e-21  +1.198800e-07  +4.655800e-05  +9.866252e-07  +5.987308e-05  +3.611126e-05  +7.326676e-06  +3.221116e-06  +1.274062e-04  +2.769975e-04  +1.096082e-04  +2.013546e-04  +4.739506e-05  +2.715498e-04  +9.976643e-05  +2.054856e-09  +9.852076e-25  +1.428333e-47  +2.593984e-68  +2.565919e-93  +8.493802e-124  +3.538329e-155  +2.048016e-197  +1.651687e-250  +1.601344e-312  +0.000000e+00  +0.000000e+00 
+2.962297e-255  +1.592153e-187  +1.188445e-130  +1.232001e-84  +1.773704e-49  +3.546704e-25  +1.815540e-11  +3.285087e-05  +1.618117e-05  +8.183326e-05  +9.824453e-05  +2.405316e-04  +3.137392e-04  +2.655663e-04  +9.098234e-05  +2.856484e-04  +1.932623e-05  +8.993638e-05  +6.757932e-06  +3.664798e-08  +1.337053e-09  +2.995107e-15  +8.600958e-27  +2.589927e-42  +8.889973e-65  +1.810610e-85  +7.546121e-117  +4.806216e-159  +9.265212e-209  +2.716938e-268  +0.000000e+00  +0.000000e+00 
+3.379523e-270  +1.816400e-202  +1.355832e-145  +1.405524e-99  +2.043379e-64  +4.110494e-38  +1.158596e-20  +4.580462e-14  +4.675404e-13  +3.693361e-08  +1.471235e-08  +8.929918e-06  +5.271512e-05  +3.514628e-04  +2.945464e-04  +2.454690e-04  +4.776317e-04  +2.140085e-04  +1.013148e-05  +1.358939e-04  +1.653229e-04  +5.624302e-07  +5.201880e-13  +4.009245e-25  +1.787012e-37  +5.363368e-58  +9.106872e-89  +1.045181e-126  +2.207684e-175  +6.476283e-235  +2.638473e-305  +0.000000e+00 
+5.354515e-296  +2.877904e-228  +2.148424e-171  +4.832666e-125  +3.846163e-86  +7.882921e-58  +2.243990e-40  +8.871422e-34  +2.918425e-27  +2.344699e-22  +1.998936e-13  +3.091413e-05  +2.587272e-04  +1.247012e-04  +2.469320e-04  +3.052970e-04  +1.890649e-04  +1.306975e-04  +3.259774e-04  +3.416804e-04  +1.032409e-04  +1.300210e-04  +1.496764e-06  +3.401783e-11  +7.377018e-21  +2.099277e-39  +2.274874e-66  +3.459952e-104  +7.308379e-153  +2.143927e-212  +8.734475e-283  +0.000000e+00 
+0.000000e+00  +6.418747e-265  +6.642668e-206  +7.009082e-156  +1.034472e-116  +2.120383e-88  +6.035981e-71  +2.386716e-64  +2.572470e-52  +4.401037e-41  +5.601809e-20  +6.843702e-09  +2.101496e-07  +1.980419e-05  +2.741626e-04  +6.566904e-05  +2.855981e-04  +3.396924e-04  +3.108356e-04  +2.496952e-04  +5.257502e-05  +4.697676e-04  +1.119454e-04  +2.156618e-05  +1.211484e-11  +9.550016e-28  +1.045873e-54  +1.590714e-92  +3.360030e-141  +9.856711e-201  +4.015704e-271  +0.000000e+00 
+0.000000e+00  +3.219959e-308  +2.463804e-247  +2.618339e-197  +3.864413e-158  +7.920986e-130  +2.254825e-112  +5.546062e-104  +6.011375e-88  +1.041707e-55  +1.308167e-33  +1.919688e-17  +2.650341e-06  +1.920009e-04  +1.820819e-04  +9.956760e-05  +2.492351e-04  +2.064501e-04  +3.987928e-04  +1.259258e-04  +1.613064e-04  +2.373942e-04  +1.301852e-04  +4.578343e-05  +8.000652e-11  +6.282643e-27  +3.565755e-53  +9.838421e-88  +4.663316e-133  +3.070068e-189  +9.665804e-250  +2.173503e-303 
+0.000000e+00  +0.000000e+00  +1.278230e-299  +1.358404e-249  +2.004872e-210  +4.109436e-182  +1.169811e-164  +9.277393e-151  +5.313836e-113  +1.158625e-75  +8.281891e-43  +8.221984e-21  +1.139300e-09  +1.321547e-06  +1.132848e-04  +4.816534e-04  +1.275036e-04  +6.029126e-04  +4.213687e-04  +4.937366e-04  +2.111025e-04  +2.096692e-04  +1.774880e-04  +4.483459e-05  +1.006007e-07  +1.777678e-20  +4.369101e-44  +1.491315e-78  +7.177563e-124  +1.260642e-157  +2.041156e-200  +4.589850e-254 
+0.000000e+00  +0.000000e+00  +0.000000e+00  +9.787454e-313  +1.444533e-273  +2.960896e-245  +1.542586e-211  +3.999284e-165  +1.817940e-120  +1.148358e-86  +6.072734e-56  +4.647779e-29  +1.047507e-12  +5.756242e-05  +2.376185e-04  +5.067470e-04  +3.809598e-04  +3.154745e-04  +3.183801e-04  +2.542846e-04  +2.290710e-04  +1.859121e-04  +6.781204e-05  +3.991039e-06  +2.114849e-09  +3.742661e-22  +9.248120e-46  +3.777572e-66  +3.171183e-87  +3.697157e-119  +5.986215e-162  +1.346092e-215 
+0.000000e+00  +0.000000e+00  +0.000000e+00  +1.289511e-321  +2.765642e-257  +8.229366e-204  +3.400751e-161  +2.602097e-129  +1.223059e-94  +7.721175e-61  +6.772437e-38  +1.198055e-25  +4.134679e-10  +1.814586e-04  +1.374143e-04  +1.897213e-04  +2.832342e-04  +2.669829e-04  +3.707200e-04  +2.961794e-04  +2.159500e-04  +5.890840e-05  +9.174471e-06  +6.873351e-07  +3.376498e-09  +1.692125e-15  +2.545520e-28  +1.538604e-38  +1.291622e-59  +1.505851e-91  +2.438184e-134  +5.482629e-188 
+0.000000e+00  +0.000000e+00  +0.000000e+00  +3.956086e-282  +8.476142e-218  +2.522137e-164  +1.042262e-121  +5.981685e-90  +5.302184e-67  +7.313704e-46  +6.330254e-23  +8.006278e-11  +3.902906e-09  +1.150256e-04  +9.303639e-05  +1.578947e-04  +3.762295e-04  +1.502644e-04  +1.749601e-04  +1.185154e-04  +4.310035e-05  +9.352144e-05  +1.119216e-04  +1.137351e-04  +1.118769e-04  +6.882905e-11  +1.439821e-11  +8.703202e-22  +7.306134e-43  +8.517931e-75  +1.379173e-117  +3.101280e-171 
+0.000000e+00  +0.000000e+00  +1.637195e-297  +5.571334e-240  +3.608030e-189  +1.073517e-135  +4.436263e-93  +2.546031e-61  +2.029486e-40  +8.222714e-26  +2.179835e-17  +1.074653e-06  +8.876518e-05  +2.595389e-04  +5.727825e-05  +1.148461e-04  +7.188629e-04  +1.101716e-04  +1.216195e-04  +1.741678e-04  +1.022970e-04  +6.123308e-08  +1.043553e-08  +3.526602e-07  +3.716222e-05  +2.203005e-05  +1.131258e-05  +6.837056e-16  +5.739548e-37  +6.691511e-69  +1.083449e-111  +2.436302e-165 
+0.000000e+00  +1.710003e-317  +1.690573e-253  +1.861085e-196  +8.795050e-150  +5.773257e-114  +2.622379e-75  +1.505019e-43  +1.199572e-22  +1.370930e-12  +2.528530e-06  +2.093863e-05  +1.345284e-04  +1.536067e-04  +9.929604e-05  +2.807559e-04  +2.699955e-04  +3.775068e-04  +1.821766e-04  +1.307961e-04  +1.579337e-04  +6.063394e-09  +2.678979e-23  +3.775920e-11  +1.738115e-07  +1.845512e-06  +4.607285e-10  +7.460140e-21  +6.261894e-42  +7.300493e-74  +1.182052e-116  +2.658025e-170 
+0.000000e+00  +1.287700e-277  +2.139989e-214  +1.997716e-161  +4.105702e-117  +2.677894e-81  +2.440991e-56  +1.236574e-36  +9.847871e-16  +1.090169e-05  +1.784426e-04  +1.158633e-04  +2.750694e-04  +2.388390e-04  +1.556383e-04  +2.651876e-04  +5.103313e-04  +3.576859e-04  +2.079243e-04  +8.343111e-08  +9.078332e-08  +8.638999e-12  +1.205001e-26  +2.752138e-24  +1.266590e-20  +5.268708e-18  +9.631374e-22  +3.575303e-36  +9.488796e-58  +1.106161e-89  +1.791029e-132  +4.027403e-186 
+1.811438e-310  +9.316518e-241  +6.655154e-182  +5.833505e-133  +6.703303e-91  +2.941652e-59  +1.572653e-34  +1.990834e-20  +5.524866e-12  +6.757447e-06  +1.466953e-04  +2.518617e-04  +1.874433e-05  +2.040472e-04  +4.076286e-04  +1.779179e-04  +1.712887e-04  +1.647428e-04  +1.650101e-04  +1.493240e-04  +2.484240e-05  +1.256971e-07  +1.961869e-18  +4.252869e-40  +1.283646e-44  +2.089166e-40  +3.818992e-44  +9.695563e-59  +5.414859e-84  +2.327841e-116  +3.768830e-159  +8.474790e-213 
+2.421754e-284  +1.245547e-214  +8.896688e-156  +8.825403e-108  +1.218283e-70  +4.489141e-42  +1.202109e-21  +1.786151e-09  +4.354931e-06  +2.558492e-04  +1.555115e-04  +2.236259e-04  +2.445594e-04  +3.277259e-04  +2.820977e-04  +2.175050e-04  +4.233384e-05  +1.468740e-05  +8.961796e-05  +3.991206e-06  +2.007657e-04  +7.801063e-06  +1.793581e-16  +5.771961e-38  +2.593091e-70  +1.150482e-73  +2.103079e-77  +5.339115e-92  +1.882497e-117  +1.601987e-153  +1.101471e-196  +2.476685e-250 
+4.496499e-269  +2.312622e-199  +1.651859e-140  +1.638623e-92  +2.257477e-55  +4.319457e-29  +1.245711e-13  +2.985515e-05  +8.087776e-05  +2.145097e-04  +2.211118e-04  +2.973228e-04  +3.548643e-04  +2.272854e-04  +2.861360e-04  +1.319852e-04  +2.252426e-04  +8.784743e-05  +2.408640e-04  +1.072547e-06  +1.446361e-04  +8.531401e-07  +1.740391e-18  +4.993984e-41  +2.268628e-74  +1.196237e-117  +1.608423e-121  +4.083326e-136  +1.439679e-161  +7.049726e-198  +9.264045e-245  +1.005241e-298 
+1.159463e-264  +5.963308e-195  +4.259469e-136  +4.225339e-88  +5.821140e-51  +1.114108e-24  +3.016422e-09  +3.004656e-04  +2.873777e-04  +7.120076e-05  +3.862001e-04  +2.330453e-04  +2.975074e-04  +2.150894e-04  +3.100883e-04  +7.256694e-05  +1.099306e-04  +2.247713e-04  +3.034775e-04  +7.108338e-06  +6.371584e-05  +2.117059e-07  +2.302065e-20  +3.476573e-44  +7.292446e-79  +2.128973e-124  +1.708465e-176  +4.337074e-191  +1.529144e-216  +7.487520e-253  +5.091984e-300  +0.000000e+00 
+4.152192e-271  +2.135540e-201  +1.525372e-142  +1.513152e-94  +2.084812e-57  +4.044195e-31  +4.150428e-14  +6.537501e-06  +1.348117e-07  +2.873359e-06  +2.632401e-04  +1.833040e-04  +1.966847e-05  +1.863640e-04  +1.930119e-04  +9.086300e-05  +6.255245e-05  +1.854096e-04  +1.366169e-04  +1.452636e-04  +5.586271e-05  +9.672644e-13  +9.101567e-28  +1.369450e-51  +2.872203e-86  +8.366079e-132  +3.384284e-188  +1.965271e-255  +2.255637e-282  +1.104484e-318  +0.000000e+00  +0.000000e+00 
+2.065075e-288  +1.062102e-218  +7.586394e-160  +7.597707e-112  +4.477937e-73  +3.694557e-43  +4.333802e-24  +7.060187e-16  +1.602214e-18  +5.743554e-13  +5.661494e-10  +2.755154e-06  +1.468121e-05  +6.774670e-05  +1.072529e-04  +2.109165e-04  +6.148491e-05  +1.375058e-04  +4.680296e-05  +5.487563e-06  +4.974526e-10  +1.849020e-18  +1.216457e-37  +1.124267e-67  +1.571461e-104  +4.576754e-150  +1.851409e-206  +1.040124e-273  +0.000000e+00  +0.000000e+00  +0.000000e+00  +0.000000e+00 
+1.426373e-316  +7.414217e-247  +2.517092e-186  +1.079344e-134  +6.564343e-94  +5.544502e-64  +6.503869e-45  +1.059544e-36  +2.404709e-39  +1.684993e-30  +2.258280e-22  +4.929091e-13  +6.955671e-12  +2.074789e-09  +9.232426e-07  +8.879046e-05  +1.090013e-04  +2.849518e-04  +3.996887e-09  +8.906413e-11  +4.249574e-23  +1.867153e-34  +1.227727e-53  +1.121672e-83  +1.423207e-124  +2.511387e-176  +1.407232e-235  +7.902397e-303  +0.000000e+00  +0.000000e+00  +0.000000e+00  +0.000000e+00 
+0.000000e+00  +1.629100e-280  +5.136925e-218  +2.249565e-166  +1.368144e-125  +1.155588e-95  +1.355540e-76  +2.208308e-68  +3.550793e-70  +8.937248e-59  +4.800299e-42  +1.477786e-30  +2.724532e-27  +1.170046e-24  +7.297285e-13  +3.810533e-09  +4.589971e-06  +1.085553e-06  +8.046307e-12  +2.076067e-25  +7.399348e-38  +7.473862e-61  +1.720977e-80  +1.572312e-110  +1.994991e-151  +3.515450e-203  +8.603178e-266  +0.000000e+00  +0.000000e+00  +0.000000e+00  +0.000000e+00  +0.000000e+00 
+0.000000e+00  +4.940656e-323  +1.486900e-260  +6.511443e-209  +3.960140e-168  +3.344890e-138  +3.923657e-119  +6.392021e-111  +1.722278e-109  +1.096844e-92  +1.998075e-70  +6.153102e-59  +2.118381e-53  +1.199891e-42  +4.512540e-28  +3.229792e-24  +4.005714e-16  +3.267508e-18  +5.448017e-24  +5.770874e-40  +2.386390e-63  +1.185669e-86  +3.361088e-118  +3.060902e-148  +3.883753e-189  +6.843710e-241  +1.674826e-303  +0.000000e+00  +0.000000e+00  +0.000000e+00  +0.000000e+00  +0.000000e+00 
+0.000000e+00  +0.000000e+00  +5.977209e-314  +2.617543e-262  +1.591941e-221  +1.344616e-191  +1.577275e-172  +2.569536e-164  +1.350396e-159  +5.210608e-132  +1.155400e-109  +3.558080e-98  +2.293106e-90  +1.031178e-68  +3.878144e-54  +1.075886e-45  +4.937477e-37  +3.153670e-39  +5.123048e-47  +5.426617e-63  +7.983076e-90  +5.308948e-123  +3.664458e-157  +8.275620e-197  +1.050026e-237  +1.850292e-289  +0.000000e+00  +0.000000e+00  +0.000000e+00  +0.000000e+00  +0.000000e+00  +0.000000e+00 
+0.000000e+00  +0.000000e+00  +0.000000e+00  +0.000000e+00  +8.887540e-286  +7.506765e-256  +8.805663e-237  +1.434529e-228  +2.621737e-215  +4.184531e-182  +9.278785e-160  +2.858533e-148  +4.544879e-131  +1.230763e-105  +4.628766e-91  +1.841752e-77  +8.452364e-69  +5.387290e-71  +6.695161e-81  +7.086875e-97  +1.042547e-123  +2.129977e-161  +2.278664e-204  +2.184398e-249  +3.942637e-297  +0.000000e+00  +0.000000e+00  +0.000000e+00  +0.000000e+00  +0.000000e+00  +0.000000e+00  +0.000000e+00 
+0.000000e+00  +0.000000e+00  +0.000000e+00  +0.000000e+00  +0.000000e+00  +0.000000e+00  +6.827387e-312  +1.112248e-303  +2.923055e-276  +4.667060e-243  +1.034874e-220  +3.420187e-209  +7.533573e-179  +2.040108e-153  +8.997668e-139  +4.378669e-120  +2.009506e-111  +1.280780e-113  +1.326801e-125  +1.285341e-141  +1.890860e-168  +3.863122e-206  +1.096113e-254  +1.886423e-307  +0.000000e+00  +0.000000e+00  +0.000000e+00  +0.000000e+00  +0.000000e+00  +0.000000e+00  +0.000000e+00  +0.000000e+00 
