+0.000000e+00  +0.000000e+00  +0.000000e+00  +0.000000e+00  +0.000000e+00  +0.000000e+00  +6.636546e-310  +6.991610e-280  +1.022940e-260  +2.078553e-252  +2.186608e-241  +8.764572e-228  +4.878973e-225  +3.771933e-233  +1.331046e-246  +5.118864e-257  +2.733967e-278  +2.027920e-310  +0.000000e+00  +0.000000e+00  +0.000000e+00  +0.000000e+00  +0.000000e+00  +0.000000e+00  +0.000000e+00  +0.000000e+00  +0.000000e+00  +0.000000e+00  +0.000000e+00  +0.000000e+00  +0.000000e+00  +0.000000e+00 
+0.000000e+00  +0.000000e+00  +0.000000e+00  +0.000000e+00  +3.458460e-323  +7.485305e-283  +4.917661e-242  +5.180762e-212  +7.579956e-193  +1.540202e-184  +1.107678e-177  +4.439902e-164  +2.471559e-161  +1.910762e-169  +1.033538e-179  +3.974735e-190  +2.122892e-211  +1.574655e-243  +1.623835e-286  +1.814465e-312  +0.000000e+00  +0.000000e+00  +0.000000e+00  +0.000000e+00  +0.000000e+00  +0.000000e+00  +0.000000e+00  +0.000000e+00  +0.000000e+00  +0.000000e+00  +0.000000e+00  +0.000000e+00 
+0.000000e+00  +0.000000e+00  +0.000000e+00  +6.451587e-309  +1.347010e-258  +3.905829e-219  +5.060743e-185  +5.331483e-155  +7.800475e-136  +1.585010e-127  +7.792946e-125  +3.123590e-111  +1.738808e-108  +1.344273e-116  +1.114549e-123  +4.286282e-134  +2.289288e-155  +1.698414e-187  +1.443757e-219  +1.683811e-240  +2.727284e-272  +6.134872e-315  +0.000000e+00  +0.000000e+00  +0.000000e+00  +0.000000e+00  +0.000000e+00  +0.000000e+00  +0.000000e+00  +0.000000e+00  +0.000000e+00  +0.000000e+00 
+0.000000e+00  +0.000000e+00  +6.479641e-311  +3.532091e-255  +7.288328e-205  +2.113344e-165  +8.582735e-137  +7.619744e-109  +1.114842e-89  +2.265293e-81  +1.059829e-82  +3.051923e-69  +1.698910e-66  +1.313527e-74  +1.669205e-78  +6.419354e-89  +3.428680e-110  +5.886264e-142  +1.860703e-158  +2.170083e-179  +3.514905e-211  +7.906586e-254  +2.470032e-307  +0.000000e+00  +0.000000e+00  +0.000000e+00  +0.000000e+00  +0.000000e+00  +0.000000e+00  +0.000000e+00  +0.000000e+00  +0.000000e+00 
+0.000000e+00  +0.000000e+00  +2.779424e-260  +1.771659e-206  +5.633584e-162  +1.588054e-122  +6.395070e-94  +1.515991e-73  +2.212808e-54  +4.496294e-46  +1.741860e-47  +4.142382e-38  +2.305299e-35  +2.131929e-43  +3.471828e-44  +1.335189e-54  +8.885758e-76  +3.965874e-98  +3.330435e-108  +3.884208e-129  +6.291348e-161  +1.415226e-203  +4.421306e-257  +1.861664e-298  +0.000000e+00  +0.000000e+00  +0.000000e+00  +0.000000e+00  +0.000000e+00  +0.000000e+00  +0.000000e+00  +0.000000e+00 
+0.000000e+00  +3.607882e-285  +1.655920e-220  +1.055514e-166  +9.343881e-124  +1.772164e-90  +6.673878e-62  +3.732557e-44  +6.099750e-30  +1.239433e-21  +1.593908e-22  +8.061787e-18  +4.345314e-15  +2.300206e-20  +1.002871e-20  +4.034409e-31  +3.385446e-49  +9.859037e-59  +8.279871e-69  +9.657624e-90  +1.564547e-121  +3.520483e-164  +1.636748e-210  +4.367104e-227  +1.733560e-254  +9.557015e-293  +0.000000e+00  +0.000000e+00  +0.000000e+00  +0.000000e+00  +0.000000e+00  +0.000000e+00 
+0.000000e+00  +2.989995e-256  +1.372334e-191  +8.747567e-138  +7.743772e-95  +9.520417e-63  +1.129827e-40  +5.409652e-23  +7.051326e-16  +4.745017e-08  +2.365315e-08  +1.044356e-07  +1.231363e-05  +2.707337e-07  +4.057858e-08  +4.772029e-16  +5.724740e-31  +3.409372e-30  +2.866739e-40  +3.350651e-61  +5.447157e-93  +1.098449e-128  +4.977556e-150  +1.422734e-166  +5.647666e-194  +3.113525e-232  +2.412730e-281  +0.000000e+00  +0.000000e+00  +0.000000e+00  +0.000000e+00  +0.000000e+00 
+1.070114e-313  +3.535008e-238  +1.622609e-173  +1.034383e-119  +9.157718e-77  +1.125981e-44  +1.922708e-23  +1.544839e-12  +8.861415e-06  +3.400617e-05  +1.422877e-04  +1.516425e-04  +1.789431e-04  +9.348628e-05  +1.382216e-04  +1.789220e-10  +2.755030e-13  +1.690127e-12  +1.454051e-22  +1.768583e-43  +2.151382e-67  +2.885155e-91  +2.252082e-100  +6.437121e-117  +2.555271e-144  +1.409552e-182  +6.328345e-225  +6.678084e-275  +0.000000e+00  +0.000000e+00  +0.000000e+00  +0.000000e+00 
+1.962212e-300  +1.741260e-226  +2.149579e-163  +3.917042e-111  +3.040913e-69  +2.697267e-37  +4.562693e-16  +1.082864e-05  +4.663899e-05  +4.783164e-05  +9.686378e-06  +4.070781e-05  +2.464611e-05  +1.711899e-04  +2.322604e-04  +2.599636e-07  +2.546181e-06  +1.860188e-05  +7.692990e-15  +2.370314e-27  +7.793677e-41  +6.879534e-56  +1.415110e-61  +4.044806e-78  +1.605782e-105  +2.532407e-138  +1.924194e-177  +5.052218e-223  +4.886452e-275  +0.000000e+00  +0.000000e+00  +0.000000e+00 
+9.136126e-295  +8.106988e-221  +9.990678e-158  +1.709891e-105  +4.064243e-64  +1.341619e-33  +6.150648e-14  +3.917685e-05  +1.105953e-04  +4.903737e-06  +1.426510e-04  +2.394876e-04  +1.023638e-04  +1.287789e-04  +1.518112e-04  +4.508069e-08  +1.743197e-08  +1.148376e-04  +3.395826e-07  +4.062157e-12  +4.091940e-25  +6.003200e-28  +1.234907e-33  +3.531664e-50  +1.954838e-73  +1.069359e-101  +1.422115e-136  +9.905001e-178  +9.631883e-230  +1.576412e-292  +0.000000e+00  +0.000000e+00 
+5.919384e-300  +5.255150e-226  +6.480126e-163  +1.109901e-110  +2.640603e-69  +8.727972e-39  +4.436572e-19  +2.399398e-08  +2.858461e-07  +1.959113e-05  +2.253290e-04  +2.084295e-04  +3.901505e-04  +3.160430e-04  +1.527419e-05  +1.372150e-07  +3.554117e-11  +8.056994e-05  +7.461528e-05  +9.326740e-07  +4.664505e-11  +7.275479e-11  +1.502875e-16  +2.945463e-30  +1.146241e-47  +7.721221e-72  +3.879673e-102  +2.928928e-143  +1.178798e-194  +5.065764e-256  +0.000000e+00  +0.000000e+00 
+1.383357e-295  +1.529943e-221  +2.350302e-158  +5.015445e-106  +1.486876e-64  +6.124633e-34  +3.506035e-14  +2.814224e-05  +9.658971e-05  +1.652724e-04  +3.423520e-05  +5.837666e-05  +1.952584e-04  +3.896430e-04  +1.295594e-04  +2.496706e-04  +3.118080e-06  +1.186182e-04  +1.389158e-04  +2.307308e-04  +9.347869e-05  +1.371261e-04  +2.277451e-08  +2.370286e-15  +8.091460e-29  +3.015537e-48  +3.438621e-78  +5.712865e-118  +2.215462e-168  +2.687058e-224  +2.382752e-287  +0.000000e+00 
+2.119961e-297  +3.337545e-223  +7.304327e-160  +2.221589e-107  +9.388375e-66  +5.511874e-35  +4.495180e-15  +5.099626e-06  +8.970493e-05  +9.003057e-05  +1.707094e-04  +8.986175e-05  +1.694077e-04  +2.028367e-04  +2.944527e-04  +9.445844e-05  +2.941195e-04  +3.861114e-04  +2.698328e-04  +5.441636e-04  +5.223027e-04  +1.893756e-04  +1.228184e-04  +1.660896e-07  +6.439709e-16  +3.386433e-34  +6.622358e-63  +5.072854e-98  +2.273085e-139  +1.559844e-191  +1.720286e-254  +4.940656e-324 
+5.054060e-307  +7.982422e-233  +1.750922e-169  +5.333812e-117  +2.269414e-75  +3.358303e-43  +1.183147e-19  +6.883906e-07  +8.756052e-05  +7.783869e-05  +2.525229e-04  +2.466293e-04  +4.514783e-04  +2.507506e-04  +2.857060e-04  +2.560904e-04  +2.806031e-04  +3.846856e-04  +4.627369e-04  +4.352682e-04  +1.615305e-04  +1.668354e-04  +1.019101e-04  +1.087816e-04  +1.049886e-11  +4.980680e-26  +1.128169e-45  +3.911288e-76  +2.257827e-117  +6.160412e-165  +2.818377e-222  +1.790816e-290 
+0.000000e+00  +6.064166e-251  +5.505586e-184  +6.972790e-128  +1.226587e-82  +2.997676e-48  +1.018590e-24  +4.864544e-12  +3.110628e-05  +8.580428e-05  +1.202699e-04  +3.096000e-04  +3.599210e-04  +2.330180e-04  +3.273506e-05  +4.668563e-04  +1.480090e-04  +2.122477e-04  +6.308898e-04  +4.617945e-04  +5.159202e-04  +6.398556e-04  +6.787505e-05  +1.051545e-04  +2.912976e-06  +5.101598e-15  +1.730560e-34  +3.300820e-60  +7.814962e-96  +2.574549e-142  +1.177919e-199  +7.484578e-268 
+0.000000e+00  +8.094777e-267  +7.381540e-200  +9.348185e-144  +1.644170e-98  +4.016123e-64  +2.459636e-40  +5.903502e-21  +4.790885e-10  +1.911547e-04  +1.723184e-04  +6.021449e-06  +1.420201e-04  +1.149403e-04  +2.161489e-04  +3.562455e-04  +2.211328e-04  +3.316252e-04  +7.845507e-04  +6.402650e-04  +7.425107e-04  +4.153825e-04  +1.713430e-04  +1.335636e-04  +1.141264e-04  +1.020115e-09  +1.119829e-23  +1.912236e-48  +4.536066e-84  +1.494361e-130  +6.837063e-188  +4.344318e-256 
+0.000000e+00  +1.507292e-293  +1.374483e-226  +1.741055e-170  +2.420844e-119  +2.329040e-75  +3.844260e-42  +1.350753e-19  +9.980892e-08  +2.430237e-05  +1.191797e-04  +1.979053e-04  +1.182168e-04  +2.168827e-04  +3.326701e-04  +2.519149e-04  +2.209996e-04  +1.272828e-04  +4.351900e-04  +3.645177e-04  +3.292905e-04  +2.455585e-04  +2.089903e-04  +2.801382e-05  +2.702591e-05  +7.340295e-09  +9.024943e-23  +1.541468e-47  +3.656551e-83  +1.204613e-129  +5.511398e-187  +3.501981e-255 
+0.000000e+00  +2.058637e-314  +6.766564e-238  +3.088922e-172  +1.958609e-117  +1.726333e-73  +2.127533e-40  +3.847659e-18  +1.409110e-06  +1.414457e-04  +1.116945e-04  +1.783479e-04  +1.882751e-04  +7.670403e-05  +1.774645e-04  +2.120886e-04  +7.995389e-05  +6.042072e-05  +2.726091e-04  +2.492723e-04  +2.693831e-04  +1.485744e-04  +1.074659e-04  +1.821674e-05  +7.835074e-05  +5.604074e-09  +6.113550e-24  +9.262348e-50  +1.948887e-86  +5.694966e-134  +2.311230e-192  +1.302992e-261 
+0.000000e+00  +2.470328e-323  +7.834029e-247  +3.576790e-181  +2.271909e-126  +2.038033e-82  +2.944956e-49  +1.254779e-26  +2.060645e-14  +2.697573e-08  +1.015117e-05  +2.312788e-04  +3.483550e-04  +1.580605e-04  +9.550403e-05  +2.140679e-04  +1.435022e-04  +1.632573e-04  +6.886441e-05  +2.856883e-04  +1.942233e-04  +6.607657e-05  +5.288493e-05  +3.097315e-05  +1.568275e-09  +2.040915e-16  +2.226444e-31  +3.373178e-57  +7.097491e-94  +2.073998e-141  +8.416855e-200  +4.743831e-269 
+0.000000e+00  +0.000000e+00  +1.260477e-266  +5.789979e-201  +4.244223e-146  +1.759469e-97  +1.232435e-58  +1.198940e-30  +1.619829e-13  +3.172079e-07  +1.183251e-05  +7.470070e-05  +9.087767e-06  +7.280363e-05  +1.937220e-05  +2.489915e-05  +6.868154e-05  +1.348705e-04  +2.297193e-04  +5.195600e-06  +2.206936e-07  +2.066567e-11  +8.220025e-10  +1.672487e-11  +1.531864e-18  +1.170543e-33  +1.126076e-49  +1.706065e-75  +3.589724e-112  +1.048974e-159  +4.257023e-218  +2.399305e-287 
+0.000000e+00  +0.000000e+00  +4.536001e-277  +1.186192e-205  +4.307990e-145  +2.172863e-95  +1.522047e-56  +1.480681e-28  +2.000489e-11  +4.353040e-05  +2.177327e-04  +2.089563e-04  +2.147117e-04  +2.575150e-04  +1.635817e-04  +9.469399e-05  +2.936946e-04  +1.203853e-04  +1.922409e-04  +8.067342e-05  +5.169348e-10  +1.241730e-25  +3.147065e-25  +6.691034e-27  +2.365709e-38  +1.510058e-53  +9.370708e-79  +1.198366e-104  +2.521478e-141  +7.368154e-189  +2.990200e-247  +1.685309e-316 
+0.000000e+00  +0.000000e+00  +7.779921e-286  +2.034496e-214  +7.388847e-154  +3.726785e-104  +2.610540e-65  +2.565863e-37  +3.564514e-18  +6.590610e-08  +4.866338e-06  +3.344287e-05  +1.240312e-04  +1.435500e-04  +1.367482e-04  +2.081010e-04  +1.206103e-04  +2.603136e-04  +8.277355e-05  +1.463707e-05  +4.548425e-11  +1.439990e-26  +1.814376e-51  +3.724391e-53  +1.103029e-65  +2.967583e-84  +2.871072e-110  +1.172877e-144  +2.459729e-181  +7.187714e-229  +2.916972e-287  +0.000000e+00 
+0.000000e+00  +0.000000e+00  +1.853169e-305  +4.846150e-234  +1.760016e-173  +8.893630e-124  +1.209181e-83  +1.109697e-51  +1.491006e-30  +2.782318e-20  +4.399327e-14  +1.328137e-07  +9.011870e-05  +3.388487e-04  +1.360155e-04  +5.599404e-05  +2.533199e-04  +1.324463e-04  +2.355528e-04  +1.885991e-04  +1.937933e-09  +8.208984e-25  +4.864424e-51  +4.032696e-88  +8.523522e-103  +1.160356e-125  +7.835826e-152  +1.052860e-188  +3.332598e-232  +9.737800e-280  +0.000000e+00  +0.000000e+00 
+0.000000e+00  +0.000000e+00  +0.000000e+00  +1.603685e-264  +2.507630e-203  +9.658235e-150  +6.728000e-107  +6.509166e-75  +8.951655e-54  +1.300820e-27  +1.201600e-10  +1.722091e-04  +6.250132e-05  +2.263064e-04  +4.075966e-04  +1.970464e-04  +2.493655e-04  +2.009582e-04  +2.047956e-04  +1.169770e-07  +2.202359e-12  +9.398664e-28  +5.570350e-54  +4.584973e-91  +5.241179e-139  +3.762653e-174  +2.970263e-204  +3.990702e-241  +7.446921e-289  +0.000000e+00  +0.000000e+00  +0.000000e+00 
+0.000000e+00  +0.000000e+00  +0.000000e+00  +4.343405e-302  +1.568492e-237  +7.867662e-184  +5.480840e-141  +5.424946e-99  +2.385673e-60  +1.457036e-32  +1.398911e-15  +8.158389e-06  +3.087810e-05  +4.977235e-05  +1.729934e-04  +1.917580e-04  +1.606757e-04  +2.114207e-04  +8.300572e-05  +7.924663e-09  +1.469658e-23  +1.494711e-41  +8.858771e-68  +7.291682e-105  +8.335276e-153  +1.323275e-211  +4.766563e-267  +2.100709e-304  +0.000000e+00  +0.000000e+00  +0.000000e+00  +0.000000e+00 
+0.000000e+00  +0.000000e+00  +0.000000e+00  +0.000000e+00  +1.774522e-282  +1.236335e-224  +2.818656e-164  +8.925201e-115  +4.469037e-76  +2.019275e-44  +1.107806e-22  +2.408886e-09  +4.601755e-05  +1.497907e-04  +1.308599e-04  +2.584204e-04  +4.295699e-05  +6.540253e-05  +2.078954e-06  +6.656176e-12  +1.016458e-26  +2.617408e-52  +9.371079e-89  +1.610485e-129  +1.840979e-177  +2.922665e-236  +6.443877e-306  +0.000000e+00  +0.000000e+00  +0.000000e+00  +0.000000e+00  +0.000000e+00 
+0.000000e+00  +0.000000e+00  +0.000000e+00  +0.000000e+00  +1.729230e-322  +2.824673e-251  +8.352480e-191  +3.691875e-137  +1.008578e-93  +3.622072e-59  +9.506070e-34  +3.884028e-19  +4.007950e-11  +5.488854e-10  +1.174409e-09  +1.809042e-05  +1.655068e-04  +1.590381e-04  +8.216474e-12  +2.689516e-24  +1.191043e-40  +2.520297e-66  +9.012936e-103  +4.480553e-150  +3.093462e-208  +8.964941e-272  +0.000000e+00  +0.000000e+00  +0.000000e+00  +0.000000e+00  +0.000000e+00  +0.000000e+00 
+0.000000e+00  +0.000000e+00  +0.000000e+00  +0.000000e+00  +0.000000e+00  +3.495929e-284  +4.887580e-219  +2.859239e-163  +3.801653e-116  +7.257990e-80  +1.933081e-54  +6.519167e-37  +6.803976e-28  +3.563405e-26  +3.339367e-22  +4.368418e-11  +1.006680e-06  +2.532262e-07  +1.891898e-15  +2.047575e-33  +3.465427e-62  +4.110702e-91  +1.205285e-127  +5.986004e-175  +4.132761e-233  +3.962629e-302  +0.000000e+00  +0.000000e+00  +0.000000e+00  +0.000000e+00  +0.000000e+00  +0.000000e+00 
+0.000000e+00  +0.000000e+00  +0.000000e+00  +0.000000e+00  +0.000000e+00  +1.225283e-321  +7.854863e-253  +7.774993e-195  +1.068830e-147  +2.040966e-111  +2.094972e-84  +1.535367e-64  +1.604266e-55  +3.214884e-53  +1.767591e-38  +3.068415e-23  +7.432064e-19  +1.405330e-19  +1.124279e-28  +9.333092e-48  +1.371236e-76  +3.165152e-116  +2.737487e-163  +1.111741e-210  +7.668026e-269  +0.000000e+00  +0.000000e+00  +0.000000e+00  +0.000000e+00  +0.000000e+00  +0.000000e+00  +0.000000e+00 
+0.000000e+00  +0.000000e+00  +0.000000e+00  +0.000000e+00  +0.000000e+00  +0.000000e+00  +3.066947e-295  +3.035827e-237  +4.173392e-190  +2.030401e-153  +6.682614e-123  +5.027389e-103  +5.253981e-94  +1.448666e-87  +1.812308e-61  +3.149732e-46  +7.624171e-42  +1.175836e-42  +8.840758e-52  +9.684659e-72  +9.011018e-102  +1.776118e-141  +5.691757e-192  +2.537268e-253  +1.977852e-315  +0.000000e+00  +0.000000e+00  +0.000000e+00  +0.000000e+00  +0.000000e+00  +0.000000e+00  +0.000000e+00 
+0.000000e+00  +0.000000e+00  +0.000000e+00  +0.000000e+00  +0.000000e+00  +0.000000e+00  +0.000000e+00  +1.646236e-290  +2.406909e-243  +5.610314e-203  +3.038878e-172  +2.286182e-152  +2.390944e-143  +2.064568e-121  +2.583646e-95  +4.490292e-80  +1.086339e-75  +1.367086e-76  +1.027430e-85  +1.072731e-105  +1.614169e-136  +1.692922e-177  +4.437733e-228  +1.974136e-289  +0.000000e+00  +0.000000e+00  +0.000000e+00  +0.000000e+00  +0.000000e+00  +0.000000e+00  +0.000000e+00  +0.000000e+00 
+0.000000e+00  +0.000000e+00  +0.000000e+00  +0.000000e+00  +0.000000e+00  +0.000000e+00  +0.000000e+00  +0.000000e+00  +9.100234e-305  +3.542909e-263  +1.919197e-232  +1.443833e-212  +6.050461e-203  +4.087599e-166  +5.115310e-140  +8.890242e-125  +2.149899e-120  +2.207419e-121  +1.658975e-130  +1.731550e-150  +2.510602e-181  +5.201985e-223  +6.199045e-275  +0.000000e+00  +0.000000e+00  +0.000000e+00  +0.000000e+00  +0.000000e+00  +0.000000e+00  +0.000000e+00  +0.000000e+00  +0.000000e+00 
