+0.000000e+00  +0.000000e+00  +0.000000e+00  +0.000000e+00  +0.000000e+00  +0.000000e+00  +0.000000e+00  +0.000000e+00  +0.000000e+00  +4.796669e-280  +5.727111e-239  +9.506364e-209  +2.191448e-189  +7.015942e-181  +9.765075e-179  +7.498526e-142  +7.997018e-116  +1.184454e-100  +2.505125e-95  +1.777077e-80  +1.939385e-76  +2.939406e-83  +6.187307e-101  +2.044640e-129  +6.397743e-166  +7.243611e-207  +6.339570e-257  +7.705552e-318  +0.000000e+00  +0.000000e+00  +0.000000e+00  +0.000000e+00 
+0.000000e+00  +0.000000e+00  +0.000000e+00  +0.000000e+00  +0.000000e+00  +0.000000e+00  +0.000000e+00  +2.634556e-319  +1.211332e-264  +7.745991e-221  +1.322685e-182  +2.195498e-152  +5.061158e-133  +1.620334e-124  +7.204392e-127  +1.158206e-102  +1.235202e-76  +1.829482e-61  +3.763489e-57  +1.954841e-46  +2.133384e-42  +3.233455e-49  +7.026892e-67  +4.257617e-93  +4.209524e-124  +2.652708e-163  +2.321644e-213  +2.822653e-274  +0.000000e+00  +0.000000e+00  +0.000000e+00  +0.000000e+00 
+0.000000e+00  +0.000000e+00  +0.000000e+00  +0.000000e+00  +0.000000e+00  +0.000000e+00  +0.000000e+00  +5.760397e-268  +2.648545e-213  +1.691221e-169  +1.924032e-136  +7.041897e-107  +1.623329e-87  +5.197102e-79  +2.310755e-81  +2.501250e-74  +2.649636e-48  +3.924427e-33  +8.072442e-29  +2.987221e-23  +3.259212e-19  +4.979631e-26  +5.600727e-42  +4.719129e-63  +2.140894e-91  +1.349159e-130  +4.101978e-180  +7.268993e-224  +1.297183e-273  +0.000000e+00  +0.000000e+00  +0.000000e+00 
+0.000000e+00  +0.000000e+00  +0.000000e+00  +0.000000e+00  +0.000000e+00  +0.000000e+00  +5.283450e-293  +1.749180e-227  +8.042472e-173  +5.135497e-129  +4.554215e-96  +3.192870e-72  +7.231043e-53  +2.315025e-44  +1.029315e-46  +5.193447e-44  +7.921703e-31  +1.169130e-15  +2.405443e-11  +2.571835e-10  +6.928889e-07  +1.482310e-12  +1.021863e-23  +3.332550e-41  +1.512192e-69  +2.153859e-104  +3.843239e-137  +2.007699e-176  +7.748909e-220  +9.185673e-267  +0.000000e+00  +0.000000e+00 
+0.000000e+00  +0.000000e+00  +0.000000e+00  +0.000000e+00  +0.000000e+00  +9.162629e-316  +9.254156e-258  +7.376574e-198  +3.391639e-143  +2.165721e-99  +1.920585e-66  +2.365582e-44  +4.473761e-29  +1.432149e-20  +6.368282e-23  +7.444575e-22  +1.356580e-15  +4.905346e-09  +1.262845e-04  +7.986991e-05  +9.851024e-05  +4.360703e-06  +1.000614e-12  +3.417707e-30  +3.261983e-50  +3.922496e-72  +5.993635e-101  +7.247644e-135  +6.159725e-171  +7.303256e-218  +1.202568e-275  +0.000000e+00 
+0.000000e+00  +0.000000e+00  +0.000000e+00  +0.000000e+00  +0.000000e+00  +6.473444e-269  +6.537961e-211  +9.170560e-164  +1.988191e-124  +1.268413e-80  +1.124842e-47  +1.385355e-25  +2.412305e-14  +1.230437e-07  +7.335925e-10  +3.016258e-10  +3.036038e-06  +9.828055e-05  +1.870284e-04  +9.593657e-05  +1.633664e-04  +1.301274e-04  +1.530721e-08  +2.341792e-17  +7.729862e-29  +3.451455e-47  +1.430902e-71  +7.966868e-97  +6.801502e-133  +8.064177e-180  +1.327863e-237  +3.036577e-306 
+0.000000e+00  +0.000000e+00  +0.000000e+00  +0.000000e+00  +1.412785e-299  +1.076260e-232  +6.434100e-175  +8.997999e-128  +1.752798e-91  +4.741999e-66  +9.149293e-40  +1.126831e-17  +1.939810e-06  +5.164788e-05  +1.930159e-04  +8.638355e-05  +1.508054e-04  +7.326441e-05  +4.207777e-04  +2.333152e-04  +2.427351e-04  +2.743133e-04  +3.347931e-05  +3.155004e-07  +3.834437e-15  +1.574137e-29  +1.987421e-44  +1.221713e-69  +1.043005e-105  +1.236635e-152  +2.036267e-210  +4.656566e-279 
+0.000000e+00  +0.000000e+00  +0.000000e+00  +0.000000e+00  +7.527082e-270  +2.073978e-203  +9.093111e-148  +1.771719e-102  +2.393031e-66  +6.461709e-41  +2.427797e-26  +1.902346e-16  +7.048976e-07  +1.363361e-04  +2.614718e-05  +3.451171e-04  +1.208683e-04  +2.141749e-04  +2.590053e-04  +2.442821e-04  +2.685959e-04  +3.149836e-05  +2.196881e-04  +8.255146e-05  +6.334867e-08  +9.562524e-14  +4.232619e-28  +2.601887e-53  +2.221293e-89  +2.633668e-136  +4.336648e-194  +9.917112e-263 
+0.000000e+00  +0.000000e+00  +0.000000e+00  +1.482197e-323  +1.250529e-247  +1.351613e-182  +2.574478e-128  +3.955939e-84  +3.040283e-50  +1.571583e-26  +4.602511e-12  +2.561222e-08  +4.622222e-05  +1.983716e-04  +3.728134e-05  +1.166652e-04  +1.433906e-04  +1.507171e-04  +4.081547e-04  +3.835289e-04  +2.848345e-04  +1.523160e-04  +1.894962e-04  +5.197383e-05  +9.389441e-05  +2.834127e-08  +1.252498e-22  +7.696748e-48  +6.570971e-84  +7.793824e-131  +1.285482e-188  +2.960025e-257 
+0.000000e+00  +0.000000e+00  +0.000000e+00  +3.048139e-297  +6.242173e-228  +2.334621e-168  +3.603957e-116  +7.441661e-73  +2.159837e-40  +1.164028e-18  +5.710333e-07  +3.370824e-04  +6.967165e-05  +2.034018e-04  +1.394809e-04  +5.298297e-05  +1.638777e-04  +4.215344e-04  +1.469239e-05  +2.103138e-04  +1.213807e-04  +1.327745e-05  +6.533281e-05  +1.010361e-06  +8.379136e-05  +8.353490e-08  +1.511924e-21  +3.860374e-46  +1.370092e-81  +6.753504e-128  +4.623255e-185  +4.395463e-253 
+0.000000e+00  +0.000000e+00  +4.014096e-308  +2.494283e-246  +2.152492e-195  +8.539724e-149  +4.389657e-100  +3.133707e-62  +3.155090e-35  +3.657291e-17  +1.684120e-06  +2.740598e-04  +1.637252e-04  +1.450302e-04  +1.475032e-04  +1.978051e-04  +2.686878e-04  +1.426466e-04  +2.638880e-04  +3.241805e-04  +4.809094e-05  +1.582166e-04  +1.168355e-04  +3.092732e-04  +3.898687e-07  +1.868355e-12  +3.438120e-26  +8.786702e-51  +3.118665e-86  +1.537268e-132  +1.052370e-189  +1.000519e-257 
+0.000000e+00  +0.000000e+00  +4.941512e-268  +3.070561e-206  +2.649803e-155  +3.175757e-115  +5.285924e-86  +1.608616e-53  +1.594833e-26  +2.196686e-10  +7.468822e-05  +1.375183e-04  +2.836642e-04  +2.028469e-04  +4.228047e-06  +1.467300e-04  +8.150098e-05  +4.543537e-05  +8.181255e-05  +2.913800e-04  +4.686345e-05  +8.448256e-05  +3.216066e-06  +1.030076e-04  +2.571504e-06  +1.048506e-14  +1.237670e-33  +4.261199e-62  +1.547613e-100  +4.930670e-148  +3.326850e-205  +3.162887e-273 
+0.000000e+00  +1.888208e-311  +8.448309e-239  +5.249618e-177  +4.530264e-126  +5.429468e-86  +9.037098e-57  +2.089087e-38  +3.009062e-24  +8.319353e-12  +2.068040e-05  +6.352615e-05  +2.399324e-04  +3.130840e-04  +1.365538e-04  +5.178600e-05  +2.260590e-04  +1.439062e-04  +5.425038e-07  +3.318666e-06  +5.956966e-05  +1.982011e-04  +2.999390e-04  +1.676284e-04  +1.458641e-04  +1.777176e-10  +3.126007e-27  +7.668246e-55  +2.622107e-93  +1.249498e-142  +8.295324e-203  +7.670558e-274 
+0.000000e+00  +4.483300e-293  +2.005939e-220  +1.246452e-158  +1.075651e-107  +1.289155e-67  +2.145739e-38  +4.960058e-20  +1.692954e-12  +4.903886e-06  +1.287147e-04  +2.583836e-04  +2.051988e-04  +2.464279e-04  +1.471711e-04  +1.048352e-04  +5.698003e-09  +1.154644e-04  +5.269783e-06  +1.955390e-04  +1.030318e-04  +8.605639e-05  +1.126492e-04  +2.916059e-05  +6.774836e-06  +2.671084e-13  +4.304386e-30  +9.659091e-58  +3.016552e-96  +1.311403e-145  +7.938164e-206  +6.692292e-277 
+0.000000e+00  +1.478372e-285  +6.614601e-213  +4.110186e-151  +3.546970e-100  +4.251021e-60  +7.076169e-31  +1.637724e-12  +5.361462e-05  +8.705937e-05  +1.832399e-04  +3.087870e-04  +1.946576e-04  +3.860678e-04  +2.513913e-05  +1.163945e-08  +3.969534e-11  +7.316110e-09  +3.314914e-07  +4.249637e-05  +4.617371e-06  +1.633278e-04  +2.647835e-04  +7.531214e-05  +2.562387e-07  +5.950175e-18  +1.919190e-39  +6.236959e-71  +1.651068e-109  +7.041170e-159  +4.170915e-219  +3.431889e-290 
+0.000000e+00  +5.562898e-264  +1.286996e-209  +1.882500e-154  +1.627347e-103  +2.004430e-63  +4.786662e-34  +6.818177e-15  +8.427013e-06  +1.257507e-05  +6.101639e-05  +1.367019e-04  +2.381800e-04  +1.898667e-04  +1.250741e-05  +1.977022e-09  +1.130379e-04  +3.191004e-04  +9.209598e-05  +2.746424e-04  +1.615592e-04  +2.986403e-04  +2.019577e-05  +6.014305e-07  +1.339548e-17  +5.107923e-29  +1.647317e-50  +7.378161e-83  +4.589411e-126  +3.970736e-180  +3.654826e-243  +2.964244e-314 
+2.817983e-289  +4.693471e-224  +1.085645e-169  +3.487999e-126  +4.073757e-92  +4.679993e-65  +4.909147e-40  +5.818716e-19  +1.543364e-08  +5.169895e-05  +2.265306e-04  +2.857392e-04  +1.012248e-04  +3.844875e-05  +1.667761e-05  +1.074989e-05  +8.221744e-05  +1.029256e-05  +1.424122e-04  +1.092840e-04  +7.640476e-05  +3.561145e-05  +7.037707e-05  +1.134436e-06  +2.678897e-18  +5.567953e-40  +3.870058e-72  +8.796328e-105  +5.471548e-148  +4.726689e-202  +5.670766e-267  +0.000000e+00 
+3.301950e-260  +5.499525e-195  +1.272093e-140  +4.086491e-97  +1.823305e-64  +2.077062e-41  +3.258100e-25  +7.505997e-20  +2.099187e-09  +1.177456e-04  +9.954751e-05  +2.109789e-04  +3.311719e-04  +2.307040e-04  +2.790831e-04  +1.392355e-08  +1.379460e-06  +1.125548e-04  +6.542981e-05  +1.305721e-04  +1.413235e-04  +9.543405e-05  +1.641239e-05  +2.398412e-09  +1.137117e-21  +7.487709e-45  +6.847871e-79  +8.700505e-124  +1.642502e-179  +7.826152e-235  +9.389295e-300  +0.000000e+00 
+2.882826e-240  +1.377316e-176  +2.081506e-122  +6.650343e-79  +2.966808e-46  +1.838333e-24  +2.057294e-12  +4.374821e-07  +3.094964e-07  +1.765181e-05  +3.143832e-04  +2.700565e-04  +3.701628e-04  +2.275535e-04  +1.162919e-04  +3.438367e-07  +6.200654e-06  +5.098672e-05  +1.762638e-04  +2.690168e-04  +2.197165e-04  +2.049376e-07  +3.325544e-11  +4.853662e-21  +1.511523e-34  +9.957918e-58  +9.110881e-92  +1.157684e-136  +2.042951e-192  +5.006841e-259  +0.000000e+00  +0.000000e+00 
+1.268732e-225  +2.163255e-162  +5.122562e-110  +1.686103e-68  +8.364428e-38  +4.642397e-17  +3.601765e-06  +7.617468e-05  +1.594943e-04  +1.905613e-04  +1.164849e-04  +1.444125e-04  +2.466385e-04  +3.040522e-04  +2.620532e-04  +1.471958e-04  +1.604336e-04  +1.734844e-04  +3.340653e-04  +1.772106e-04  +2.038650e-04  +1.188210e-04  +6.241924e-10  +2.759519e-24  +3.090495e-47  +3.152986e-79  +1.689885e-115  +2.147273e-160  +3.789267e-216  +9.286697e-283  +0.000000e+00  +0.000000e+00 
+7.901885e-222  +1.347313e-158  +3.190391e-106  +1.049198e-64  +4.791925e-34  +3.040987e-14  +2.975459e-05  +1.439692e-04  +1.423559e-04  +1.383068e-04  +1.210142e-04  +1.926308e-04  +1.149500e-04  +2.176196e-04  +2.388055e-04  +3.310514e-04  +3.027996e-04  +1.203861e-04  +1.231153e-04  +1.931944e-04  +8.191572e-05  +1.649346e-04  +2.034630e-06  +1.074589e-16  +7.892009e-38  +8.049532e-70  +1.140228e-112  +2.243110e-166  +6.128406e-231  +2.325319e-306  +0.000000e+00  +0.000000e+00 
+6.834855e-229  +1.165378e-165  +2.759577e-113  +9.075263e-72  +4.151377e-41  +3.548133e-21  +1.853551e-10  +4.737504e-08  +1.014802e-04  +1.839406e-04  +3.202079e-04  +8.501733e-05  +3.068246e-04  +1.447723e-04  +4.481380e-04  +2.548497e-04  +7.860215e-05  +2.374369e-04  +2.949270e-04  +5.448392e-05  +1.215851e-04  +8.841077e-05  +8.281869e-08  +3.832511e-18  +2.814659e-39  +2.870839e-71  +4.066585e-114  +7.999980e-168  +2.185676e-232  +8.293173e-308  +0.000000e+00  +0.000000e+00 
+8.210430e-247  +1.399921e-183  +3.315041e-131  +1.095620e-89  +1.049935e-58  +7.791767e-37  +1.590169e-25  +2.962407e-14  +3.222070e-05  +1.214667e-05  +1.324759e-04  +1.500089e-04  +1.884245e-04  +2.162557e-04  +2.431559e-04  +3.313792e-04  +2.307830e-04  +7.605496e-05  +6.059450e-05  +1.117958e-09  +3.593259e-09  +5.113793e-12  +2.805136e-16  +2.563204e-30  +1.394148e-51  +1.421952e-83  +2.014216e-126  +3.962462e-180  +1.082585e-244  +4.107662e-320  +0.000000e+00  +0.000000e+00 
+1.369748e-275  +2.335658e-212  +5.618113e-160  +8.213936e-118  +6.481261e-85  +9.100044e-63  +6.026159e-39  +4.682356e-19  +1.218631e-09  +4.949723e-06  +1.857154e-04  +1.639066e-04  +3.526872e-04  +1.017774e-04  +3.984883e-04  +1.268772e-04  +2.536001e-04  +9.522227e-05  +1.278086e-04  +1.619280e-05  +1.369683e-09  +3.813340e-19  +1.056036e-34  +2.503560e-49  +1.783251e-74  +9.781737e-107  +1.385544e-149  +2.725707e-203  +7.446911e-268  +0.000000e+00  +0.000000e+00  +0.000000e+00 
+3.174326e-315  +5.683463e-252  +1.557096e-198  +1.041852e-154  +1.054099e-121  +2.370183e-85  +1.326069e-54  +1.219154e-34  +6.322161e-21  +1.387653e-11  +1.680293e-08  +1.470010e-05  +8.171500e-05  +1.761897e-04  +8.354630e-05  +1.247594e-04  +1.777750e-04  +3.538609e-04  +6.628458e-05  +5.091020e-05  +2.364583e-05  +1.944274e-14  +5.371755e-34  +2.593621e-64  +4.488937e-104  +2.905132e-140  +1.323773e-183  +2.603942e-237  +7.114236e-302  +0.000000e+00  +0.000000e+00  +0.000000e+00 
+0.000000e+00  +6.332434e-301  +3.232133e-246  +2.355906e-202  +1.798039e-153  +7.243444e-112  +4.148930e-81  +2.323943e-57  +7.670740e-40  +5.506616e-26  +4.663351e-21  +1.283150e-08  +5.524872e-05  +7.948049e-05  +2.551676e-04  +1.092010e-04  +1.015220e-04  +6.868772e-05  +2.136797e-04  +8.443401e-05  +5.996565e-07  +1.538055e-15  +5.525801e-35  +2.757128e-65  +1.910542e-106  +1.838629e-158  +2.457366e-221  +3.455590e-282  +0.000000e+00  +0.000000e+00  +0.000000e+00  +0.000000e+00 
+0.000000e+00  +0.000000e+00  +1.027640e-304  +2.630826e-243  +7.631330e-191  +3.083788e-149  +1.648997e-115  +1.214106e-89  +4.227014e-65  +3.037568e-51  +1.218234e-32  +7.454157e-16  +8.904555e-08  +1.236305e-04  +2.156675e-04  +2.061412e-04  +6.219226e-05  +1.197422e-04  +1.362480e-04  +1.465331e-04  +3.437869e-09  +1.629612e-24  +8.192070e-47  +4.086943e-77  +2.832032e-118  +2.725435e-170  +3.642599e-233  +6.761217e-307  +0.000000e+00  +0.000000e+00  +0.000000e+00  +0.000000e+00 
+0.000000e+00  +0.000000e+00  +0.000000e+00  +1.550712e-291  +4.500008e-239  +2.270505e-195  +3.927141e-159  +6.258395e-126  +3.238239e-101  +1.032115e-77  +3.372918e-48  +9.031911e-27  +2.950204e-12  +1.682327e-05  +1.493430e-07  +6.486780e-05  +3.019285e-05  +7.383813e-10  +1.192517e-06  +1.346967e-08  +7.008976e-16  +3.281517e-31  +2.156629e-57  +1.968412e-94  +6.079637e-141  +5.610680e-193  +7.498787e-256  +0.000000e+00  +0.000000e+00  +0.000000e+00  +0.000000e+00  +0.000000e+00 
+0.000000e+00  +0.000000e+00  +0.000000e+00  +0.000000e+00  +6.308334e-297  +7.425619e-250  +1.787193e-208  +6.658497e-173  +9.869573e-143  +3.548033e-102  +1.011893e-66  +2.681984e-41  +8.694019e-23  +3.172808e-14  +1.925643e-16  +5.199790e-13  +2.217270e-14  +2.805368e-20  +4.874625e-18  +1.735250e-20  +5.058802e-32  +9.201107e-49  +6.043489e-75  +5.516029e-112  +6.992031e-160  +1.230887e-218  +3.223729e-288  +0.000000e+00  +0.000000e+00  +0.000000e+00  +0.000000e+00  +0.000000e+00 
+0.000000e+00  +0.000000e+00  +0.000000e+00  +0.000000e+00  +0.000000e+00  +9.877493e-313  +2.640702e-266  +2.403906e-229  +1.824228e-175  +2.191378e-128  +8.745754e-92  +9.600707e-62  +2.519830e-42  +9.185186e-34  +6.011125e-36  +8.003588e-32  +3.656109e-34  +2.767906e-40  +2.770070e-40  +9.827234e-43  +5.267583e-56  +8.360697e-77  +2.352078e-103  +2.146727e-140  +2.721157e-188  +4.790362e-247  +1.171173e-316  +0.000000e+00  +0.000000e+00  +0.000000e+00  +0.000000e+00  +0.000000e+00 
+0.000000e+00  +0.000000e+00  +0.000000e+00  +0.000000e+00  +0.000000e+00  +0.000000e+00  +0.000000e+00  +1.055332e-269  +9.154511e-212  +1.613360e-163  +2.045439e-122  +3.865618e-92  +1.014588e-72  +3.698270e-64  +2.714668e-66  +1.935202e-61  +4.183480e-64  +3.819538e-71  +2.186142e-73  +7.755620e-76  +3.821665e-89  +8.529102e-113  +1.363392e-142  +1.160288e-179  +1.470760e-227  +2.589146e-286  +0.000000e+00  +0.000000e+00  +0.000000e+00  +0.000000e+00  +0.000000e+00  +0.000000e+00 
+0.000000e+00  +0.000000e+00  +0.000000e+00  +0.000000e+00  +0.000000e+00  +0.000000e+00  +0.000000e+00  +7.385947e-317  +8.642070e-257  +8.405217e-205  +1.143783e-163  +2.161606e-133  +5.673452e-114  +2.068027e-105  +1.773928e-107  +6.726588e-102  +1.373856e-104  +7.320010e-113  +2.396094e-117  +8.500453e-120  +4.188112e-133  +2.875871e-157  +1.620306e-190  +8.743736e-230  +1.103997e-277  +0.000000e+00  +0.000000e+00  +0.000000e+00  +0.000000e+00  +0.000000e+00  +0.000000e+00  +0.000000e+00 
