+0.000000e+00  +0.000000e+00  +0.000000e+00  +0.000000e+00  +0.000000e+00  +0.000000e+00  +1.018747e-310  +6.569278e-293  +3.556741e-285  +2.815400e-288  +3.096576e-302  +0.000000e+00  +0.000000e+00  +0.000000e+00  +0.000000e+00  +0.000000e+00  +0.000000e+00  +0.000000e+00  +0.000000e+00  +6.936682e-321  +4.406282e-291  +2.128062e-271  +1.427474e-262  +6.368045e-263  +1.264174e-267  +1.776222e-266  +3.479337e-276  +9.465286e-297  +0.000000e+00  +0.000000e+00  +0.000000e+00  +0.000000e+00 
+0.000000e+00  +0.000000e+00  +0.000000e+00  +0.000000e+00  +1.875446e-303  +3.762930e-265  +1.106631e-237  +2.835913e-220  +1.388338e-212  +1.097808e-215  +1.207435e-229  +1.844358e-254  +3.912595e-290  +0.000000e+00  +0.000000e+00  +0.000000e+00  +0.000000e+00  +0.000000e+00  +3.044397e-282  +1.675261e-248  +9.604163e-222  +4.637818e-202  +3.111053e-193  +1.781476e-193  +9.101811e-198  +1.281851e-196  +2.510943e-206  +6.830840e-227  +2.580770e-258  +1.409797e-300  +0.000000e+00  +0.000000e+00 
+0.000000e+00  +0.000000e+00  +0.000000e+00  +2.179364e-290  +3.146916e-241  +6.311777e-203  +1.789608e-175  +1.996126e-158  +7.542952e-151  +5.945104e-154  +6.538581e-168  +9.987690e-193  +2.118774e-228  +6.242266e-275  +0.000000e+00  +0.000000e+00  +1.104731e-320  +3.151770e-265  +1.248608e-220  +6.869670e-187  +3.431400e-163  +1.403723e-143  +9.416463e-135  +6.928569e-135  +9.113989e-139  +1.284742e-137  +2.516606e-147  +6.846245e-168  +2.590373e-199  +3.419599e-239  +4.258372e-287  +0.000000e+00 
+0.000000e+00  +0.000000e+00  +4.884645e-299  +5.078667e-239  +7.333388e-190  +1.470690e-151  +4.119805e-124  +2.574123e-107  +5.730453e-100  +4.471559e-103  +4.917469e-117  +7.511432e-142  +1.593465e-177  +4.694615e-224  +1.920859e-281  +2.519007e-316  +1.230880e-269  +1.795219e-214  +7.111956e-170  +3.912899e-136  +3.002046e-113  +5.900540e-96  +3.958365e-87  +3.745401e-87  +1.268148e-90  +1.788266e-89  +3.502930e-99  +9.529965e-120  +3.575403e-150  +2.894600e-187  +3.618960e-235  +6.283725e-294 
+0.000000e+00  +0.000000e+00  +1.580851e-258  +1.643644e-198  +2.373354e-149  +4.759516e-111  +1.328036e-83  +6.160889e-67  +6.171801e-60  +4.671798e-63  +5.136160e-77  +7.845461e-102  +1.664325e-137  +4.903382e-184  +2.009620e-241  +1.013564e-256  +1.834393e-211  +1.503533e-174  +5.625872e-130  +3.095276e-96  +2.365094e-73  +3.469997e-59  +2.311422e-50  +2.813636e-50  +2.451115e-53  +3.456897e-52  +6.771525e-62  +2.427591e-82  +3.795045e-109  +3.416382e-146  +4.271318e-194  +7.416437e-253 
+0.000000e+00  +9.490916e-300  +7.105373e-229  +7.387605e-169  +1.066739e-119  +2.139210e-81  +5.961393e-54  +2.454346e-37  +9.790863e-31  +6.782944e-34  +7.450337e-48  +1.138026e-72  +2.414199e-108  +1.397015e-153  +6.142179e-187  +3.730205e-189  +7.839763e-164  +2.580184e-128  +6.387504e-101  +3.400464e-67  +2.598279e-44  +3.036947e-32  +1.880680e-24  +2.937031e-24  +6.580122e-27  +9.280655e-26  +1.838493e-35  +9.601284e-53  +6.220497e-79  +5.599930e-116  +7.001290e-164  +1.215658e-222 
+0.000000e+00  +5.924368e-281  +4.435277e-210  +4.611450e-150  +6.658743e-101  +1.335321e-62  +3.719644e-35  +1.468629e-18  +2.495692e-12  +1.370342e-15  +1.500926e-29  +2.369762e-54  +1.014904e-84  +1.853303e-124  +1.586530e-129  +9.635292e-132  +1.618620e-118  +1.529130e-91  +7.418307e-67  +5.744023e-49  +3.964294e-26  +4.207365e-14  +2.234521e-09  +4.265356e-09  +2.476226e-11  +3.461654e-10  +4.748128e-18  +2.184538e-33  +1.416052e-59  +1.274784e-96  +1.593794e-144  +2.767359e-203 
+4.246512e-279  +1.342650e-238  +3.085144e-196  +3.388481e-141  +5.772904e-93  +1.157596e-54  +3.224148e-27  +1.255425e-10  +1.151972e-04  +3.868352e-08  +1.586783e-19  +1.498354e-37  +1.970154e-66  +1.301487e-91  +5.691306e-83  +3.458145e-85  +8.824286e-80  +2.431963e-62  +5.754213e-41  +1.371105e-26  +8.346371e-18  +9.245066e-07  +1.132668e-04  +2.050617e-04  +3.707922e-05  +6.285441e-05  +1.479692e-09  +6.906399e-25  +4.476836e-51  +4.030219e-88  +5.252021e-136  +2.796501e-187 
+1.804852e-222  +5.706528e-182  +2.505765e-152  +4.547102e-124  +6.116858e-80  +1.142914e-46  +2.965768e-24  +3.107813e-12  +6.411394e-05  +6.261590e-05  +4.266598e-12  +4.039518e-30  +5.311477e-59  +6.483987e-56  +2.835395e-47  +1.751029e-49  +6.681170e-52  +1.840367e-34  +6.681139e-26  +4.217450e-12  +9.594882e-07  +7.566669e-05  +4.329690e-04  +5.579460e-05  +1.946224e-04  +1.181040e-04  +9.129148e-12  +3.369366e-27  +1.643655e-45  +1.117506e-73  +1.055182e-112  +1.383702e-162 
+1.065341e-176  +3.368365e-136  +1.479066e-106  +1.183562e-87  +2.302258e-68  +2.414620e-40  +6.265733e-18  +2.260536e-06  +8.357125e-05  +9.492287e-06  +1.954060e-14  +7.476759e-33  +4.639878e-43  +4.614138e-31  +1.961794e-22  +1.857365e-24  +6.000556e-32  +1.935152e-17  +7.466988e-11  +1.086657e-07  +9.956227e-05  +1.326043e-04  +2.159090e-04  +9.428328e-05  +1.535828e-04  +1.548060e-04  +6.708630e-08  +2.308065e-14  +1.129482e-31  +7.684472e-60  +3.512818e-96  +1.082293e-134 
+8.733211e-142  +2.761241e-101  +1.212474e-71  +7.393992e-53  +1.612265e-39  +1.830658e-30  +8.052776e-22  +1.148044e-09  +1.503024e-04  +1.715933e-05  +2.147595e-11  +1.261058e-14  +5.819184e-22  +2.379723e-14  +1.885177e-08  +2.233564e-09  +1.907135e-16  +2.825989e-11  +1.101488e-04  +1.029189e-04  +1.415548e-04  +2.729284e-05  +5.055163e-05  +8.540691e-05  +3.135886e-04  +5.707519e-06  +1.180292e-04  +9.418762e-11  +1.253137e-24  +4.673264e-44  +1.045940e-71  +3.251132e-110 
+1.001176e-117  +3.143622e-77  +1.380371e-47  +8.417865e-29  +8.821189e-21  +1.780454e-12  +9.988149e-12  +1.126595e-05  +4.588280e-06  +8.055790e-05  +6.604981e-05  +1.815052e-05  +5.714936e-09  +3.179892e-06  +4.794265e-05  +1.309740e-04  +1.009595e-07  +2.518133e-07  +9.261062e-05  +3.247156e-05  +2.421533e-05  +5.756744e-05  +1.953046e-04  +1.874666e-04  +1.279552e-04  +2.343075e-04  +2.226545e-04  +3.951926e-07  +1.209749e-13  +1.949595e-30  +4.363495e-58  +1.356321e-96 
+1.307605e-99  +4.146769e-62  +2.360796e-34  +1.331062e-15  +1.127453e-07  +2.799953e-05  +8.606295e-07  +5.790539e-05  +2.767297e-04  +2.105624e-04  +3.313734e-05  +2.281684e-05  +1.231296e-05  +2.209446e-04  +2.165107e-04  +1.344024e-04  +3.406891e-04  +2.898567e-04  +4.249645e-04  +3.798326e-04  +2.278205e-04  +5.648972e-04  +3.155239e-04  +1.605319e-04  +1.705358e-04  +5.976033e-05  +4.746935e-06  +7.430711e-05  +7.009348e-11  +1.129564e-27  +1.937487e-51  +2.039302e-78 
+3.430301e-90  +1.074815e-52  +4.677066e-26  +2.829432e-10  +4.847540e-05  +1.122564e-05  +1.201710e-04  +7.029317e-05  +3.177298e-04  +1.201858e-04  +4.437326e-05  +1.591198e-04  +2.735129e-05  +9.431456e-05  +4.384483e-06  +1.461099e-04  +5.014433e-05  +1.611532e-04  +3.746121e-04  +3.335555e-04  +3.351809e-04  +1.761520e-04  +2.534294e-04  +2.569639e-04  +8.572918e-05  +2.552185e-04  +1.165965e-04  +5.904166e-05  +2.170245e-09  +3.155816e-17  +2.327078e-33  +2.461325e-60 
+1.249773e-91  +3.915907e-54  +1.704009e-27  +1.029884e-11  +3.361167e-06  +1.337872e-04  +2.818322e-04  +3.212308e-04  +2.922862e-04  +1.182552e-04  +7.923712e-05  +1.293434e-04  +1.387419e-04  +8.412498e-05  +4.816914e-04  +2.701794e-04  +3.091782e-04  +2.470920e-04  +3.716805e-04  +2.410361e-04  +3.350923e-04  +2.771270e-04  +3.428830e-04  +2.076523e-04  +3.323401e-04  +2.348336e-04  +9.402981e-05  +8.345935e-05  +1.157690e-04  +5.132744e-10  +3.908346e-26  +4.133214e-53 
+6.323761e-104  +2.666819e-66  +5.741272e-36  +6.987245e-16  +5.188003e-06  +1.163958e-04  +2.472557e-04  +5.638517e-05  +2.482050e-04  +3.618959e-04  +2.116613e-04  +2.595709e-04  +1.795774e-04  +3.401700e-04  +9.993777e-05  +4.664755e-05  +2.698317e-04  +2.432337e-04  +1.532739e-04  +2.978435e-04  +2.039608e-04  +1.531669e-04  +2.525056e-04  +1.084679e-04  +1.497805e-04  +2.442521e-04  +7.759250e-05  +1.340089e-04  +4.833279e-05  +2.441444e-10  +1.719831e-26  +1.682534e-53 
+1.141767e-119  +1.113216e-77  +2.938071e-45  +2.678317e-23  +1.881321e-11  +4.882415e-05  +1.416946e-04  +1.011145e-04  +7.156290e-05  +1.943775e-04  +3.956250e-04  +1.350374e-04  +2.848898e-04  +1.430019e-04  +1.751630e-04  +3.431739e-04  +2.749671e-04  +1.134984e-04  +3.181990e-04  +1.106921e-05  +1.299006e-04  +2.494280e-04  +1.486366e-04  +3.905424e-04  +9.093267e-05  +2.808689e-04  +3.558709e-04  +3.082115e-04  +1.268233e-09  +7.553507e-19  +5.320713e-35  +5.205104e-62 
+1.044546e-138  +5.025983e-95  +3.363828e-62  +8.186795e-39  +7.434857e-20  +3.683905e-08  +9.346027e-05  +1.055727e-04  +2.576386e-04  +3.829582e-04  +8.969860e-05  +1.850861e-04  +2.464243e-04  +1.495016e-04  +1.486213e-04  +4.283952e-05  +1.299896e-04  +7.369334e-05  +3.267840e-04  +1.031552e-05  +8.486393e-05  +1.237431e-05  +1.807635e-05  +1.406561e-07  +1.041673e-05  +8.623171e-08  +9.294227e-07  +3.524592e-08  +1.510827e-13  +1.676533e-29  +2.313152e-54  +2.237592e-81 
+1.691100e-166  +8.153531e-123  +2.581390e-87  +3.864100e-54  +1.704855e-31  +2.777438e-17  +3.185837e-09  +5.584087e-05  +2.755837e-04  +6.198951e-06  +9.907766e-08  +2.948349e-04  +1.686372e-04  +3.364060e-04  +2.383817e-04  +4.081123e-04  +9.300006e-05  +2.564415e-05  +8.997432e-05  +4.587856e-08  +3.875217e-12  +1.659582e-11  +2.640875e-11  +8.363262e-17  +4.936239e-15  +1.103394e-20  +4.094011e-18  +5.028721e-20  +4.164465e-28  +4.624560e-44  +7.133986e-71  +1.529719e-108 
+3.819298e-205  +2.476055e-154  +4.055134e-110  +1.733940e-76  +3.172996e-51  +2.961541e-33  +7.849130e-20  +1.520761e-10  +3.750887e-05  +1.993855e-04  +1.610548e-04  +6.090261e-05  +1.255455e-04  +8.816003e-05  +5.299215e-05  +2.590105e-07  +4.589514e-06  +1.527469e-05  +5.241012e-08  +5.721210e-17  +9.682348e-30  +7.187864e-28  +1.262580e-27  +8.188596e-37  +4.652311e-35  +4.204902e-43  +2.641259e-40  +3.241159e-42  +1.650407e-53  +1.771685e-69  +2.733056e-96  +5.855294e-134 
+6.957056e-243  +8.212076e-188  +3.967133e-143  +7.330408e-107  +1.599517e-74  +5.668353e-43  +2.793407e-22  +1.235778e-09  +3.085384e-04  +3.490504e-04  +2.707171e-04  +6.240316e-05  +2.281348e-04  +2.824649e-04  +1.530536e-04  +2.893407e-04  +4.115228e-04  +9.235851e-05  +5.086401e-07  +3.281845e-19  +3.223990e-42  +4.723602e-55  +8.383480e-55  +2.079084e-65  +6.099255e-66  +5.225193e-75  +2.366989e-73  +2.904596e-75  +5.034957e-88  +9.426303e-106  +1.454129e-132  +3.115323e-170 
+3.353229e-287  +1.406071e-216  +1.930175e-155  +3.679844e-105  +9.856793e-66  +4.393403e-36  +1.986208e-15  +1.357889e-05  +2.089342e-04  +8.633366e-05  +1.067315e-04  +2.737670e-04  +2.481617e-04  +1.418206e-04  +1.856885e-04  +9.231705e-06  +3.725230e-05  +1.201791e-08  +1.083762e-11  +1.376744e-25  +4.053061e-50  +2.358326e-84  +7.730858e-93  +1.907717e-103  +1.110518e-107  +9.114090e-117  +2.945912e-117  +3.615008e-119  +6.160856e-132  +6.979773e-153  +1.074472e-179  +2.301947e-217 
+6.814483e-281  +6.735727e-209  +9.246429e-148  +1.762794e-97  +4.667314e-58  +1.716210e-29  +8.764199e-12  +6.373306e-05  +2.969582e-04  +3.066544e-04  +2.465933e-04  +7.174959e-05  +2.374005e-04  +2.420882e-04  +1.911612e-04  +7.486831e-06  +3.441898e-14  +2.622295e-20  +3.524027e-26  +4.422062e-40  +7.706463e-65  +1.866801e-100  +9.900838e-142  +2.443177e-152  +2.808099e-160  +2.304178e-169  +5.091916e-172  +6.248427e-174  +1.064874e-186  +3.235131e-210  +1.102619e-237  +2.362248e-275 
+4.533653e-284  +4.481257e-212  +6.151619e-151  +1.172781e-100  +3.105149e-61  +1.141794e-32  +5.975373e-15  +6.256385e-06  +1.955601e-04  +1.631916e-04  +2.907319e-04  +3.662554e-04  +2.831767e-04  +1.629565e-04  +1.972802e-04  +4.386213e-09  +2.345915e-20  +3.834766e-40  +1.591770e-51  +1.997399e-65  +3.480874e-90  +8.424610e-126  +2.831716e-172  +4.345444e-212  +9.861366e-224  +8.091712e-233  +1.222308e-237  +1.499927e-239  +2.556216e-252  +6.051125e-276  +1.571624e-306  +0.000000e+00 
+4.188915e-298  +4.140503e-226  +5.683851e-165  +1.083608e-114  +4.122697e-75  +7.423334e-42  +6.270025e-19  +7.839018e-07  +1.683127e-04  +1.308006e-04  +5.122203e-05  +6.066658e-05  +1.034285e-04  +1.652909e-04  +5.443920e-05  +6.500211e-09  +5.361127e-19  +1.360977e-36  +2.228667e-64  +1.303678e-101  +2.183567e-126  +5.284791e-162  +1.776345e-208  +8.292101e-266  +4.809502e-298  +3.946418e-307  +4.074911e-314  +5.000433e-316  +0.000000e+00  +0.000000e+00  +0.000000e+00  +0.000000e+00 
+5.434722e-323  +9.578233e-250  +2.052585e-183  +6.467585e-128  +2.834234e-83  +2.159356e-49  +6.787838e-25  +1.460560e-10  +5.689298e-06  +3.186270e-06  +8.019111e-05  +2.326808e-09  +1.211103e-07  +3.100457e-07  +9.050337e-05  +5.198014e-05  +3.876494e-11  +4.635309e-28  +1.592538e-51  +3.879429e-81  +1.312553e-121  +6.167420e-173  +4.024652e-235  +3.647536e-308  +0.000000e+00  +0.000000e+00  +0.000000e+00  +0.000000e+00  +0.000000e+00  +0.000000e+00  +0.000000e+00  +0.000000e+00 
+0.000000e+00  +2.915176e-268  +6.869915e-202  +1.654584e-145  +1.129642e-98  +1.223616e-62  +2.571758e-36  +2.655244e-16  +4.101818e-07  +3.424068e-05  +1.534760e-06  +1.606901e-11  +4.354429e-19  +8.788870e-12  +5.966831e-05  +1.248283e-04  +7.630902e-09  +2.290796e-17  +4.018457e-36  +9.789720e-66  +3.312220e-106  +1.556345e-157  +1.015619e-219  +9.204358e-293  +0.000000e+00  +0.000000e+00  +0.000000e+00  +0.000000e+00  +0.000000e+00  +0.000000e+00  +0.000000e+00  +0.000000e+00 
+0.000000e+00  +2.473622e-295  +9.956894e-227  +5.595493e-169  +9.070770e-121  +4.978959e-79  +3.987483e-48  +4.435036e-28  +7.231238e-19  +3.859627e-14  +2.234419e-18  +1.868517e-23  +7.241399e-39  +6.649388e-20  +1.536608e-11  +3.019416e-06  +6.363164e-05  +8.028362e-13  +1.408315e-31  +3.430921e-61  +1.160806e-101  +5.454393e-153  +3.559354e-215  +3.225774e-288  +0.000000e+00  +0.000000e+00  +0.000000e+00  +0.000000e+00  +0.000000e+00  +0.000000e+00  +0.000000e+00  +0.000000e+00 
+0.000000e+00  +0.000000e+00  +1.666800e-259  +4.823501e-196  +2.002842e-143  +1.154966e-101  +9.249741e-71  +1.028794e-50  +6.118122e-40  +6.043776e-34  +8.539868e-39  +3.017492e-46  +1.809649e-56  +3.161820e-37  +3.275712e-17  +8.197963e-07  +2.849648e-07  +1.766127e-18  +6.863757e-38  +1.669895e-67  +5.649863e-108  +2.654757e-159  +1.732405e-221  +1.570046e-294  +0.000000e+00  +0.000000e+00  +0.000000e+00  +0.000000e+00  +0.000000e+00  +0.000000e+00  +0.000000e+00  +0.000000e+00 
+0.000000e+00  +0.000000e+00  +5.197380e-293  +1.553928e-229  +6.452314e-177  +3.720813e-135  +2.979876e-104  +3.316111e-84  +1.296005e-70  +1.314345e-64  +1.851266e-69  +6.767614e-80  +7.939082e-81  +1.029990e-48  +1.856073e-27  +4.645102e-17  +1.614483e-17  +7.793087e-29  +5.224708e-51  +5.992568e-84  +3.825329e-125  +1.794491e-176  +1.171024e-238  +1.061277e-311  +0.000000e+00  +0.000000e+00  +0.000000e+00  +0.000000e+00  +0.000000e+00  +0.000000e+00  +0.000000e+00  +0.000000e+00 
+0.000000e+00  +0.000000e+00  +0.000000e+00  +6.952446e-274  +2.886836e-221  +1.664733e-179  +1.333229e-148  +2.018848e-128  +3.914071e-112  +3.969617e-106  +5.591218e-111  +2.118878e-124  +6.246489e-102  +8.105135e-70  +1.460570e-48  +3.655297e-38  +1.270459e-38  +6.132490e-50  +4.111032e-72  +3.827391e-105  +4.949077e-149  +1.057089e-203  +1.101526e-266  +0.000000e+00  +0.000000e+00  +0.000000e+00  +0.000000e+00  +0.000000e+00  +0.000000e+00  +0.000000e+00  +0.000000e+00  +0.000000e+00 
+0.000000e+00  +0.000000e+00  +0.000000e+00  +0.000000e+00  +1.793770e-276  +1.034401e-234  +8.284221e-204  +2.257357e-181  +1.641745e-164  +1.665044e-158  +2.345219e-163  +7.361587e-177  +6.826549e-134  +8.857793e-102  +1.596202e-80  +3.994734e-70  +1.388436e-70  +6.701964e-82  +4.492790e-104  +4.182810e-137  +5.408266e-181  +9.711491e-236  +2.422018e-301  +0.000000e+00  +0.000000e+00  +0.000000e+00  +0.000000e+00  +0.000000e+00  +0.000000e+00  +0.000000e+00  +0.000000e+00  +0.000000e+00 
