+0.000000e+00  +0.000000e+00  +0.000000e+00  +0.000000e+00  +0.000000e+00  +1.482197e-323  +7.236105e-295  +2.063109e-276  +8.169159e-269  +4.518378e-272  +1.752246e-277  +1.636240e-291  +2.121958e-316  +0.000000e+00  +0.000000e+00  +0.000000e+00  +0.000000e+00  +0.000000e+00  +0.000000e+00  +0.000000e+00  +0.000000e+00  +0.000000e+00  +0.000000e+00  +0.000000e+00  +0.000000e+00  +0.000000e+00  +0.000000e+00  +0.000000e+00  +0.000000e+00  +0.000000e+00  +0.000000e+00  +0.000000e+00 
+0.000000e+00  +0.000000e+00  +0.000000e+00  +2.124482e-322  +1.012583e-280  +6.643280e-250  +1.393437e-224  +3.972854e-206  +1.573106e-198  +8.954180e-202  +2.040563e-206  +1.905469e-220  +2.471108e-245  +7.883719e-276  +3.778502e-277  +5.999426e-285  +1.327810e-303  +1.918595e-306  +1.132829e-317  +0.000000e+00  +0.000000e+00  +0.000000e+00  +0.000000e+00  +0.000000e+00  +0.000000e+00  +0.000000e+00  +0.000000e+00  +0.000000e+00  +0.000000e+00  +0.000000e+00  +0.000000e+00  +0.000000e+00 
+0.000000e+00  +0.000000e+00  +2.046412e-302  +2.126697e-259  +1.004558e-217  +6.589956e-187  +3.786562e-165  +1.062481e-146  +4.207037e-139  +2.804328e-142  +3.300221e-146  +3.081733e-160  +3.996561e-185  +1.545680e-204  +1.101560e-205  +1.748642e-213  +9.857156e-231  +4.026781e-231  +2.377600e-242  +1.949654e-264  +2.220313e-297  +0.000000e+00  +0.000000e+00  +0.000000e+00  +0.000000e+00  +0.000000e+00  +0.000000e+00  +0.000000e+00  +0.000000e+00  +0.000000e+00  +0.000000e+00  +0.000000e+00 
+0.000000e+00  +4.206704e-281  +3.222396e-237  +3.431034e-204  +1.384068e-165  +9.079558e-135  +8.410400e-115  +3.946186e-98  +1.562546e-90  +1.961716e-93  +7.412658e-97  +6.921929e-111  +8.983784e-136  +4.210887e-144  +4.460815e-145  +7.078320e-153  +2.760770e-166  +1.173736e-166  +6.930289e-178  +5.682901e-200  +6.471825e-233  +2.184973e-274  +5.508331e-285  +2.127080e-306  +0.000000e+00  +0.000000e+00  +0.000000e+00  +0.000000e+00  +0.000000e+00  +0.000000e+00  +0.000000e+00  +0.000000e+00 
+2.662261e-281  +9.199533e-227  +7.046977e-183  +7.496833e-150  +2.649470e-124  +1.737340e-93  +1.582823e-73  +2.035704e-60  +8.059854e-53  +3.882236e-55  +2.312298e-58  +2.160521e-72  +7.988863e-96  +1.595397e-94  +2.509592e-95  +3.979337e-103  +1.117579e-112  +4.751395e-113  +2.805446e-124  +2.300491e-146  +2.621992e-179  +1.818447e-203  +4.846490e-214  +1.871516e-235  +1.887944e-266  +4.109935e-298  +0.000000e+00  +0.000000e+00  +0.000000e+00  +0.000000e+00  +0.000000e+00  +0.000000e+00 
+8.127326e-230  +8.130251e-183  +2.140251e-139  +2.276877e-106  +3.363974e-84  +4.616821e-63  +4.206185e-43  +1.990366e-33  +5.773775e-26  +1.522001e-27  +1.002195e-30  +1.053167e-44  +2.019033e-57  +8.425897e-56  +1.961972e-56  +3.123914e-64  +6.282995e-70  +2.671219e-70  +1.577213e-81  +1.293449e-103  +4.264562e-135  +2.170651e-143  +5.922060e-154  +2.298910e-175  +2.723532e-201  +9.942159e-233  +5.056876e-275  +0.000000e+00  +0.000000e+00  +0.000000e+00  +0.000000e+00  +0.000000e+00 
+6.593731e-183  +6.057381e-142  +6.426030e-106  +9.603719e-74  +1.418902e-51  +2.977227e-40  +1.552332e-23  +1.965599e-14  +5.746581e-10  +9.058377e-11  +6.609244e-14  +5.046114e-26  +7.428784e-30  +6.241768e-28  +2.132560e-28  +6.702750e-36  +4.905612e-38  +2.085624e-38  +1.231463e-49  +4.219563e-71  +1.461365e-91  +3.645019e-94  +1.004981e-104  +2.963335e-125  +9.120304e-147  +3.340143e-178  +1.698896e-220  +1.200069e-273  +0.000000e+00  +0.000000e+00  +0.000000e+00  +0.000000e+00 
+5.202599e-143  +8.274692e-106  +8.707653e-76  +1.158902e-50  +8.311706e-30  +1.705772e-18  +3.687455e-14  +1.008275e-05  +1.330524e-04  +9.834131e-05  +1.058634e-06  +2.282331e-10  +3.837032e-13  +6.614561e-11  +3.231573e-11  +9.030553e-17  +5.319507e-17  +2.261667e-17  +1.818109e-28  +1.192727e-45  +1.527391e-53  +8.550450e-56  +2.379345e-66  +1.670880e-82  +4.255239e-103  +1.558431e-134  +7.926639e-177  +5.599234e-230  +1.516871e-257  +1.597861e-282  +9.750507e-316  +0.000000e+00 
+5.700963e-114  +9.067085e-77  +2.007062e-50  +2.414368e-31  +4.313319e-17  +1.387456e-07  +2.002623e-05  +1.176451e-04  +3.212159e-04  +1.415393e-04  +3.499953e-05  +7.425449e-05  +1.428625e-06  +1.453376e-04  +9.134337e-05  +3.390073e-08  +8.164464e-07  +3.677049e-07  +2.494140e-14  +6.397270e-31  +2.221501e-26  +2.793891e-28  +4.689596e-38  +1.045787e-49  +2.757301e-70  +1.009829e-101  +5.136289e-144  +2.913061e-175  +2.724752e-192  +2.081515e-215  +3.496307e-247  +1.239062e-284 
+8.675892e-96  +1.379828e-58  +3.052601e-32  +9.813122e-17  +1.292084e-08  +3.407492e-05  +5.797064e-04  +3.679674e-04  +2.558894e-04  +5.495466e-04  +4.174335e-04  +1.060292e-04  +3.371043e-04  +1.842691e-04  +1.091236e-04  +1.591177e-05  +5.214134e-06  +2.326897e-04  +2.045755e-09  +2.949590e-16  +4.516566e-10  +1.283259e-11  +6.868138e-18  +9.409300e-28  +2.481318e-48  +9.087536e-80  +1.081626e-114  +6.007255e-121  +9.118556e-137  +3.854573e-159  +1.736986e-187  +6.446142e-225 
+1.833657e-88  +2.916235e-51  +6.448864e-25  +2.048821e-09  +1.746102e-04  +7.390300e-05  +3.724296e-04  +2.555351e-04  +2.769663e-04  +3.112901e-04  +1.865864e-04  +2.199935e-04  +1.391814e-04  +8.933797e-05  +1.540097e-04  +4.521675e-05  +2.733837e-05  +7.193087e-05  +1.849998e-05  +7.013785e-07  +1.406302e-04  +4.800868e-05  +6.206975e-07  +1.175961e-16  +3.101121e-37  +1.135751e-68  +3.097601e-71  +1.727228e-77  +2.178390e-91  +4.983465e-112  +1.253356e-138  +4.657601e-176 
+5.382203e-92  +8.559726e-55  +1.892775e-28  +1.027499e-12  +5.176520e-05  +1.602163e-04  +8.202186e-05  +1.813331e-04  +3.104786e-04  +6.110558e-04  +4.356680e-04  +2.028758e-04  +3.758079e-04  +2.231890e-04  +1.362339e-04  +1.218877e-04  +1.442206e-04  +2.223974e-04  +1.173874e-04  +1.146044e-04  +1.867842e-04  +1.046500e-04  +1.698443e-06  +2.190933e-16  +3.877099e-32  +4.330293e-41  +1.232125e-38  +9.266665e-45  +8.151817e-57  +4.727407e-74  +1.257465e-100  +4.673747e-138 
+2.196864e-106  +1.610302e-68  +7.762715e-39  +1.977076e-19  +6.948273e-07  +8.079628e-05  +9.529787e-05  +1.007972e-04  +2.478564e-04  +1.059031e-04  +3.700124e-04  +2.851489e-04  +5.063626e-05  +3.929835e-04  +1.559037e-05  +2.697128e-04  +4.678071e-05  +7.055735e-05  +1.385512e-04  +9.502767e-05  +1.630192e-04  +1.072896e-04  +4.657030e-05  +1.879591e-09  +1.857186e-16  +1.820304e-18  +6.815403e-17  +1.214853e-21  +4.030313e-31  +6.553252e-47  +1.752370e-73  +6.513378e-111 
+9.127588e-127  +6.835790e-82  +2.149638e-47  +9.577019e-24  +6.133114e-11  +5.766765e-09  +8.422466e-06  +5.501526e-05  +2.694222e-04  +2.404216e-04  +1.340321e-05  +3.596257e-04  +3.178752e-04  +3.148675e-04  +2.236015e-05  +1.047482e-04  +1.761757e-04  +1.147181e-04  +1.436876e-04  +1.817270e-04  +2.388491e-04  +2.056911e-05  +7.860561e-05  +1.146291e-04  +6.224471e-06  +1.075083e-06  +5.358479e-06  +1.076430e-08  +6.737730e-15  +1.267394e-30  +3.391590e-57  +1.260624e-94 
+6.623233e-142  +1.469353e-96  +4.539960e-62  +1.958526e-38  +1.185054e-25  +5.133671e-23  +1.187677e-11  +1.244210e-06  +1.337218e-04  +3.702215e-04  +1.563913e-04  +8.501004e-05  +4.275315e-05  +1.251971e-06  +2.233551e-09  +3.765778e-05  +8.816088e-05  +4.589637e-05  +1.480378e-04  +7.022103e-05  +1.544011e-04  +9.017602e-05  +6.630223e-05  +4.433135e-04  +5.408610e-04  +1.117955e-04  +2.785280e-04  +2.305928e-04  +1.773657e-09  +3.406302e-25  +9.116334e-52  +3.388462e-89 
+2.012224e-167  +4.453441e-122  +1.369810e-87  +5.859299e-64  +3.489562e-51  +5.912575e-40  +9.222130e-26  +3.294244e-11  +1.922832e-05  +1.239708e-04  +1.363732e-04  +2.432871e-04  +2.899263e-04  +1.357059e-04  +1.232124e-06  +2.408841e-08  +4.477162e-10  +1.187673e-04  +1.904633e-04  +8.216672e-05  +3.981413e-05  +5.234549e-04  +1.108217e-04  +1.907758e-04  +2.714387e-04  +2.615716e-04  +3.464453e-05  +5.455623e-06  +2.473143e-14  +1.272927e-30  +3.403106e-57  +1.264904e-94 
+8.507237e-204  +1.881703e-158  +5.781327e-124  +2.467666e-100  +1.469397e-87  +1.683547e-64  +1.070578e-37  +1.831045e-16  +6.829435e-06  +5.200307e-05  +9.037915e-05  +4.763998e-06  +8.758936e-05  +1.993195e-04  +1.430548e-04  +2.334650e-04  +4.520412e-09  +2.251781e-10  +1.363813e-04  +1.219763e-05  +9.309866e-05  +1.576346e-05  +1.851555e-04  +1.617962e-04  +2.184785e-04  +1.331195e-04  +7.975472e-05  +8.494103e-05  +1.926779e-12  +4.946567e-30  +1.219858e-56  +8.924034e-94 
+4.997505e-251  +1.105229e-205  +3.394753e-171  +1.448230e-147  +8.391087e-109  +1.005626e-66  +1.673775e-35  +3.869600e-15  +1.269285e-05  +6.831896e-05  +1.556579e-04  +2.460899e-04  +1.823863e-04  +1.747155e-04  +1.164729e-04  +9.158279e-05  +1.865631e-05  +6.141284e-11  +4.155982e-08  +1.037296e-04  +1.358658e-04  +6.246884e-05  +1.501104e-04  +7.575969e-05  +3.422266e-04  +7.528740e-05  +5.709405e-05  +2.752079e-04  +4.022981e-09  +1.414208e-23  +1.584343e-47  +2.715847e-82 
+4.077640e-309  +9.017629e-264  +2.769853e-229  +1.520945e-169  +1.312482e-116  +1.572937e-74  +2.617986e-43  +6.052114e-23  +4.910064e-12  +5.208116e-08  +2.119499e-05  +6.802796e-05  +9.116728e-05  +8.854315e-05  +4.430060e-05  +2.320320e-04  +1.238204e-04  +1.403871e-05  +7.757542e-05  +5.179033e-05  +1.382814e-04  +6.811560e-05  +3.102202e-04  +1.088117e-04  +1.197302e-04  +1.659282e-04  +2.041071e-04  +9.151229e-05  +1.502703e-07  +1.335919e-20  +1.649627e-44  +2.828975e-79 
+0.000000e+00  +0.000000e+00  +5.317222e-252  +3.303899e-188  +2.851063e-135  +3.416841e-93  +5.687099e-62  +8.507168e-41  +2.439989e-22  +4.601608e-08  +1.320790e-04  +6.312003e-05  +1.016979e-04  +5.959215e-05  +1.710838e-04  +2.304122e-04  +1.437027e-04  +1.184442e-04  +4.738948e-04  +1.531505e-04  +1.938637e-04  +3.545168e-04  +1.115442e-04  +1.822835e-04  +1.340562e-04  +9.512314e-05  +7.271504e-05  +2.370286e-07  +4.087097e-15  +1.932616e-28  +2.386427e-52  +4.092527e-87 
+0.000000e+00  +0.000000e+00  +1.604117e-281  +9.967311e-218  +8.601180e-165  +1.030809e-122  +2.567203e-86  +1.930155e-50  +2.016912e-25  +2.930606e-11  +1.671539e-06  +3.892970e-05  +2.986334e-04  +1.377323e-04  +2.238287e-04  +1.738426e-04  +3.059220e-04  +1.788632e-04  +2.194057e-04  +1.683513e-04  +6.620553e-05  +1.214573e-04  +1.910167e-04  +5.756249e-05  +4.273706e-05  +4.175328e-06  +1.604715e-09  +2.462583e-15  +3.599925e-28  +5.272724e-47  +4.794571e-71  +8.222275e-106 
+0.000000e+00  +0.000000e+00  +6.719293e-322  +4.176065e-258  +2.831800e-204  +9.623866e-147  +5.204624e-100  +3.909022e-64  +4.077431e-39  +6.086001e-25  +3.851041e-16  +7.575189e-12  +6.184515e-06  +7.047726e-05  +1.345194e-04  +8.941751e-05  +2.147203e-04  +3.565736e-04  +3.172657e-04  +1.553045e-04  +2.971568e-04  +1.837541e-04  +6.314994e-05  +2.077998e-06  +3.341221e-07  +1.190529e-11  +1.365646e-20  +5.496677e-34  +5.886400e-47  +1.146893e-70  +1.532533e-100  +2.294198e-135 
+0.000000e+00  +0.000000e+00  +0.000000e+00  +2.485558e-297  +6.969252e-229  +2.713854e-171  +1.467657e-124  +1.102302e-88  +1.149819e-63  +6.003706e-47  +7.408625e-26  +8.324735e-10  +1.669657e-04  +9.047192e-05  +3.307763e-04  +2.958554e-04  +2.524919e-04  +1.482432e-04  +2.258418e-04  +4.496016e-05  +6.715835e-05  +1.351652e-04  +1.176837e-05  +1.957172e-11  +7.946528e-18  +6.817702e-25  +6.588179e-40  +1.210762e-56  +1.419488e-76  +2.714614e-100  +7.251085e-135  +9.416510e-176 
+0.000000e+00  +0.000000e+00  +0.000000e+00  +0.000000e+00  +2.729375e-264  +1.062829e-206  +5.747800e-160  +4.316958e-124  +2.996537e-98  +1.836755e-60  +2.180622e-33  +5.728624e-17  +2.338600e-08  +1.036494e-04  +4.211936e-05  +3.506764e-04  +1.906026e-04  +1.497625e-04  +1.462414e-04  +5.172593e-05  +1.639335e-04  +9.383825e-05  +2.546296e-06  +1.189041e-17  +1.174085e-38  +5.529536e-49  +5.225451e-64  +2.913183e-89  +2.075165e-114  +9.091197e-141  +2.414583e-175  +8.921840e-221 
+0.000000e+00  +0.000000e+00  +0.000000e+00  +0.000000e+00  +1.484493e-310  +5.780674e-253  +3.126199e-206  +3.056747e-165  +2.045534e-116  +1.928426e-78  +7.138448e-51  +4.008441e-31  +2.133874e-18  +3.590880e-09  +1.058035e-10  +1.533460e-09  +2.631527e-06  +2.362201e-05  +3.044720e-04  +4.995600e-04  +1.684546e-04  +2.018138e-04  +1.465158e-07  +5.018197e-21  +2.486837e-45  +2.214043e-80  +5.771746e-99  +7.724947e-125  +5.258870e-158  +4.296647e-192  +1.123035e-226  +4.142402e-272 
+0.000000e+00  +0.000000e+00  +0.000000e+00  +0.000000e+00  +0.000000e+00  +4.366479e-310  +1.054468e-253  +5.200908e-194  +3.572169e-145  +2.455716e-106  +1.327621e-75  +2.936658e-53  +4.347424e-33  +9.123039e-24  +2.659604e-25  +3.664424e-14  +1.677282e-05  +3.341351e-05  +3.882948e-04  +6.357622e-05  +1.406424e-04  +1.134406e-06  +7.925062e-13  +2.728912e-26  +1.331949e-50  +9.028696e-86  +8.499641e-132  +1.184995e-170  +2.202657e-207  +2.408158e-248  +7.254081e-289  +0.000000e+00 
+0.000000e+00  +0.000000e+00  +0.000000e+00  +0.000000e+00  +0.000000e+00  +0.000000e+00  +2.596735e-293  +1.289650e-233  +1.965289e-183  +8.481527e-142  +9.897078e-110  +1.017943e-78  +1.538435e-58  +3.229083e-49  +4.980302e-40  +2.240092e-18  +1.409676e-07  +3.711654e-05  +2.195326e-04  +1.414588e-05  +9.256926e-06  +9.201784e-11  +1.207126e-25  +2.071567e-42  +1.010427e-66  +6.849245e-102  +6.447899e-148  +8.430080e-205  +4.692479e-264  +1.223136e-311  +0.000000e+00  +0.000000e+00 
+0.000000e+00  +0.000000e+00  +0.000000e+00  +0.000000e+00  +0.000000e+00  +0.000000e+00  +0.000000e+00  +3.256413e-282  +1.045099e-229  +1.059048e-187  +4.598031e-146  +5.003751e-115  +7.562369e-95  +6.168274e-84  +1.960838e-51  +8.885466e-30  +1.202211e-16  +1.123703e-07  +1.916825e-05  +7.092547e-12  +7.281619e-16  +1.047676e-22  +1.035212e-37  +1.642401e-63  +1.064582e-93  +7.216029e-129  +6.793191e-175  +8.881520e-232  +1.612645e-299  +0.000000e+00  +0.000000e+00  +0.000000e+00 
+0.000000e+00  +0.000000e+00  +0.000000e+00  +0.000000e+00  +0.000000e+00  +0.000000e+00  +0.000000e+00  +0.000000e+00  +8.790842e-287  +4.005917e-235  +3.138978e-193  +3.415957e-162  +5.162673e-142  +3.310676e-106  +1.080233e-73  +1.596261e-49  +6.515634e-30  +2.181857e-17  +1.627887e-14  +1.842572e-22  +9.225476e-37  +1.916651e-44  +1.429505e-60  +2.260318e-86  +4.980386e-123  +1.055981e-166  +9.939565e-213  +1.299514e-269  +0.000000e+00  +0.000000e+00  +0.000000e+00  +0.000000e+00 
+0.000000e+00  +0.000000e+00  +0.000000e+00  +0.000000e+00  +0.000000e+00  +0.000000e+00  +0.000000e+00  +0.000000e+00  +0.000000e+00  +3.798015e-293  +2.976068e-251  +3.238673e-220  +1.078121e-182  +2.532971e-139  +4.190820e-104  +1.123293e-73  +5.447624e-51  +2.924110e-37  +2.181565e-34  +2.260867e-42  +3.467336e-61  +3.157689e-76  +3.574928e-94  +4.320582e-120  +9.519277e-157  +2.912968e-204  +2.143552e-261  +2.640657e-318  +0.000000e+00  +0.000000e+00  +0.000000e+00  +0.000000e+00 
+0.000000e+00  +0.000000e+00  +0.000000e+00  +0.000000e+00  +0.000000e+00  +0.000000e+00  +0.000000e+00  +0.000000e+00  +0.000000e+00  +0.000000e+00  +3.918435e-320  +6.771646e-281  +1.145564e-226  +2.128053e-180  +4.051224e-139  +2.630590e-106  +1.013381e-81  +5.443886e-68  +4.061469e-65  +4.208192e-73  +6.056378e-92  +7.728820e-119  +2.155512e-137  +1.154615e-164  +2.526874e-201  +7.732404e-249  +3.286126e-307  +0.000000e+00  +0.000000e+00  +0.000000e+00  +0.000000e+00  +0.000000e+00 
+0.000000e+00  +0.000000e+00  +0.000000e+00  +0.000000e+00  +0.000000e+00  +0.000000e+00  +0.000000e+00  +0.000000e+00  +0.000000e+00  +0.000000e+00  +0.000000e+00  +0.000000e+00  +2.085228e-278  +2.853103e-226  +2.486273e-183  +6.773731e-148  +2.620150e-123  +1.407545e-109  +1.050114e-106  +1.088049e-114  +1.565665e-133  +3.129210e-163  +7.077735e-191  +6.880542e-220  +9.316741e-257  +2.850568e-304  +0.000000e+00  +0.000000e+00  +0.000000e+00  +0.000000e+00  +0.000000e+00  +0.000000e+00 
