+0.000000e+00  +0.000000e+00  +0.000000e+00  +0.000000e+00  +0.000000e+00  +0.000000e+00  +0.000000e+00  +0.000000e+00  +0.000000e+00  +0.000000e+00  +0.000000e+00  +5.963033e-302  +4.248234e-280  +4.203274e-269  +4.878227e-266  +4.285570e-261  +5.253190e-267  +2.301011e-278  +4.025897e-298  +0.000000e+00  +0.000000e+00  +0.000000e+00  +0.000000e+00  +0.000000e+00  +0.000000e+00  +0.000000e+00  +0.000000e+00  +0.000000e+00  +0.000000e+00  +0.000000e+00  +0.000000e+00  +0.000000e+00 
+0.000000e+00  +0.000000e+00  +0.000000e+00  +0.000000e+00  +0.000000e+00  +0.000000e+00  +0.000000e+00  +0.000000e+00  +9.881313e-324  +4.469789e-308  +1.650590e-264  +8.467251e-232  +6.032310e-210  +5.968468e-199  +7.792165e-197  +6.781048e-192  +8.673125e-198  +4.912259e-208  +8.594622e-228  +2.088384e-258  +7.047447e-300  +0.000000e+00  +0.000000e+00  +0.000000e+00  +0.000000e+00  +0.000000e+00  +0.000000e+00  +0.000000e+00  +0.000000e+00  +0.000000e+00  +0.000000e+00  +0.000000e+00 
+0.000000e+00  +0.000000e+00  +0.000000e+00  +0.000000e+00  +9.222480e-295  +1.485782e-273  +3.324606e-263  +3.666349e-262  +8.647726e-248  +1.050419e-235  +3.255009e-205  +1.669766e-172  +1.189589e-150  +1.176999e-139  +1.857148e-138  +1.490132e-133  +2.976270e-139  +1.456409e-148  +2.548173e-168  +6.191736e-199  +2.089459e-240  +9.794394e-293  +0.000000e+00  +0.000000e+00  +0.000000e+00  +0.000000e+00  +0.000000e+00  +0.000000e+00  +0.000000e+00  +0.000000e+00  +0.000000e+00  +0.000000e+00 
+0.000000e+00  +0.000000e+00  +2.108794e-300  +1.761432e-257  +2.043315e-225  +3.291871e-204  +7.365953e-194  +8.334909e-193  +1.082512e-182  +1.314895e-170  +8.914630e-157  +4.573057e-124  +3.257976e-102  +3.223495e-91  +9.640486e-91  +4.547921e-86  +5.315602e-91  +5.996852e-100  +1.049226e-119  +2.549485e-150  +8.603537e-192  +1.465574e-235  +4.999504e-285  +0.000000e+00  +0.000000e+00  +0.000000e+00  +0.000000e+00  +0.000000e+00  +0.000000e+00  +0.000000e+00  +0.000000e+00  +0.000000e+00 
+0.000000e+00  +1.078863e-295  +6.488731e-242  +5.419901e-199  +6.287253e-167  +1.012904e-145  +2.266499e-135  +2.631565e-134  +1.882669e-128  +2.285900e-116  +3.856507e-115  +1.739385e-86  +1.239187e-64  +1.226072e-53  +1.927433e-53  +1.928858e-49  +2.745581e-53  +3.429267e-62  +5.999940e-82  +1.457910e-112  +6.401120e-147  +1.572306e-185  +5.363598e-235  +2.544200e-295  +0.000000e+00  +5.483882e-319  +6.104675e-320  +0.000000e+00  +0.000000e+00  +0.000000e+00  +0.000000e+00  +0.000000e+00 
+1.064569e-312  +4.610305e-248  +2.772830e-194  +2.316087e-151  +2.686733e-119  +4.328445e-98  +9.685460e-88  +1.153913e-86  +4.663730e-85  +5.519075e-73  +9.310223e-72  +9.188037e-60  +6.545817e-38  +6.476540e-27  +9.547156e-27  +1.144703e-23  +2.163225e-26  +2.723438e-35  +4.765000e-55  +5.392385e-80  +9.537250e-108  +2.342633e-146  +1.164547e-195  +1.202218e-245  +8.466925e-252  +6.500503e-242  +7.236350e-243  +1.118742e-254  +2.402031e-277  +7.162507e-311  +0.000000e+00  +0.000000e+00 
+6.317939e-276  +2.736095e-211  +1.645602e-157  +1.374537e-114  +1.594505e-82  +2.568819e-61  +5.748081e-51  +7.027128e-50  +4.128396e-52  +1.851936e-40  +3.121780e-39  +2.636695e-38  +4.803353e-22  +4.751252e-11  +1.052113e-10  +1.037262e-08  +2.390668e-10  +3.003879e-19  +8.762054e-35  +1.115797e-51  +1.973462e-79  +8.227149e-116  +3.382772e-154  +5.773280e-192  +5.129317e-185  +1.070152e-175  +1.191291e-176  +1.841741e-188  +3.954368e-211  +1.179135e-244  +4.883013e-289  +0.000000e+00 
+1.526410e-248  +2.267109e-185  +1.356340e-131  +1.132912e-88  +1.314212e-56  +2.117254e-35  +4.737656e-25  +5.943306e-24  +8.870819e-29  +9.031381e-19  +1.453760e-17  +7.955660e-17  +5.787350e-14  +6.284133e-06  +5.794518e-05  +2.905457e-04  +4.450255e-05  +2.753029e-11  +2.517874e-17  +3.210672e-34  +3.532589e-57  +1.840047e-84  +6.538079e-120  +8.519468e-135  +5.629559e-128  +2.446706e-120  +2.723669e-121  +4.210803e-133  +9.040937e-156  +2.695876e-189  +1.116411e-233  +6.420824e-289 
+4.927875e-224  +3.960743e-163  +4.422881e-113  +2.008615e-73  +1.508961e-41  +2.424596e-20  +5.423376e-10  +6.981178e-09  +2.319795e-14  +2.296278e-07  +9.621980e-07  +3.758777e-06  +1.329754e-05  +4.658543e-05  +1.605796e-04  +1.556487e-04  +1.367203e-04  +1.215777e-04  +3.142677e-10  +2.946499e-20  +1.933397e-36  +5.754777e-61  +2.151575e-94  +1.745984e-88  +1.147566e-81  +7.768838e-76  +8.648259e-77  +1.337024e-88  +2.870700e-111  +8.560009e-145  +3.545895e-189  +1.027509e-243 
+2.287531e-210  +1.838586e-149  +2.052290e-99  +3.181498e-60  +6.850719e-32  +2.355092e-14  +1.750165e-05  +1.561138e-04  +6.991725e-07  +2.781214e-04  +5.235373e-04  +1.402949e-04  +3.988501e-04  +2.678951e-04  +1.211718e-04  +1.225479e-04  +9.288294e-05  +2.743635e-04  +4.759121e-05  +3.954898e-10  +5.504926e-23  +8.952125e-45  +1.050206e-70  +4.969424e-53  +3.265933e-46  +3.425850e-42  +3.813651e-43  +5.895919e-55  +1.265903e-77  +3.809243e-111  +1.985178e-153  +1.561192e-204 
+1.474729e-207  +1.185302e-146  +1.323074e-96  +2.051078e-57  +4.417101e-29  +1.330080e-11  +7.093153e-05  +3.248529e-04  +1.524688e-04  +2.262487e-04  +1.402975e-04  +3.789339e-04  +3.516050e-04  +4.402267e-04  +3.806549e-04  +2.353333e-04  +7.854085e-05  +2.883153e-04  +3.384912e-05  +5.395916e-06  +7.978562e-17  +8.290019e-34  +1.175063e-41  +1.964309e-28  +1.290953e-21  +2.098088e-19  +2.335561e-20  +3.610861e-32  +9.962993e-55  +9.086232e-85  +5.184720e-125  +4.109748e-176 
+1.327694e-215  +1.206043e-154  +5.160520e-104  +1.534464e-63  +8.032870e-34  +5.933367e-15  +3.932302e-06  +1.028363e-04  +2.144143e-04  +1.226769e-04  +1.582555e-04  +3.294145e-04  +3.178943e-04  +3.492049e-04  +2.878883e-04  +3.691316e-04  +3.069266e-04  +3.516481e-04  +1.712943e-04  +8.935199e-05  +1.298434e-09  +6.736323e-16  +2.735344e-19  +1.078486e-14  +7.086868e-08  +1.824626e-07  +1.987740e-08  +3.037847e-19  +8.080904e-38  +3.321012e-67  +1.895494e-107  +1.502492e-158 
+6.191736e-230  +1.224093e-167  +3.360975e-116  +1.281979e-75  +9.042748e-46  +1.895056e-24  +4.030564e-13  +6.923947e-06  +8.737861e-05  +1.864076e-04  +3.987118e-04  +2.291655e-04  +2.698508e-04  +2.274137e-04  +2.064400e-04  +3.141824e-04  +2.521831e-04  +3.474406e-04  +2.553169e-04  +1.221035e-04  +1.279264e-04  +9.012285e-07  +1.746412e-07  +3.427490e-07  +7.504225e-05  +9.793980e-05  +6.530413e-05  +1.386486e-12  +4.102905e-31  +1.686186e-60  +9.624040e-101  +7.628644e-152 
+7.268840e-253  +1.437097e-190  +4.025785e-139  +3.624881e-97  +2.094846e-64  +1.836704e-42  +8.680617e-25  +3.975596e-13  +1.026745e-05  +2.553923e-04  +4.085234e-04  +1.000348e-04  +3.072591e-04  +4.156248e-04  +8.403119e-05  +4.624154e-04  +4.805050e-04  +9.662202e-05  +8.019790e-05  +1.534601e-04  +1.532507e-04  +1.456724e-04  +7.198994e-05  +1.001021e-04  +1.676543e-05  +9.594801e-07  +4.588284e-09  +9.776613e-17  +2.893107e-35  +1.188991e-64  +6.786259e-105  +5.379233e-156 
+1.186601e-286  +5.645231e-224  +1.032837e-169  +4.480844e-126  +2.709660e-93  +2.709242e-65  +2.362101e-41  +4.231780e-23  +2.091019e-14  +3.786526e-06  +1.549294e-04  +5.351181e-06  +9.125790e-05  +3.666612e-04  +4.869139e-04  +2.907803e-04  +5.629066e-04  +3.753348e-04  +7.276022e-05  +2.453765e-04  +2.384077e-04  +2.692700e-04  +7.020092e-05  +5.440665e-07  +1.252200e-10  +4.749913e-14  +4.543113e-24  +9.574131e-32  +2.833188e-50  +1.164366e-79  +6.645710e-120  +5.267824e-171 
+0.000000e+00  +5.914521e-264  +1.848737e-209  +8.027946e-166  +1.708986e-127  +2.725045e-91  +3.516150e-62  +7.630703e-44  +4.586977e-25  +5.541492e-14  +2.130860e-08  +1.667657e-13  +1.060677e-11  +6.120192e-07  +4.396631e-04  +3.589060e-04  +3.584464e-04  +5.813345e-04  +3.246036e-04  +5.207608e-04  +1.919121e-04  +3.206287e-04  +1.640316e-04  +2.033543e-04  +3.527091e-06  +1.003409e-13  +4.218919e-31  +1.378030e-57  +3.853225e-76  +1.583574e-105  +9.038374e-146  +7.164406e-197 
+0.000000e+00  +1.471186e-314  +4.598879e-260  +2.102456e-211  +6.065080e-163  +5.635038e-123  +7.314017e-94  +1.086179e-65  +6.612154e-45  +1.736650e-28  +6.722203e-23  +3.614995e-28  +5.792062e-15  +5.093273e-09  +8.883170e-05  +1.137879e-04  +2.598258e-04  +2.374397e-04  +3.055103e-04  +3.137357e-04  +1.347001e-04  +1.259107e-04  +3.282745e-04  +5.471451e-05  +1.267809e-04  +1.984305e-09  +9.704560e-25  +6.624020e-51  +6.279475e-88  +8.267292e-136  +1.707172e-182  +1.353216e-233 
+0.000000e+00  +0.000000e+00  +5.492448e-317  +2.603632e-256  +1.741816e-205  +1.618587e-165  +4.960946e-128  +2.613795e-97  +2.729963e-70  +7.608833e-54  +2.945218e-48  +2.874175e-27  +1.550035e-10  +1.165783e-04  +8.386750e-05  +2.587163e-04  +5.579026e-04  +1.837289e-04  +3.074545e-04  +2.322017e-04  +1.245028e-04  +9.803158e-05  +6.058827e-04  +7.849141e-05  +1.726410e-05  +3.664953e-12  +1.711636e-27  +1.168338e-53  +1.107568e-90  +1.458177e-138  +2.666171e-197  +6.770233e-267 
+0.000000e+00  +0.000000e+00  +0.000000e+00  +4.969113e-284  +4.426836e-237  +5.477041e-201  +8.523940e-171  +8.277079e-134  +1.661118e-106  +2.773581e-78  +3.578665e-47  +6.412675e-27  +1.443146e-14  +7.005903e-06  +6.560564e-05  +2.842043e-04  +1.642436e-04  +1.232939e-04  +2.301066e-04  +1.518030e-04  +1.531415e-04  +9.965544e-06  +3.721702e-04  +9.202694e-06  +1.773287e-14  +1.799166e-22  +6.859018e-41  +2.862443e-67  +2.713035e-104  +3.571866e-152  +6.530899e-211  +1.658397e-280 
+0.000000e+00  +0.000000e+00  +1.304776e-289  +8.368483e-232  +7.455234e-185  +9.223884e-149  +1.584909e-123  +3.782098e-109  +1.319189e-93  +3.979438e-67  +2.506426e-36  +4.467746e-16  +1.111218e-06  +8.236891e-07  +1.229419e-04  +3.804233e-04  +3.696375e-04  +4.854567e-04  +3.569833e-04  +1.039826e-04  +6.413172e-06  +1.133145e-04  +3.716346e-05  +1.414882e-11  +6.732715e-23  +2.513109e-42  +3.648927e-61  +8.487039e-91  +9.250991e-129  +1.215118e-176  +2.221754e-235  +5.641721e-305 
+0.000000e+00  +6.445423e-313  +2.734347e-247  +1.969994e-190  +1.743690e-143  +2.157345e-107  +3.706893e-82  +8.845829e-68  +9.557857e-59  +1.387194e-46  +2.297337e-27  +5.202374e-12  +8.529909e-05  +3.793828e-04  +3.286756e-04  +3.010302e-04  +2.961366e-04  +1.130245e-04  +8.899024e-05  +1.244523e-04  +8.464914e-05  +6.007811e-05  +1.231256e-09  +1.459162e-20  +8.164027e-38  +9.755671e-62  +7.039556e-92  +1.427935e-121  +4.127139e-162  +5.903070e-212  +1.049689e-270  +0.000000e+00 
+0.000000e+00  +1.096220e-277  +4.131992e-212  +2.169360e-157  +7.236348e-113  +7.009092e-77  +1.204076e-51  +2.873309e-37  +1.237549e-33  +1.395810e-22  +1.579364e-19  +1.173954e-08  +2.268219e-04  +2.579153e-04  +3.803820e-04  +3.690715e-04  +3.248203e-04  +2.776622e-04  +2.969505e-04  +1.381597e-04  +2.449409e-05  +3.599694e-11  +2.285609e-19  +2.029520e-34  +1.280971e-57  +9.915499e-86  +2.736801e-122  +3.809653e-163  +1.077810e-203  +4.284409e-255  +9.248503e-317  +0.000000e+00 
+0.000000e+00  +2.589565e-253  +9.760844e-188  +5.109588e-133  +3.714943e-89  +4.066680e-56  +5.484288e-32  +1.296186e-17  +4.639501e-14  +1.950626e-09  +9.195748e-08  +5.881612e-05  +1.493640e-04  +1.630115e-04  +2.679208e-04  +3.397019e-04  +2.971170e-04  +1.106918e-04  +1.433777e-04  +2.335777e-07  +8.078148e-11  +2.075252e-21  +6.098854e-37  +4.533999e-55  +6.861834e-81  +2.306253e-116  +2.326208e-155  +1.817524e-204  +3.981323e-256  +1.569107e-307  +0.000000e+00  +0.000000e+00 
+3.130193e-316  +8.495594e-240  +3.202243e-174  +1.676304e-119  +1.218679e-75  +1.230451e-42  +1.728748e-20  +1.148041e-08  +2.778945e-05  +3.967556e-05  +1.836265e-05  +1.303620e-04  +1.062695e-04  +2.015033e-04  +1.653539e-04  +2.056273e-04  +2.307720e-04  +2.325030e-04  +1.628919e-04  +9.776440e-05  +2.698316e-06  +1.539462e-15  +1.457563e-34  +2.341471e-64  +5.239657e-105  +4.483145e-149  +2.042767e-196  +1.052614e-246  +2.340582e-307  +0.000000e+00  +0.000000e+00  +0.000000e+00 
+1.426186e-313  +3.870781e-237  +1.459013e-171  +7.637613e-117  +5.552570e-73  +5.606198e-40  +7.861054e-18  +1.530915e-06  +4.377382e-06  +2.497926e-07  +4.409008e-05  +2.725530e-05  +2.330846e-05  +3.783218e-08  +4.930033e-06  +2.894560e-04  +2.666466e-04  +1.931824e-04  +6.957118e-06  +1.438878e-04  +2.061984e-05  +1.634629e-13  +1.896001e-32  +3.055139e-62  +6.836962e-103  +2.124874e-154  +9.171521e-217  +5.497780e-290  +0.000000e+00  +0.000000e+00  +0.000000e+00  +0.000000e+00 
+9.041401e-322  +2.449297e-245  +9.232131e-180  +4.832818e-125  +3.513475e-81  +3.547409e-48  +4.974204e-26  +9.686656e-15  +2.619767e-14  +2.950325e-19  +6.180874e-13  +1.252633e-14  +4.444010e-13  +8.571716e-05  +1.058604e-04  +2.203652e-04  +1.160445e-04  +2.815176e-05  +4.837852e-06  +3.097493e-07  +1.228049e-06  +1.382776e-16  +2.164468e-37  +4.759224e-69  +2.658894e-111  +3.910157e-163  +1.662380e-225  +9.962930e-299  +0.000000e+00  +0.000000e+00  +0.000000e+00  +0.000000e+00 
+0.000000e+00  +2.152396e-264  +8.113023e-199  +4.246989e-144  +3.087576e-100  +3.117396e-67  +4.371237e-45  +8.512451e-34  +2.302199e-33  +1.786242e-39  +1.425399e-31  +2.557057e-34  +1.394274e-17  +3.978012e-09  +1.380543e-06  +1.587262e-04  +1.705497e-04  +6.513449e-05  +9.946101e-05  +3.939119e-09  +6.217893e-17  +7.007116e-27  +1.096664e-47  +2.383667e-79  +7.195413e-122  +3.016503e-175  +1.756268e-239  +1.420334e-314  +0.000000e+00  +0.000000e+00  +0.000000e+00  +0.000000e+00 
+0.000000e+00  +2.626884e-294  +9.901510e-229  +5.183223e-174  +3.768221e-130  +3.804615e-97  +5.334860e-75  +1.038899e-63  +2.809711e-63  +4.994929e-69  +4.568347e-61  +6.733835e-52  +7.366788e-33  +3.021839e-23  +2.375596e-16  +1.912507e-07  +2.058352e-06  +1.197337e-05  +1.460743e-07  +5.668605e-13  +3.470204e-28  +4.931383e-48  +7.717963e-69  +1.677547e-100  +5.063898e-143  +2.122917e-196  +1.236001e-260  +0.000000e+00  +0.000000e+00  +0.000000e+00  +0.000000e+00  +0.000000e+00 
+0.000000e+00  +0.000000e+00  +1.678255e-269  +8.785299e-215  +6.386942e-171  +6.448629e-138  +9.042317e-116  +1.760881e-104  +4.762317e-104  +2.222028e-109  +2.033392e-101  +4.682782e-78  +6.672853e-59  +2.405048e-46  +2.052052e-29  +9.862158e-18  +2.220591e-14  +2.861592e-13  +1.647119e-19  +1.142535e-27  +6.935300e-43  +5.896415e-69  +7.543517e-101  +1.639615e-132  +4.949395e-175  +2.074914e-228  +1.208053e-292  +0.000000e+00  +0.000000e+00  +0.000000e+00  +0.000000e+00  +0.000000e+00 
+0.000000e+00  +0.000000e+00  +3.952525e-321  +2.068003e-266  +1.503445e-222  +1.517966e-189  +2.128503e-167  +4.145001e-156  +1.121019e-155  +1.373555e-160  +6.104741e-145  +4.609550e-115  +2.969349e-95  +4.453670e-73  +1.567944e-50  +7.711929e-39  +7.902142e-33  +1.021409e-31  +2.116131e-41  +1.973108e-52  +1.924937e-68  +1.636576e-94  +1.932400e-131  +2.225917e-175  +6.718266e-218  +2.816471e-271  +0.000000e+00  +0.000000e+00  +0.000000e+00  +0.000000e+00  +0.000000e+00  +0.000000e+00 
+0.000000e+00  +0.000000e+00  +0.000000e+00  +0.000000e+00  +4.914962e-285  +4.962432e-252  +6.958360e-230  +1.355056e-218  +3.664759e-218  +1.179188e-222  +8.166395e-193  +6.930556e-163  +1.917805e-138  +4.808036e-105  +1.702796e-82  +8.379423e-71  +3.917173e-62  +5.063261e-61  +9.089270e-71  +3.954959e-86  +7.452158e-105  +6.308446e-131  +7.448745e-168  +1.221467e-215  +1.269267e-271  +0.000000e+00  +0.000000e+00  +0.000000e+00  +0.000000e+00  +0.000000e+00  +0.000000e+00  +0.000000e+00 
+0.000000e+00  +0.000000e+00  +0.000000e+00  +0.000000e+00  +0.000000e+00  +0.000000e+00  +3.159202e-303  +6.152161e-292  +1.663857e-291  +2.861767e-292  +1.528705e-251  +2.559632e-221  +2.843685e-181  +7.251682e-148  +2.568231e-125  +1.552935e-113  +2.696755e-102  +3.485773e-101  +6.257409e-111  +1.464851e-130  +1.464202e-151  +3.377132e-178  +3.987560e-215  +6.538918e-263  +1.487138e-321  +0.000000e+00  +0.000000e+00  +0.000000e+00  +0.000000e+00  +0.000000e+00  +0.000000e+00  +0.000000e+00 
