+0.000000e+00  +0.000000e+00  +0.000000e+00  +0.000000e+00  +0.000000e+00  +0.000000e+00  +0.000000e+00  +0.000000e+00  +0.000000e+00  +0.000000e+00  +0.000000e+00  +0.000000e+00  +0.000000e+00  +1.256952e-308  +5.630580e-280  +1.004830e-249  +6.816979e-212  +6.422883e-185  +1.233902e-165  +2.837688e-149  +9.069484e-144  +4.025672e-149  +2.481602e-165  +2.125025e-192  +9.487404e-221  +1.170289e-232  +2.708829e-253  +8.708536e-285  +2.158573e-320  +0.000000e+00  +0.000000e+00  +0.000000e+00 
+0.000000e+00  +0.000000e+00  +0.000000e+00  +0.000000e+00  +0.000000e+00  +0.000000e+00  +0.000000e+00  +0.000000e+00  +0.000000e+00  +0.000000e+00  +0.000000e+00  +2.795917e-320  +1.495264e-278  +2.684970e-240  +1.202743e-211  +2.559108e-191  +1.419237e-158  +1.337189e-131  +2.180093e-115  +9.904291e-100  +3.165493e-94  +1.405067e-99  +8.661456e-116  +6.063318e-140  +1.341700e-159  +2.228140e-169  +5.157400e-190  +3.553042e-220  +2.302857e-251  +5.155643e-292  +0.000000e+00  +0.000000e+00 
+0.000000e+00  +0.000000e+00  +0.000000e+00  +0.000000e+00  +0.000000e+00  +0.000000e+00  +0.000000e+00  +0.000000e+00  +0.000000e+00  +5.928788e-323  +2.946342e-290  +2.217106e-257  +6.162388e-216  +8.008461e-183  +3.568057e-154  +2.263608e-136  +4.112879e-116  +3.866285e-89  +5.059269e-73  +4.800873e-61  +1.534398e-55  +6.810732e-61  +4.199189e-77  +1.040700e-94  +3.536160e-107  +5.891551e-117  +1.363811e-137  +2.504976e-162  +1.162415e-192  +3.907216e-233  +1.908454e-284  +0.000000e+00 
+0.000000e+00  +0.000000e+00  +0.000000e+00  +0.000000e+00  +0.000000e+00  +0.000000e+00  +0.000000e+00  +0.000000e+00  +4.809425e-298  +1.713659e-254  +8.479958e-222  +5.856261e-200  +3.948109e-164  +2.623540e-133  +1.470040e-107  +9.145351e-90  +2.236193e-76  +1.552504e-57  +2.031462e-41  +3.235575e-33  +1.032934e-27  +4.584885e-33  +1.797249e-46  +6.867384e-60  +1.298135e-65  +2.163489e-75  +1.049320e-94  +6.417141e-115  +1.178939e-144  +4.132543e-185  +2.019384e-236  +1.370487e-298 
+0.000000e+00  +0.000000e+00  +0.000000e+00  +0.000000e+00  +0.000000e+00  +0.000000e+00  +0.000000e+00  +7.499081e-295  +1.922391e-240  +6.849723e-197  +3.389552e-164  +2.329429e-142  +8.493421e-121  +2.214364e-92  +1.056022e-71  +5.232806e-54  +7.459461e-45  +3.105007e-36  +1.132884e-20  +2.368490e-15  +9.657079e-11  +4.291005e-16  +5.946301e-23  +8.037457e-32  +6.620167e-35  +1.103450e-44  +1.539303e-58  +7.025024e-78  +1.726370e-107  +6.072661e-148  +2.967535e-199  +2.013966e-261 
+0.000000e+00  +0.000000e+00  +0.000000e+00  +0.000000e+00  +0.000000e+00  +7.905050e-323  +1.177784e-288  +2.637140e-246  +1.073410e-193  +3.802417e-150  +1.881606e-117  +1.293111e-95  +1.238852e-84  +5.103112e-61  +2.512859e-42  +4.158577e-29  +3.627253e-22  +1.013703e-15  +8.784640e-11  +1.605619e-05  +1.276803e-04  +8.413114e-07  +3.617673e-10  +2.936798e-13  +4.688875e-15  +1.607614e-23  +9.558812e-33  +1.393724e-51  +3.522278e-81  +1.239347e-121  +6.056350e-173  +4.110239e-235 
+0.000000e+00  +0.000000e+00  +0.000000e+00  +0.000000e+00  +3.541326e-300  +3.715571e-255  +5.414126e-221  +3.409615e-197  +3.639336e-155  +3.052962e-114  +1.450624e-81  +9.969201e-60  +9.514928e-49  +3.709836e-38  +9.429628e-23  +5.984112e-14  +4.005782e-08  +6.485214e-06  +4.743807e-05  +1.079638e-04  +1.138606e-04  +1.711257e-04  +2.228480e-04  +3.816384e-05  +4.613727e-06  +5.042075e-09  +2.204593e-17  +3.941064e-36  +9.983122e-66  +3.512738e-106  +1.716580e-157  +1.164984e-219 
+0.000000e+00  +0.000000e+00  +0.000000e+00  +3.554581e-299  +2.262590e-243  +2.373899e-198  +3.459074e-164  +7.230275e-141  +1.409063e-124  +9.800903e-86  +2.008469e-56  +1.067418e-34  +1.018751e-23  +1.390294e-23  +5.705895e-11  +1.415872e-05  +1.954548e-04  +2.143300e-04  +8.108937e-05  +3.116392e-04  +2.424672e-04  +2.020482e-04  +2.862196e-04  +3.380544e-04  +1.624681e-04  +7.576521e-05  +8.521021e-13  +1.551260e-31  +3.929818e-61  +1.382741e-101  +6.757032e-153  +4.585761e-215 
+0.000000e+00  +0.000000e+00  +2.231359e-311  +4.760845e-249  +3.418149e-197  +2.106439e-152  +3.069266e-118  +6.214305e-95  +1.560163e-80  +1.097848e-66  +5.102269e-38  +4.880119e-20  +1.515158e-09  +2.008089e-09  +3.062552e-06  +2.021876e-04  +7.511597e-05  +1.511313e-04  +8.111107e-05  +2.007786e-04  +2.346288e-04  +2.767993e-04  +1.150111e-04  +1.299209e-04  +2.846165e-05  +2.119972e-05  +4.633524e-14  +2.120306e-33  +1.356040e-63  +1.206602e-104  +1.501291e-156  +2.671439e-219 
+0.000000e+00  +0.000000e+00  +2.635845e-271  +5.623545e-209  +1.666268e-157  +9.452202e-117  +3.782615e-83  +7.653959e-60  +5.112653e-47  +2.474386e-40  +8.899978e-30  +5.796935e-12  +5.665361e-05  +1.262098e-05  +1.163270e-05  +1.275314e-04  +3.105102e-05  +2.695583e-04  +1.860794e-04  +2.873270e-04  +3.544154e-04  +1.106411e-04  +3.945279e-04  +2.829058e-04  +1.809400e-05  +1.260670e-04  +1.140931e-12  +2.269245e-31  +6.656825e-61  +2.730614e-101  +1.556785e-152  +1.232747e-214 
+0.000000e+00  +1.238557e-298  +4.324225e-242  +9.225682e-180  +2.733548e-128  +1.124850e-87  +7.075599e-58  +1.310396e-35  +3.760306e-23  +5.807917e-18  +2.856093e-18  +1.247371e-10  +6.603315e-05  +1.831208e-04  +5.628148e-05  +3.923455e-05  +1.314496e-04  +1.921068e-04  +1.418436e-04  +2.002249e-04  +3.190036e-04  +1.712614e-04  +1.770611e-04  +8.175812e-05  +2.620342e-06  +1.152067e-09  +1.758339e-17  +3.741296e-36  +1.105964e-65  +4.540607e-106  +2.588965e-157  +2.050107e-219 
+5.975436e-281  +8.841469e-236  +1.269594e-198  +2.101963e-161  +6.228062e-110  +2.562826e-69  +1.464615e-39  +1.193559e-20  +8.765570e-10  +2.072821e-06  +4.062833e-07  +5.544135e-07  +3.046394e-05  +1.211690e-04  +1.975935e-04  +7.991202e-05  +6.671546e-05  +1.809637e-04  +7.641714e-05  +3.647382e-04  +3.607406e-04  +1.532433e-04  +3.784100e-04  +6.273646e-05  +6.416716e-10  +1.106965e-24  +4.059264e-33  +8.640605e-52  +2.554351e-81  +1.048709e-121  +5.979537e-173  +4.734978e-235 
+4.650497e-227  +1.194496e-182  +9.795156e-148  +2.755160e-119  +6.498776e-99  +8.109299e-62  +4.634335e-32  +3.678151e-13  +4.089727e-05  +1.473252e-04  +1.122661e-05  +3.030370e-04  +1.222118e-04  +1.864085e-04  +8.065007e-05  +2.172135e-04  +3.175341e-05  +1.000115e-04  +5.313827e-05  +2.036609e-04  +1.615194e-04  +5.591509e-05  +2.991602e-04  +3.272713e-06  +2.978159e-15  +6.655337e-35  +1.347093e-59  +2.771554e-78  +8.193320e-108  +3.363833e-148  +1.917992e-199  +1.518789e-261 
+5.797218e-183  +1.234667e-139  +5.332824e-106  +2.850739e-81  +1.254698e-61  +4.484647e-49  +6.579559e-35  +1.625071e-16  +7.616133e-07  +1.932958e-05  +1.048073e-04  +7.150812e-05  +2.624077e-05  +1.778913e-04  +1.556319e-04  +9.523668e-05  +9.658309e-06  +4.483901e-05  +2.905999e-04  +1.900267e-04  +2.151834e-04  +1.388459e-04  +3.408468e-04  +5.585226e-06  +1.637305e-15  +1.326034e-35  +1.883446e-66  +4.310334e-108  +3.649868e-145  +1.498483e-185  +8.544058e-237  +6.765729e-299 
+5.240913e-145  +7.758397e-106  +6.336040e-74  +6.954098e-51  +3.474236e-35  +1.105958e-25  +2.164848e-16  +9.875607e-13  +5.798777e-08  +1.582480e-04  +9.975758e-05  +1.342397e-04  +4.778660e-05  +1.330473e-04  +1.381134e-04  +1.177566e-04  +1.759840e-07  +7.880123e-10  +1.227135e-05  +1.469788e-04  +2.330624e-04  +2.254649e-04  +1.706725e-04  +2.594433e-06  +6.271159e-16  +2.217737e-36  +1.444466e-67  +1.280343e-108  +6.319455e-160  +4.625588e-222  +5.285906e-285  +0.000000e+00 
+7.213064e-118  +1.041985e-78  +2.103848e-50  +6.340787e-30  +3.039160e-17  +4.109153e-10  +4.650707e-07  +5.572414e-05  +7.937895e-06  +1.414898e-04  +2.112566e-05  +2.096603e-04  +3.479991e-05  +2.541629e-04  +2.378775e-04  +1.313913e-04  +5.917895e-07  +2.269889e-08  +1.594042e-04  +1.984979e-04  +5.033269e-05  +9.855535e-05  +1.041876e-04  +6.760276e-05  +7.467294e-13  +1.470118e-31  +4.023031e-61  +1.528951e-101  +8.069969e-153  +5.915454e-215  +6.022021e-288  +0.000000e+00 
+1.378703e-101  +1.991647e-62  +3.995693e-34  +1.115888e-16  +1.367467e-07  +5.878231e-05  +9.243145e-06  +8.036679e-05  +3.964282e-04  +9.293401e-05  +2.963439e-04  +5.107339e-05  +5.916825e-05  +1.567465e-04  +5.342107e-08  +5.325309e-06  +9.698357e-10  +3.754256e-05  +2.683179e-04  +2.233818e-04  +1.822838e-04  +1.531141e-04  +6.933813e-05  +2.178044e-06  +1.505177e-16  +2.611903e-35  +7.145410e-65  +2.715607e-105  +1.433327e-156  +1.050658e-218  +1.069586e-291  +0.000000e+00 
+3.659817e-96  +5.286901e-57  +1.060672e-28  +2.956540e-11  +1.404707e-04  +1.705594e-04  +1.251020e-04  +4.802947e-04  +3.520363e-04  +1.036267e-04  +2.264913e-04  +9.399106e-05  +2.130668e-04  +2.547940e-05  +5.118662e-10  +1.589197e-09  +8.929021e-06  +2.736376e-04  +1.615049e-04  +3.094067e-04  +1.193805e-04  +3.379544e-04  +1.671945e-05  +3.048234e-11  +2.737075e-25  +1.714669e-47  +1.914302e-79  +6.698713e-120  +3.535546e-171  +2.591628e-233  +2.638316e-306  +0.000000e+00 
+1.349230e-101  +1.949072e-62  +3.910309e-34  +1.094664e-16  +2.637524e-07  +2.822487e-05  +2.345727e-05  +2.443698e-04  +3.866053e-04  +1.148136e-04  +2.033274e-04  +1.022913e-04  +5.400498e-05  +3.024601e-05  +6.462767e-05  +2.554572e-05  +1.500498e-04  +2.342065e-04  +1.942565e-04  +1.293842e-04  +9.438607e-05  +3.507957e-05  +1.007323e-04  +1.609617e-08  +4.127374e-23  +1.475941e-48  +7.331297e-85  +5.057479e-132  +4.845355e-190  +1.532539e-258  +0.000000e+00  +0.000000e+00 
+6.907976e-118  +9.979131e-79  +2.405962e-50  +6.258295e-25  +2.250555e-09  +1.288010e-04  +4.454698e-05  +1.720770e-04  +1.625284e-04  +5.216443e-05  +3.309834e-04  +8.716346e-05  +1.679180e-04  +1.837714e-04  +1.418594e-04  +2.399814e-04  +2.426589e-04  +1.266895e-04  +3.216236e-04  +3.379424e-04  +2.150574e-04  +6.592199e-05  +1.011985e-06  +6.040341e-15  +1.364317e-29  +4.879694e-55  +2.423863e-91  +1.672097e-138  +1.601965e-196  +2.131485e-265  +0.000000e+00  +0.000000e+00 
+4.914553e-140  +2.950442e-91  +2.768611e-53  +3.807513e-26  +7.460291e-10  +2.118382e-04  +1.463564e-04  +1.922049e-04  +2.127994e-04  +3.581603e-04  +2.783788e-04  +2.708075e-04  +1.632758e-04  +3.530961e-04  +4.870152e-04  +2.529203e-04  +3.251285e-04  +3.072800e-04  +1.508941e-04  +1.809527e-04  +4.344470e-05  +4.087161e-05  +4.910639e-14  +5.495695e-27  +1.200175e-46  +2.240576e-72  +1.112945e-108  +7.677627e-156  +7.355605e-214  +9.786959e-283  +0.000000e+00  +0.000000e+00 
+1.298017e-143  +8.642777e-95  +8.405865e-57  +2.170223e-29  +4.269409e-12  +5.733316e-05  +1.250660e-04  +9.858098e-05  +5.014969e-05  +1.144179e-04  +1.472795e-04  +1.338006e-04  +7.118867e-05  +1.493768e-04  +1.254158e-04  +1.217984e-04  +3.745098e-04  +4.389846e-04  +6.295056e-04  +1.163054e-05  +2.480638e-05  +8.163448e-06  +3.061130e-16  +1.078353e-36  +3.124391e-67  +9.976162e-100  +7.097208e-137  +4.895876e-184  +4.690529e-242  +6.240957e-311  +0.000000e+00  +0.000000e+00 
+8.334735e-149  +1.084541e-98  +1.959917e-59  +4.918897e-31  +1.714523e-13  +8.494186e-07  +3.928899e-05  +5.468944e-05  +8.580404e-05  +2.813756e-05  +9.848289e-05  +1.290431e-04  +2.155449e-04  +1.650054e-04  +1.399074e-04  +1.768672e-04  +2.673994e-04  +2.076235e-04  +9.065182e-05  +9.299485e-05  +2.119561e-04  +6.464654e-10  +1.531973e-22  +6.878030e-44  +4.289788e-76  +3.717837e-119  +4.857478e-173  +4.336514e-223  +4.153968e-281  +0.000000e+00  +0.000000e+00  +0.000000e+00 
+4.941525e-161  +6.430060e-111  +1.162002e-71  +2.916332e-43  +1.016494e-25  +5.416423e-19  +1.496807e-12  +3.722585e-10  +5.844605e-09  +2.477035e-06  +3.136051e-07  +8.327923e-06  +1.163605e-04  +1.875854e-04  +1.342683e-04  +1.754217e-04  +1.310652e-04  +1.898080e-05  +9.666529e-11  +5.507209e-08  +1.948110e-08  +7.290799e-15  +2.538765e-31  +2.233007e-58  +3.471619e-93  +3.004590e-136  +3.614332e-190  +6.038220e-255  +0.000000e+00  +0.000000e+00  +0.000000e+00  +0.000000e+00 
+4.068817e-184  +5.294467e-134  +9.567846e-95  +2.401287e-66  +8.369748e-49  +5.307647e-39  +7.992464e-31  +4.571268e-25  +4.327273e-20  +2.982822e-17  +6.126535e-18  +1.009237e-08  +9.378189e-05  +3.287609e-04  +2.858603e-04  +3.861150e-04  +1.366081e-04  +5.519596e-05  +7.034654e-09  +5.580297e-22  +6.215485e-23  +1.213517e-29  +5.175407e-47  +1.978877e-74  +2.360972e-112  +4.136200e-161  +4.069037e-218  +6.781039e-283  +0.000000e+00  +0.000000e+00  +0.000000e+00  +0.000000e+00 
+4.652789e-218  +6.054347e-168  +1.094106e-128  +2.745928e-100  +9.571394e-83  +3.932212e-68  +6.012326e-60  +7.807067e-51  +5.383167e-42  +6.390207e-39  +9.141031e-32  +1.182900e-13  +4.860720e-06  +8.619540e-06  +6.275780e-05  +8.080352e-05  +1.760301e-04  +7.856395e-06  +7.751976e-10  +1.608240e-24  +2.911030e-48  +5.457975e-55  +1.466238e-72  +7.467179e-101  +3.011619e-139  +4.829389e-188  +1.172375e-247  +3.968103e-318  +0.000000e+00  +0.000000e+00  +0.000000e+00  +0.000000e+00 
+7.389183e-263  +9.615025e-213  +1.737570e-173  +4.360861e-145  +5.251460e-127  +4.049873e-108  +2.083117e-98  +2.162697e-87  +9.300485e-75  +2.918018e-71  +1.071767e-42  +3.126389e-24  +1.269217e-16  +5.221036e-09  +1.181567e-05  +1.395579e-07  +1.178746e-04  +2.017538e-05  +4.231468e-15  +4.409530e-35  +8.942284e-61  +3.494818e-91  +9.245661e-109  +3.429256e-137  +2.174392e-176  +9.002564e-226  +1.907020e-285  +0.000000e+00  +0.000000e+00  +0.000000e+00  +0.000000e+00  +0.000000e+00 
+1.629735e-318  +2.120662e-268  +3.832335e-229  +9.618190e-201  +5.337315e-178  +5.792737e-159  +6.660697e-146  +7.469582e-132  +2.231575e-118  +1.873221e-93  +3.934536e-64  +1.147720e-45  +1.097540e-33  +2.497645e-21  +7.524861e-16  +3.366834e-14  +2.632809e-07  +3.039019e-10  +1.058635e-21  +3.175947e-42  +1.392884e-73  +8.493918e-116  +8.223836e-156  +3.021072e-184  +1.550457e-223  +1.265819e-273  +0.000000e+00  +0.000000e+00  +0.000000e+00  +0.000000e+00  +0.000000e+00  +0.000000e+00 
+0.000000e+00  +0.000000e+00  +1.173876e-295  +2.959699e-267  +1.060231e-239  +1.150710e-220  +3.046978e-204  +2.487054e-186  +6.314713e-166  +9.550368e-126  +2.005971e-96  +5.896197e-78  +3.599072e-57  +1.143553e-42  +6.701172e-37  +1.825994e-27  +1.217641e-20  +5.058285e-24  +6.068743e-37  +1.305494e-59  +4.927813e-91  +3.001154e-133  +2.538805e-186  +3.732516e-242  +1.904081e-281  +0.000000e+00  +0.000000e+00  +0.000000e+00  +0.000000e+00  +0.000000e+00  +0.000000e+00  +0.000000e+00 
+0.000000e+00  +0.000000e+00  +0.000000e+00  +0.000000e+00  +2.924952e-312  +3.203911e-293  +1.941154e-273  +1.150978e-251  +4.471184e-209  +6.762217e-169  +1.420344e-139  +2.020732e-114  +4.943538e-91  +1.409466e-74  +1.190162e-68  +1.386738e-51  +8.438928e-45  +1.751196e-48  +9.888577e-62  +2.837451e-85  +3.635280e-119  +1.475068e-161  +1.247210e-214  +1.465272e-278  +0.000000e+00  +0.000000e+00  +0.000000e+00  +0.000000e+00  +0.000000e+00  +0.000000e+00  +0.000000e+00  +0.000000e+00 
+0.000000e+00  +0.000000e+00  +0.000000e+00  +0.000000e+00  +0.000000e+00  +0.000000e+00  +0.000000e+00  +4.037393e-314  +4.396728e-263  +6.649609e-223  +3.601220e-193  +1.287287e-159  +5.727861e-134  +2.420963e-117  +3.858059e-104  +1.469996e-86  +8.453779e-80  +1.180272e-83  +2.493095e-97  +6.141731e-121  +2.620104e-155  +2.570015e-200  +8.522154e-254  +9.996939e-318  +0.000000e+00  +0.000000e+00  +0.000000e+00  +0.000000e+00  +0.000000e+00  +0.000000e+00  +0.000000e+00  +0.000000e+00 
+0.000000e+00  +0.000000e+00  +0.000000e+00  +0.000000e+00  +0.000000e+00  +0.000000e+00  +0.000000e+00  +0.000000e+00  +0.000000e+00  +9.081159e-288  +1.922278e-249  +5.579770e-215  +1.363964e-187  +5.775175e-171  +5.722655e-150  +2.170850e-132  +1.204706e-125  +1.336121e-129  +1.100749e-143  +1.874078e-167  +7.842085e-202  +4.682007e-247  +4.690873e-303  +0.000000e+00  +0.000000e+00  +0.000000e+00  +0.000000e+00  +0.000000e+00  +0.000000e+00  +0.000000e+00  +0.000000e+00  +0.000000e+00 
