+0.000000e+00  +0.000000e+00  +0.000000e+00  +0.000000e+00  +0.000000e+00  +0.000000e+00  +0.000000e+00  +0.000000e+00  +8.738353e-294  +6.598903e-241  +6.920729e-199  +1.008022e-167  +2.039058e-147  +6.463720e-136  +3.305563e-130  +2.368712e-135  +2.357311e-151  +3.258064e-178  +6.312073e-216  +4.784905e-245  +3.661205e-282  +4.709384e-294  +2.263921e-294  +1.511459e-305  +0.000000e+00  +0.000000e+00  +0.000000e+00  +0.000000e+00  +0.000000e+00  +0.000000e+00  +0.000000e+00  +0.000000e+00 
+0.000000e+00  +0.000000e+00  +0.000000e+00  +0.000000e+00  +0.000000e+00  +0.000000e+00  +0.000000e+00  +2.759004e-309  +1.500225e-245  +1.132919e-192  +1.188171e-150  +1.730601e-119  +3.500685e-99  +4.978889e-89  +2.061554e-83  +1.477275e-88  +1.470165e-104  +2.032846e-131  +2.808370e-159  +1.547218e-185  +2.535379e-216  +2.285893e-220  +1.098882e-220  +7.336456e-232  +6.802360e-254  +8.933147e-287  +5.088876e-322  +0.000000e+00  +0.000000e+00  +0.000000e+00  +0.000000e+00  +0.000000e+00 
+0.000000e+00  +0.000000e+00  +0.000000e+00  +0.000000e+00  +0.000000e+00  +0.000000e+00  +0.000000e+00  +6.578353e-272  +3.577020e-208  +2.701242e-155  +2.832981e-113  +4.126309e-82  +8.346757e-62  +2.690893e-52  +1.785591e-47  +1.279524e-52  +1.273399e-68  +7.700623e-94  +1.261161e-110  +6.948156e-137  +1.730057e-155  +1.541005e-157  +7.407622e-158  +4.945545e-169  +4.585508e-191  +1.325060e-220  +3.869917e-254  +1.570360e-298  +0.000000e+00  +0.000000e+00  +0.000000e+00  +0.000000e+00 
+0.000000e+00  +0.000000e+00  +0.000000e+00  +0.000000e+00  +0.000000e+00  +0.000000e+00  +5.563673e-320  +2.178312e-245  +1.184470e-181  +8.944713e-129  +9.380943e-87  +1.366358e-55  +2.763889e-35  +7.806146e-26  +2.147895e-22  +1.539127e-27  +5.094985e-43  +1.982754e-57  +7.865467e-73  +7.576279e-94  +4.691731e-105  +1.443367e-105  +6.934970e-106  +4.629988e-117  +4.359544e-139  +1.401609e-163  +4.095308e-197  +1.661821e-241  +9.365262e-297  +0.000000e+00  +0.000000e+00  +0.000000e+00 
+0.000000e+00  +0.000000e+00  +0.000000e+00  +0.000000e+00  +0.000000e+00  +0.000000e+00  +2.558554e-304  +1.001753e-229  +5.447096e-166  +4.113459e-113  +4.314071e-71  +6.283554e-40  +1.271046e-19  +3.571412e-10  +3.589539e-08  +2.911017e-13  +5.710415e-24  +1.717345e-30  +6.812661e-46  +2.630719e-56  +1.798007e-65  +1.885713e-64  +9.016714e-65  +6.019822e-76  +9.796604e-95  +2.059917e-117  +6.018795e-151  +2.442346e-195  +1.376394e-250  +1.096996e-316  +0.000000e+00  +0.000000e+00 
+0.000000e+00  +0.000000e+00  +0.000000e+00  +0.000000e+00  +0.000000e+00  +0.000000e+00  +1.634080e-299  +6.397931e-225  +3.478915e-161  +2.627156e-108  +2.755282e-66  +4.013138e-35  +8.117833e-15  +2.280537e-05  +8.476226e-05  +7.202137e-06  +9.341883e-10  +2.065804e-14  +1.858353e-25  +2.267105e-29  +1.278986e-36  +3.572773e-34  +1.628133e-34  +1.100181e-45  +1.998430e-59  +4.204464e-82  +1.228487e-115  +4.985207e-160  +1.796461e-213  +1.411585e-272  +0.000000e+00  +0.000000e+00 
+0.000000e+00  +0.000000e+00  +0.000000e+00  +0.000000e+00  +2.154808e-315  +2.066863e-288  +2.789545e-272  +5.674874e-231  +3.085748e-167  +2.330250e-114  +2.443896e-72  +3.559597e-41  +7.200403e-21  +2.022790e-11  +6.504117e-09  +1.274060e-04  +1.234564e-04  +6.071479e-08  +1.454036e-09  +7.597274e-12  +4.406727e-16  +1.342177e-14  +4.082908e-15  +3.742143e-23  +5.664841e-35  +1.191817e-57  +3.897993e-91  +3.125503e-130  +9.353821e-177  +1.648583e-232  +4.048722e-299  +0.000000e+00 
+0.000000e+00  +0.000000e+00  +2.913850e-314  +3.717213e-279  +3.405257e-245  +2.352919e-218  +3.174407e-202  +6.015305e-197  +3.801291e-184  +2.870498e-131  +3.010491e-89  +4.384857e-58  +8.869751e-38  +1.505629e-27  +2.338430e-13  +2.194694e-05  +5.465377e-05  +1.155764e-04  +2.631705e-04  +8.222616e-05  +8.845389e-06  +2.346296e-05  +1.435467e-06  +1.472166e-09  +2.231314e-21  +1.927463e-41  +2.591032e-68  +1.443660e-102  +1.838120e-147  +3.250447e-203  +7.982708e-270  +0.000000e+00 
+0.000000e+00  +2.406003e-294  +2.123695e-248  +2.603311e-213  +5.186608e-185  +3.762421e-159  +5.016890e-143  +9.488729e-138  +1.373873e-131  +1.103740e-122  +5.417118e-117  +4.330877e-83  +3.089317e-47  +3.065774e-22  +4.226508e-08  +9.655918e-05  +8.027338e-05  +1.048335e-04  +1.816916e-05  +3.114775e-05  +2.480992e-04  +4.969287e-05  +6.127184e-05  +4.580240e-06  +1.728815e-12  +6.596057e-27  +4.311413e-50  +3.952871e-84  +5.033198e-129  +8.900477e-185  +2.185851e-251  +0.000000e+00 
+3.831963e-296  +2.435338e-239  +2.149587e-193  +2.635050e-158  +4.812176e-134  +1.122886e-110  +1.101522e-94  +2.079395e-89  +1.906808e-85  +1.958117e-78  +4.719744e-74  +3.399691e-73  +6.880652e-44  +9.785192e-25  +5.237839e-11  +1.452851e-04  +1.431114e-04  +2.027992e-04  +2.799994e-04  +6.324748e-04  +1.192574e-04  +4.474301e-05  +4.045108e-05  +7.578196e-05  +5.225474e-07  +2.483545e-19  +1.639561e-42  +1.503214e-76  +1.914045e-121  +3.385743e-177  +2.382222e-242  +7.107068e-315 
+8.453311e-250  +3.428939e-195  +3.021732e-149  +3.704161e-114  +6.306114e-90  +3.136675e-72  +3.394280e-57  +6.330307e-52  +4.709927e-50  +5.932140e-45  +1.159360e-40  +2.179469e-42  +1.353385e-31  +5.747608e-14  +4.746098e-06  +6.686088e-05  +1.778892e-04  +1.166574e-04  +1.728709e-04  +1.413140e-04  +4.043181e-04  +1.406744e-04  +1.343894e-04  +3.207048e-07  +2.759853e-10  +3.656419e-22  +1.402961e-40  +1.165800e-69  +1.345374e-109  +2.156254e-160  +4.799486e-222  +1.483637e-294 
+5.517653e-210  +3.626535e-158  +6.230131e-116  +7.231509e-81  +1.231120e-56  +3.289052e-43  +1.915318e-30  +2.677835e-25  +6.356507e-25  +3.146827e-21  +3.955528e-18  +3.993909e-19  +9.543177e-18  +1.242863e-11  +4.843193e-05  +1.299006e-04  +1.771786e-04  +3.416545e-04  +4.742256e-04  +2.610218e-04  +1.643977e-04  +1.983510e-04  +8.469093e-05  +5.191549e-05  +1.584006e-05  +6.797906e-13  +4.067413e-31  +3.379864e-60  +3.900482e-100  +6.251369e-151  +1.391458e-212  +4.301331e-285 
+5.033801e-181  +3.307908e-129  +3.018917e-88  +5.787002e-58  +3.337998e-34  +7.892006e-21  +9.804994e-14  +1.588765e-09  +7.284366e-10  +1.099849e-07  +1.901460e-06  +1.159688e-06  +2.962946e-06  +2.079599e-11  +2.228245e-13  +7.382591e-08  +2.191271e-04  +4.020728e-04  +2.531893e-04  +4.086589e-04  +3.606316e-04  +8.678440e-05  +2.685570e-05  +9.419349e-05  +6.546955e-07  +2.737086e-14  +1.637689e-32  +1.360857e-61  +1.570476e-101  +2.517030e-152  +5.602518e-214  +1.731873e-286 
+6.377870e-163  +4.191149e-111  +3.824974e-70  +4.847995e-40  +8.659342e-21  +2.973996e-09  +1.292625e-06  +1.699116e-04  +3.939405e-05  +8.999081e-05  +2.812515e-04  +1.753083e-04  +1.658773e-04  +1.954532e-10  +2.743025e-12  +8.950518e-05  +8.953369e-05  +5.307565e-04  +5.974580e-04  +2.332338e-04  +3.938607e-04  +1.603235e-04  +7.052017e-06  +2.346318e-08  +1.141499e-12  +1.660692e-26  +9.157620e-45  +7.609631e-74  +8.781781e-114  +1.407471e-164  +3.132812e-226  +9.684277e-299 
+1.122278e-155  +7.375414e-104  +6.733252e-63  +8.548161e-33  +1.517047e-13  +3.864536e-05  +2.510393e-04  +1.760660e-04  +6.969722e-05  +1.856279e-04  +2.215926e-04  +9.720250e-05  +5.909685e-05  +8.923093e-08  +3.600589e-05  +5.031153e-05  +1.256750e-04  +3.048665e-04  +2.937626e-04  +7.474296e-05  +2.760123e-04  +6.578464e-05  +5.694509e-05  +5.364378e-10  +1.303125e-25  +3.092975e-42  +1.200999e-67  +5.909527e-97  +6.819801e-137  +1.093021e-187  +2.432896e-249  +7.509798e-322 
+2.869269e-159  +2.332817e-107  +5.277399e-66  +4.295738e-35  +7.286810e-15  +1.925071e-05  +2.689781e-05  +4.482517e-05  +2.236897e-04  +2.051236e-04  +3.108898e-04  +2.406757e-04  +4.234686e-04  +2.507421e-04  +1.728097e-04  +2.472354e-04  +4.287030e-04  +2.543480e-04  +4.346075e-04  +5.405445e-04  +3.379170e-04  +7.509305e-07  +3.025866e-06  +8.375837e-12  +1.992362e-27  +6.582716e-54  +3.036672e-91  +4.192537e-130  +7.355273e-171  +1.178842e-221  +2.623920e-283  +0.000000e+00 
+2.628759e-168  +2.007528e-115  +2.129376e-73  +3.136886e-42  +6.417865e-22  +1.823575e-12  +3.098462e-07  +5.192288e-05  +2.137928e-04  +9.434822e-05  +2.076981e-04  +2.176012e-04  +3.655889e-04  +4.749641e-04  +3.582825e-04  +6.910281e-05  +2.874183e-04  +2.771292e-04  +2.909819e-04  +3.006438e-04  +2.253977e-04  +8.579894e-06  +4.003071e-16  +1.904807e-24  +4.320398e-40  +1.427447e-66  +6.549906e-104  +4.173957e-152  +3.699103e-211  +1.765717e-266  +0.000000e+00  +0.000000e+00 
+3.653596e-186  +2.790642e-133  +2.960232e-91  +4.360993e-60  +8.922424e-40  +1.159160e-25  +1.294193e-12  +1.989977e-05  +1.008434e-04  +1.677638e-04  +1.618126e-04  +5.379880e-04  +4.834108e-04  +5.314861e-04  +4.498799e-04  +5.055886e-04  +2.158654e-04  +6.666345e-05  +5.575185e-04  +2.304751e-04  +2.699279e-04  +5.080147e-06  +5.478822e-15  +2.748185e-34  +4.258087e-63  +4.298858e-90  +1.972550e-127  +1.257016e-175  +1.112479e-234  +1.367353e-304  +0.000000e+00  +0.000000e+00 
+7.054318e-215  +5.388138e-162  +5.715580e-120  +8.420151e-89  +8.944776e-66  +8.417101e-42  +5.531358e-22  +3.588748e-11  +1.051033e-05  +1.235853e-04  +3.640307e-04  +5.322740e-04  +4.183985e-04  +3.084908e-04  +4.531747e-04  +4.147489e-04  +3.062963e-04  +2.453899e-04  +2.705420e-04  +3.139938e-04  +5.673182e-04  +2.338293e-05  +1.113567e-10  +1.259842e-25  +1.979825e-51  +4.320912e-88  +1.309670e-135  +5.512982e-194  +3.222921e-263  +0.000000e+00  +0.000000e+00  +0.000000e+00 
+1.891592e-254  +1.444811e-201  +1.532614e-159  +1.551977e-127  +4.060966e-92  +9.273614e-60  +4.445827e-38  +3.065019e-20  +1.640510e-09  +3.278692e-05  +5.607500e-05  +1.079107e-04  +4.173661e-04  +3.300606e-04  +2.531223e-04  +5.862850e-04  +4.302951e-04  +4.598294e-04  +2.660490e-04  +4.473117e-04  +1.448339e-04  +2.137764e-05  +1.107498e-09  +1.253132e-24  +1.969279e-50  +4.297896e-87  +1.302694e-134  +5.483616e-193  +3.205749e-262  +0.000000e+00  +0.000000e+00  +0.000000e+00 
+7.044301e-305  +5.380487e-252  +6.087443e-210  +1.248761e-162  +3.086441e-119  +1.086552e-86  +1.745443e-56  +3.033627e-34  +1.118958e-18  +6.789751e-07  +6.013482e-05  +2.096074e-04  +8.988789e-05  +2.986676e-04  +3.632311e-04  +3.416825e-04  +6.261062e-05  +3.316988e-04  +3.333745e-04  +1.939298e-04  +1.844042e-04  +4.022239e-05  +8.769477e-12  +3.206101e-29  +1.630611e-57  +1.741635e-96  +1.810780e-144  +7.575203e-203  +4.428412e-272  +0.000000e+00  +0.000000e+00  +0.000000e+00 
+0.000000e+00  +2.784823e-313  +1.107768e-254  +1.982230e-200  +8.167824e-157  +1.918682e-114  +1.359221e-80  +8.029518e-50  +4.920325e-27  +4.188870e-15  +4.334615e-10  +4.957443e-06  +2.202182e-04  +4.241429e-04  +1.594737e-04  +2.585990e-04  +2.767143e-04  +3.022866e-04  +6.424229e-05  +1.033092e-04  +7.211899e-05  +8.094743e-05  +2.608225e-12  +1.406698e-30  +2.233729e-59  +1.163474e-98  +1.091472e-148  +1.476733e-209  +2.787616e-281  +0.000000e+00  +0.000000e+00  +0.000000e+00 
+0.000000e+00  +0.000000e+00  +2.455443e-303  +9.974447e-248  +4.087474e-194  +5.159757e-147  +1.600326e-102  +7.061222e-69  +4.327023e-46  +5.063977e-34  +7.856494e-23  +4.154602e-10  +6.056516e-06  +3.866707e-07  +1.397454e-06  +2.975490e-07  +8.403143e-07  +1.247962e-04  +2.122785e-05  +3.128783e-05  +3.391234e-12  +7.952553e-11  +2.489785e-18  +1.082568e-36  +6.537121e-66  +5.482224e-106  +6.385172e-157  +1.032978e-218  +2.323752e-291  +0.000000e+00  +0.000000e+00  +0.000000e+00 
+0.000000e+00  +0.000000e+00  +0.000000e+00  +1.728829e-295  +2.689146e-232  +6.151904e-177  +1.954533e-132  +8.624112e-99  +5.284838e-76  +5.668971e-60  +2.118376e-36  +1.339303e-23  +2.373208e-15  +3.976335e-17  +2.950828e-17  +3.657515e-18  +1.567153e-16  +1.548013e-08  +1.071121e-05  +5.808380e-05  +1.046173e-06  +2.583788e-16  +1.403392e-30  +2.616258e-53  +1.083192e-81  +1.229273e-120  +2.087238e-170  +4.948160e-231  +1.629715e-302  +0.000000e+00  +0.000000e+00  +0.000000e+00 
+0.000000e+00  +0.000000e+00  +0.000000e+00  +0.000000e+00  +4.561278e-273  +1.043475e-217  +3.315244e-173  +1.462807e-139  +9.241224e-117  +2.083342e-84  +8.091120e-61  +1.081465e-44  +1.302991e-35  +2.181141e-37  +1.240629e-38  +1.540583e-39  +4.603541e-32  +1.304359e-18  +6.585092e-09  +9.172991e-06  +4.997161e-05  +1.823880e-08  +2.226132e-18  +1.419012e-35  +1.256358e-63  +1.544824e-102  +2.638048e-152  +6.256394e-213  +2.060647e-284  +0.000000e+00  +0.000000e+00  +0.000000e+00 
+0.000000e+00  +0.000000e+00  +0.000000e+00  +0.000000e+00  +0.000000e+00  +2.458060e-269  +7.809548e-225  +3.445861e-191  +3.951793e-154  +1.104937e-119  +1.378824e-95  +8.242929e-76  +9.935409e-67  +1.663137e-68  +7.270738e-71  +9.028913e-72  +5.606187e-53  +2.413196e-33  +2.432527e-20  +1.036688e-11  +1.355598e-05  +8.638228e-05  +3.908652e-11  +2.491820e-28  +2.206197e-56  +2.712750e-95  +4.632478e-145  +1.098639e-205  +3.618547e-277  +0.000000e+00  +0.000000e+00  +0.000000e+00 
+0.000000e+00  +0.000000e+00  +0.000000e+00  +0.000000e+00  +0.000000e+00  +0.000000e+00  +2.554902e-287  +1.445785e-245  +2.910777e-200  +8.154740e-166  +1.005799e-137  +8.728988e-118  +1.052127e-108  +1.761207e-110  +5.917885e-114  +4.649290e-109  +1.705710e-79  +1.223459e-55  +5.208555e-39  +2.476835e-22  +2.257546e-12  +2.076573e-08  +9.532256e-15  +6.076946e-32  +5.380380e-60  +6.615741e-99  +1.129749e-148  +2.679313e-209  +8.824760e-281  +0.000000e+00  +0.000000e+00  +0.000000e+00 
+0.000000e+00  +0.000000e+00  +0.000000e+00  +0.000000e+00  +0.000000e+00  +0.000000e+00  +0.000000e+00  +1.478960e-302  +2.977572e-257  +2.450207e-221  +1.479170e-190  +1.283761e-170  +1.547350e-161  +2.590184e-163  +6.689484e-168  +2.325464e-147  +1.200965e-112  +5.907401e-88  +8.759209e-61  +4.157821e-40  +2.130559e-27  +7.033162e-23  +3.228511e-29  +2.058221e-46  +1.822299e-74  +2.240707e-113  +3.826385e-163  +9.074655e-224  +2.988887e-295  +0.000000e+00  +0.000000e+00  +0.000000e+00 
+0.000000e+00  +0.000000e+00  +0.000000e+00  +0.000000e+00  +0.000000e+00  +0.000000e+00  +0.000000e+00  +0.000000e+00  +0.000000e+00  +4.834472e-285  +3.021178e-254  +2.622060e-234  +3.160434e-225  +5.290405e-227  +1.050224e-232  +2.273813e-191  +1.183777e-156  +5.974608e-121  +2.037709e-89  +5.170554e-68  +1.000879e-52  +3.308226e-48  +1.518612e-54  +9.681364e-72  +8.571645e-100  +1.053974e-138  +1.799837e-188  +4.268494e-249  +1.406111e-320  +0.000000e+00  +0.000000e+00  +0.000000e+00 
+0.000000e+00  +0.000000e+00  +0.000000e+00  +0.000000e+00  +0.000000e+00  +0.000000e+00  +0.000000e+00  +0.000000e+00  +0.000000e+00  +0.000000e+00  +0.000000e+00  +7.437702e-309  +8.964849e-300  +1.500670e-301  +8.303380e-292  +3.087900e-246  +7.860143e-203  +1.930273e-160  +6.743665e-129  +2.747499e-104  +6.538287e-89  +2.161114e-84  +9.920406e-91  +6.324396e-108  +5.599467e-136  +6.885132e-175  +1.175752e-224  +2.788414e-285  +0.000000e+00  +0.000000e+00  +0.000000e+00  +0.000000e+00 
+0.000000e+00  +0.000000e+00  +0.000000e+00  +0.000000e+00  +0.000000e+00  +0.000000e+00  +0.000000e+00  +0.000000e+00  +0.000000e+00  +0.000000e+00  +0.000000e+00  +0.000000e+00  +0.000000e+00  +0.000000e+00  +0.000000e+00  +1.994481e-306  +3.526765e-253  +8.662164e-211  +1.483895e-177  +2.492348e-151  +5.931772e-136  +1.960642e-131  +9.000153e-138  +5.737723e-155  +5.080040e-183  +6.246442e-222  +1.066685e-271  +0.000000e+00  +0.000000e+00  +0.000000e+00  +0.000000e+00  +0.000000e+00 
+0.000000e+00  +0.000000e+00  +0.000000e+00  +0.000000e+00  +0.000000e+00  +0.000000e+00  +0.000000e+00  +0.000000e+00  +0.000000e+00  +0.000000e+00  +0.000000e+00  +0.000000e+00  +0.000000e+00  +0.000000e+00  +0.000000e+00  +0.000000e+00  +2.197674e-314  +6.882027e-272  +1.832456e-235  +3.140271e-209  +7.473825e-194  +2.470340e-189  +1.133988e-195  +7.229329e-213  +6.400672e-241  +7.870298e-280  +0.000000e+00  +0.000000e+00  +0.000000e+00  +0.000000e+00  +0.000000e+00  +0.000000e+00 
