+0.000000e+00  +0.000000e+00  +0.000000e+00  +0.000000e+00  +0.000000e+00  +0.000000e+00  +0.000000e+00  +0.000000e+00  +0.000000e+00  +0.000000e+00  +0.000000e+00  +0.000000e+00  +0.000000e+00  +0.000000e+00  +1.390343e-315  +2.181103e-284  +2.278581e-252  +4.740300e-230  +1.465925e-218  +4.385510e-215  +2.766478e-221  +6.643304e-238  +1.409095e-262  +6.532170e-298  +0.000000e+00  +0.000000e+00  +0.000000e+00  +0.000000e+00  +0.000000e+00  +0.000000e+00  +0.000000e+00  +0.000000e+00 
+0.000000e+00  +0.000000e+00  +0.000000e+00  +0.000000e+00  +0.000000e+00  +0.000000e+00  +0.000000e+00  +0.000000e+00  +0.000000e+00  +0.000000e+00  +0.000000e+00  +0.000000e+00  +2.085052e-307  +3.465715e-274  +1.799769e-244  +2.800883e-216  +6.721877e-190  +1.398396e-167  +4.183516e-156  +6.528948e-153  +4.137621e-159  +6.780213e-175  +2.143400e-199  +9.938076e-235  +6.399533e-281  +0.000000e+00  +0.000000e+00  +0.000000e+00  +0.000000e+00  +0.000000e+00  +0.000000e+00  +0.000000e+00 
+0.000000e+00  +0.000000e+00  +0.000000e+00  +0.000000e+00  +0.000000e+00  +0.000000e+00  +0.000000e+00  +0.000000e+00  +0.000000e+00  +0.000000e+00  +2.277974e-291  +6.130552e-263  +7.019087e-238  +2.053990e-211  +4.237874e-182  +5.405616e-159  +3.912042e-138  +5.729188e-116  +1.684861e-104  +1.351566e-101  +9.053394e-108  +1.363902e-122  +4.528746e-147  +2.099835e-182  +1.352376e-228  +1.406358e-284  +0.000000e+00  +0.000000e+00  +0.000000e+00  +0.000000e+00  +0.000000e+00  +0.000000e+00 
+0.000000e+00  +0.000000e+00  +0.000000e+00  +0.000000e+00  +0.000000e+00  +0.000000e+00  +0.000000e+00  +0.000000e+00  +5.955913e-315  +8.310424e-265  +1.610408e-225  +4.333979e-197  +2.175105e-178  +1.050093e-153  +2.978564e-130  +9.752427e-111  +3.083480e-92  +3.259825e-75  +9.503117e-64  +3.895753e-61  +4.090349e-67  +3.982544e-81  +1.328917e-105  +6.167491e-141  +2.603272e-185  +1.596930e-237  +1.381529e-300  +0.000000e+00  +0.000000e+00  +0.000000e+00  +0.000000e+00  +0.000000e+00 
+0.000000e+00  +0.000000e+00  +0.000000e+00  +0.000000e+00  +0.000000e+00  +0.000000e+00  +0.000000e+00  +1.391042e-290  +1.898181e-256  +8.159215e-210  +1.581107e-170  +4.255121e-142  +1.591975e-124  +6.808487e-106  +3.057885e-89  +1.225970e-70  +1.140975e-56  +2.610078e-45  +7.476148e-34  +1.569973e-31  +7.717357e-37  +1.622218e-50  +5.446257e-75  +9.886201e-108  +4.423066e-149  +2.755243e-201  +2.383605e-264  +0.000000e+00  +0.000000e+00  +0.000000e+00  +0.000000e+00  +0.000000e+00 
+0.000000e+00  +0.000000e+00  +0.000000e+00  +0.000000e+00  +0.000000e+00  +0.000000e+00  +9.561817e-273  +8.041072e-228  +9.391298e-194  +4.674852e-165  +2.155879e-126  +5.801965e-98  +2.168522e-80  +2.501263e-68  +2.732338e-54  +1.332915e-40  +4.436238e-31  +1.754058e-22  +8.186165e-15  +9.045822e-13  +3.872651e-17  +9.495499e-31  +7.319113e-52  +2.362855e-82  +1.059829e-123  +6.601948e-176  +5.711452e-239  +6.862130e-313  +0.000000e+00  +0.000000e+00  +0.000000e+00  +0.000000e+00 
+0.000000e+00  +0.000000e+00  +0.000000e+00  +0.000000e+00  +0.000000e+00  +1.979279e-271  +9.193117e-221  +6.455437e-176  +7.539406e-142  +1.246672e-118  +4.174706e-93  +1.098693e-64  +4.106436e-47  +3.661575e-39  +3.413955e-28  +2.625677e-21  +3.598603e-13  +1.250868e-08  +1.318762e-06  +8.761597e-05  +3.631423e-08  +1.046969e-17  +2.434595e-37  +7.862982e-68  +3.526889e-109  +2.200363e-161  +2.228742e-224  +4.622930e-297  +0.000000e+00  +0.000000e+00  +0.000000e+00  +0.000000e+00 
+0.000000e+00  +0.000000e+00  +0.000000e+00  +0.000000e+00  +2.618808e-285  +1.445092e-224  +1.107461e-174  +8.376061e-135  +8.405949e-101  +1.363441e-77  +8.314165e-61  +2.917470e-42  +1.080019e-24  +5.618787e-18  +1.685580e-12  +3.674624e-09  +4.260147e-05  +4.971552e-05  +9.749942e-05  +1.530826e-04  +3.030201e-05  +5.772877e-14  +2.539378e-32  +8.808995e-61  +4.542362e-100  +3.546180e-150  +4.942067e-211  +1.482099e-282  +0.000000e+00  +0.000000e+00  +0.000000e+00  +0.000000e+00 
+0.000000e+00  +0.000000e+00  +0.000000e+00  +6.684708e-321  +2.655419e-249  +1.465294e-188  +1.122934e-138  +1.195160e-99  +1.478245e-70  +2.111173e-47  +4.768782e-35  +5.606981e-23  +4.559633e-13  +2.133187e-06  +3.892181e-05  +9.455144e-05  +2.898481e-04  +1.367505e-04  +4.594658e-05  +1.995045e-04  +1.564397e-04  +8.242125e-11  +7.690384e-28  +1.081042e-55  +2.157647e-94  +6.014511e-144  +2.331682e-204  +1.255823e-275  +0.000000e+00  +0.000000e+00  +0.000000e+00  +0.000000e+00 
+0.000000e+00  +0.000000e+00  +0.000000e+00  +9.411230e-296  +3.739385e-224  +2.063440e-163  +1.581327e-113  +1.683020e-74  +2.487710e-46  +5.050597e-28  +1.022685e-15  +1.054910e-10  +1.232697e-06  +9.247131e-05  +2.391762e-04  +2.267491e-04  +4.306383e-04  +3.541182e-04  +4.493072e-04  +1.534372e-04  +2.433580e-05  +1.725868e-13  +1.330411e-31  +1.711691e-59  +3.438234e-98  +9.602064e-148  +3.724226e-208  +2.006067e-279  +0.000000e+00  +0.000000e+00  +0.000000e+00  +0.000000e+00 
+0.000000e+00  +0.000000e+00  +0.000000e+00  +1.840624e-281  +7.313165e-210  +4.035498e-149  +3.092622e-99  +3.291504e-60  +4.865192e-32  +9.987401e-15  +3.347318e-07  +4.568595e-05  +1.097420e-04  +1.890776e-04  +1.128710e-04  +5.141348e-04  +1.844354e-04  +1.219687e-04  +2.817959e-04  +2.181766e-04  +1.530720e-05  +1.797169e-15  +2.931497e-36  +6.651367e-68  +2.256605e-110  +2.614415e-162  +8.276038e-223  +8.854655e-246  +2.412722e-253  +2.212704e-270  +2.818430e-298  +0.000000e+00 
+0.000000e+00  +1.278654e-299  +2.592802e-258  +2.172186e-224  +3.352498e-192  +9.539577e-139  +9.617727e-94  +8.953238e-57  +1.321483e-28  +2.724509e-11  +1.255442e-04  +2.022550e-04  +7.128201e-05  +4.423833e-04  +4.272850e-04  +2.579145e-04  +2.193429e-04  +3.714077e-04  +2.578197e-04  +3.211656e-04  +4.683935e-06  +4.355619e-17  +5.655629e-39  +1.021106e-71  +2.598958e-115  +1.088246e-169  +2.786218e-178  +4.464050e-179  +3.345673e-186  +3.068453e-203  +3.908441e-231  +6.913940e-270 
+3.089634e-292  +4.511130e-240  +9.147485e-199  +2.576773e-168  +1.095966e-139  +2.340626e-118  +6.036510e-80  +8.378334e-46  +1.615065e-22  +4.457596e-10  +5.822838e-05  +4.442781e-04  +1.309618e-04  +3.096930e-04  +2.938778e-04  +2.598683e-04  +7.005304e-04  +4.681546e-04  +2.265749e-04  +2.798929e-04  +5.256363e-08  +5.087515e-22  +8.458399e-45  +1.515023e-77  +3.793855e-121  +1.763730e-132  +1.803828e-122  +3.537756e-123  +6.443339e-130  +5.909541e-147  +7.527276e-175  +1.331557e-213 
+1.513831e-243  +2.210323e-191  +4.482002e-150  +1.262195e-119  +5.044931e-98  +1.066889e-76  +3.164503e-66  +7.370199e-43  +1.423910e-19  +3.891439e-07  +9.555056e-05  +2.890744e-04  +3.326710e-04  +2.079307e-04  +3.827100e-04  +3.053547e-04  +5.304833e-04  +1.804304e-04  +2.614049e-05  +1.660496e-04  +4.680839e-11  +5.392766e-28  +9.940178e-50  +3.962852e-70  +6.334307e-95  +1.585805e-87  +1.621861e-77  +4.913215e-78  +1.723380e-84  +1.580614e-101  +2.013307e-129  +3.561492e-168 
+1.030115e-205  +1.504056e-153  +3.049863e-112  +8.588841e-82  +3.359166e-62  +6.753744e-46  +2.003174e-35  +3.200340e-28  +7.773296e-18  +1.447811e-06  +5.618700e-04  +3.481885e-04  +4.363011e-04  +3.903465e-04  +8.880715e-04  +2.310783e-04  +3.159419e-04  +7.769186e-05  +4.180261e-07  +6.761254e-09  +2.938635e-15  +4.022281e-18  +1.181612e-27  +3.184026e-47  +2.895328e-57  +1.984911e-53  +2.025219e-43  +1.257005e-43  +6.401626e-50  +5.871324e-67  +7.478597e-95  +1.322946e-133 
+9.734907e-179  +1.421380e-126  +2.882216e-85  +8.116725e-55  +3.174483e-35  +7.917154e-26  +1.761089e-15  +4.125326e-14  +2.428217e-07  +1.069205e-04  +2.555970e-04  +2.303357e-04  +3.426948e-04  +2.296269e-04  +4.746160e-04  +2.572952e-04  +3.161077e-04  +1.609182e-04  +5.345866e-08  +6.605136e-11  +3.141020e-08  +6.978395e-07  +2.691094e-15  +1.161111e-25  +1.841272e-30  +3.703216e-29  +3.512163e-20  +5.499529e-20  +3.302464e-26  +3.028894e-43  +3.858053e-71  +6.824805e-110 
+1.277662e-162  +1.865496e-110  +3.782777e-69  +1.065283e-38  +4.166364e-19  +2.267956e-10  +2.180991e-06  +2.962868e-05  +4.808365e-05  +4.376130e-05  +3.344799e-04  +4.491989e-04  +5.562937e-04  +2.404826e-04  +3.550588e-04  +3.345389e-04  +2.142027e-04  +1.124416e-05  +1.373919e-04  +1.091710e-07  +2.933171e-05  +1.423779e-04  +1.219038e-08  +1.034699e-09  +3.059275e-14  +4.903604e-13  +8.516682e-08  +3.702886e-07  +2.366051e-13  +2.170052e-30  +2.764103e-58  +4.889633e-97 
+2.657184e-157  +3.607203e-105  +7.076052e-64  +1.963730e-33  +7.631300e-14  +4.133704e-05  +8.305045e-05  +1.546981e-04  +6.927716e-05  +1.346311e-05  +2.428397e-04  +6.413340e-04  +7.416797e-05  +3.807813e-04  +6.498123e-04  +3.263824e-04  +1.509810e-04  +1.482225e-04  +1.503065e-04  +1.606426e-04  +1.979325e-04  +2.590899e-04  +2.084990e-04  +1.389876e-04  +1.380964e-06  +1.282632e-05  +8.149354e-05  +3.605024e-05  +2.354225e-11  +2.159206e-28  +2.750288e-56  +4.865195e-95 
+7.240475e-156  +4.562549e-104  +3.992878e-63  +4.852915e-33  +8.191390e-14  +1.920221e-05  +6.251816e-08  +9.816957e-10  +3.458034e-12  +2.712945e-05  +1.377633e-04  +5.434141e-04  +8.499553e-05  +3.752605e-04  +4.778941e-04  +2.235860e-04  +2.939985e-04  +5.072477e-04  +1.268714e-04  +3.610954e-04  +3.317270e-04  +2.715873e-04  +1.309011e-04  +5.103250e-05  +5.748877e-05  +1.135965e-04  +8.959634e-09  +4.945111e-14  +3.253194e-20  +2.983707e-37  +3.800495e-65  +6.722986e-104 
+2.217342e-164  +1.397247e-112  +1.222789e-71  +1.486168e-41  +2.508547e-22  +5.880503e-14  +1.914453e-16  +5.029956e-25  +1.727626e-09  +1.175079e-04  +1.271331e-04  +1.801677e-04  +7.044392e-04  +2.394162e-04  +2.790116e-04  +5.611331e-04  +2.661330e-04  +7.432506e-05  +4.689658e-04  +3.966036e-04  +3.246943e-04  +1.529036e-04  +2.234267e-04  +4.115729e-05  +6.240054e-05  +1.097336e-06  +2.385430e-15  +6.216258e-33  +6.243238e-40  +5.726062e-57  +7.293569e-85  +1.290215e-123 
+9.430532e-184  +5.942602e-132  +5.200620e-91  +6.320791e-61  +1.066905e-41  +2.501025e-33  +8.142322e-36  +2.657458e-29  +1.180923e-13  +4.593620e-08  +6.681581e-08  +1.196291e-04  +1.295735e-04  +1.005059e-04  +2.299248e-04  +3.110187e-04  +3.560713e-04  +3.721881e-04  +2.940610e-04  +2.313125e-04  +2.221609e-04  +6.040866e-04  +1.443285e-04  +2.053651e-04  +2.651141e-09  +6.239537e-18  +1.135179e-26  +3.382497e-46  +1.663980e-70  +1.526138e-87  +1.943918e-115  +3.438745e-154 
+5.570289e-214  +3.510090e-162  +3.071826e-121  +3.733473e-91  +6.301839e-72  +1.477269e-63  +4.809466e-66  +2.522778e-44  +1.123570e-28  +2.569087e-20  +2.149937e-16  +1.536336e-09  +3.791138e-10  +7.043160e-10  +4.643031e-08  +1.100184e-05  +6.646638e-05  +3.653868e-04  +2.764538e-04  +2.770213e-04  +2.174655e-04  +3.779958e-04  +2.682516e-05  +5.305108e-05  +1.421168e-10  +1.247524e-25  +7.619136e-49  +2.265694e-68  +9.375831e-99  +5.648975e-129  +7.195380e-157  +1.272846e-195 
+4.569379e-255  +2.879371e-203  +2.519858e-162  +3.062615e-132  +5.169479e-113  +1.211823e-104  +1.039474e-96  +3.326059e-70  +3.784736e-54  +2.370466e-43  +4.485510e-32  +3.205821e-25  +3.219611e-26  +6.499221e-24  +8.738227e-11  +1.159287e-04  +9.257825e-05  +6.256416e-05  +8.278787e-05  +1.908573e-04  +2.633889e-04  +1.414823e-04  +1.676322e-04  +4.738306e-08  +7.718654e-18  +8.187948e-37  +4.614825e-63  +8.097483e-100  +8.721953e-132  +5.012568e-173  +3.698857e-209  +6.543190e-248 
+5.205646e-307  +3.280312e-255  +2.870738e-214  +3.489072e-184  +5.889307e-165  +1.380564e-156  +1.903278e-133  +6.094007e-107  +2.959368e-88  +2.829765e-76  +1.299901e-58  +9.290470e-52  +3.803051e-53  +1.075395e-33  +1.603489e-15  +3.362748e-08  +1.635938e-08  +6.579867e-05  +1.320232e-04  +3.528405e-05  +1.290090e-04  +1.214313e-04  +2.017828e-04  +1.035414e-09  +8.207644e-26  +3.949742e-52  +1.966442e-82  +3.527032e-122  +7.854741e-170  +6.475931e-217  +5.171405e-269  +4.671337e-311 
+0.000000e+00  +5.190036e-318  +4.542019e-277  +5.520333e-247  +9.317933e-228  +2.319065e-218  +4.839815e-181  +2.259907e-154  +5.263196e-133  +1.016616e-113  +5.231745e-96  +3.739160e-89  +8.554789e-77  +9.305923e-48  +1.405885e-29  +3.638610e-22  +1.683444e-08  +6.837131e-05  +5.711150e-05  +5.089967e-07  +1.131433e-04  +7.607075e-05  +1.038224e-05  +6.820557e-12  +6.236612e-29  +7.933000e-57  +1.416187e-95  +3.749820e-145  +2.629446e-201  +1.514357e-261  +9.881313e-324  +0.000000e+00 
+0.000000e+00  +0.000000e+00  +0.000000e+00  +1.212931e-320  +2.047448e-301  +7.418482e-277  +1.709530e-239  +1.763923e-210  +1.316506e-188  +5.682394e-162  +2.924293e-144  +2.090143e-137  +1.042168e-101  +1.133680e-72  +1.836602e-54  +2.180000e-30  +1.166085e-15  +4.511228e-06  +4.541886e-07  +1.283312e-06  +2.682938e-05  +3.793971e-07  +2.933213e-10  +3.724428e-22  +3.362085e-39  +4.268121e-67  +7.524935e-106  +1.842497e-155  +6.265398e-216  +2.958890e-287  +0.000000e+00  +0.000000e+00 
+0.000000e+00  +0.000000e+00  +0.000000e+00  +0.000000e+00  +0.000000e+00  +0.000000e+00  +9.516075e-309  +6.037488e-277  +1.190402e-249  +4.411066e-221  +2.270038e-203  +2.251087e-177  +1.763221e-137  +1.961040e-108  +5.450544e-74  +1.450290e-45  +7.431713e-25  +5.292344e-15  +5.234138e-16  +1.050129e-13  +9.901586e-13  +3.384073e-18  +6.061317e-23  +9.582079e-37  +2.728470e-60  +3.196690e-88  +5.635942e-127  +1.379973e-176  +4.692587e-237  +2.216115e-308  +0.000000e+00  +0.000000e+00 
+0.000000e+00  +0.000000e+00  +0.000000e+00  +0.000000e+00  +0.000000e+00  +0.000000e+00  +0.000000e+00  +0.000000e+00  +1.283336e-319  +4.755473e-291  +2.541060e-273  +5.289311e-224  +4.171761e-184  +5.031195e-139  +6.397895e-97  +2.362219e-65  +1.211271e-44  +8.625820e-35  +8.530952e-36  +1.197049e-31  +1.122196e-30  +1.807237e-38  +1.739526e-46  +2.749942e-60  +6.037469e-85  +5.165955e-120  +5.862303e-159  +1.435398e-208  +4.881060e-269  +0.000000e+00  +0.000000e+00  +0.000000e+00 
+0.000000e+00  +0.000000e+00  +0.000000e+00  +0.000000e+00  +0.000000e+00  +0.000000e+00  +0.000000e+00  +0.000000e+00  +0.000000e+00  +0.000000e+00  +0.000000e+00  +1.729729e-281  +2.848044e-223  +5.447307e-170  +1.448195e-127  +5.347002e-96  +2.741773e-75  +1.952498e-65  +1.931027e-66  +1.895045e-60  +1.776495e-59  +3.655463e-69  +6.944006e-81  +1.096038e-94  +2.406339e-119  +7.337127e-155  +3.953795e-201  +2.073538e-251  +7.051050e-312  +0.000000e+00  +0.000000e+00  +0.000000e+00 
+0.000000e+00  +0.000000e+00  +0.000000e+00  +0.000000e+00  +0.000000e+00  +0.000000e+00  +0.000000e+00  +0.000000e+00  +0.000000e+00  +0.000000e+00  +0.000000e+00  +0.000000e+00  +8.945462e-265  +1.712419e-211  +4.552557e-169  +1.680887e-137  +8.619058e-117  +6.137888e-107  +6.070999e-108  +4.166436e-100  +3.905794e-99  +5.098977e-109  +1.510340e-125  +6.066880e-140  +1.331977e-164  +4.061308e-200  +1.719781e-246  +1.052989e-303  +0.000000e+00  +0.000000e+00  +0.000000e+00  +0.000000e+00 
+0.000000e+00  +0.000000e+00  +0.000000e+00  +0.000000e+00  +0.000000e+00  +0.000000e+00  +0.000000e+00  +0.000000e+00  +0.000000e+00  +0.000000e+00  +0.000000e+00  +0.000000e+00  +3.905431e-317  +7.476120e-264  +1.987566e-221  +7.338458e-190  +3.762929e-169  +2.679693e-159  +2.669069e-160  +1.272178e-150  +1.192594e-149  +1.552676e-159  +1.655656e-178  +4.663836e-196  +1.023940e-220  +3.122078e-256  +1.322059e-302  +0.000000e+00  +0.000000e+00  +0.000000e+00  +0.000000e+00  +0.000000e+00 
+0.000000e+00  +0.000000e+00  +0.000000e+00  +0.000000e+00  +0.000000e+00  +0.000000e+00  +0.000000e+00  +0.000000e+00  +0.000000e+00  +0.000000e+00  +0.000000e+00  +0.000000e+00  +0.000000e+00  +0.000000e+00  +1.205107e-284  +4.449477e-253  +2.281551e-232  +1.624760e-222  +2.406104e-223  +5.394724e-212  +5.057243e-211  +6.584101e-221  +1.516937e-241  +4.979559e-263  +1.093176e-287  +3.458460e-323  +0.000000e+00  +0.000000e+00  +0.000000e+00  +0.000000e+00  +0.000000e+00  +0.000000e+00 
