+0.000000e+00  +0.000000e+00  +0.000000e+00  +0.000000e+00  +0.000000e+00  +0.000000e+00  +0.000000e+00  +0.000000e+00  +0.000000e+00  +1.280910e-305  +8.108568e-241  +7.128661e-187  +8.703817e-144  +1.475875e-111  +3.475579e-90  +1.136692e-79  +1.400623e-73  +6.365981e-68  +5.662417e-73  +1.687148e-83  +6.783635e-104  +1.664659e-123  +9.179400e-141  +7.029773e-169  +7.476651e-208  +3.448118e-253  +7.581339e-277  +7.378875e-301  +0.000000e+00  +0.000000e+00  +0.000000e+00  +0.000000e+00 
+0.000000e+00  +0.000000e+00  +0.000000e+00  +0.000000e+00  +0.000000e+00  +0.000000e+00  +0.000000e+00  +0.000000e+00  +0.000000e+00  +8.560875e-270  +3.414459e-206  +2.992354e-152  +3.653545e-109  +6.195183e-77  +1.458921e-55  +4.771418e-45  +6.261223e-42  +2.844826e-36  +1.759581e-40  +1.861433e-50  +2.034060e-69  +1.615567e-79  +8.908691e-97  +6.822458e-125  +5.983667e-161  +1.633536e-194  +1.144626e-207  +1.114058e-231  +1.505879e-266  +2.826898e-312  +0.000000e+00  +0.000000e+00 
+0.000000e+00  +0.000000e+00  +0.000000e+00  +0.000000e+00  +0.000000e+00  +0.000000e+00  +0.000000e+00  +0.000000e+00  +8.895941e-311  +8.605416e-239  +1.156105e-177  +2.331423e-127  +2.135487e-85  +3.611586e-53  +8.505014e-32  +2.781573e-21  +5.238744e-21  +1.765826e-15  +2.145327e-18  +1.776313e-27  +5.484188e-40  +2.177521e-46  +1.200747e-63  +2.089928e-90  +3.822106e-119  +3.424625e-136  +2.400044e-149  +2.335950e-173  +3.157517e-208  +5.927421e-254  +1.545339e-310  +0.000000e+00 
+0.000000e+00  +0.000000e+00  +0.000000e+00  +0.000000e+00  +0.000000e+00  +0.000000e+00  +0.000000e+00  +0.000000e+00  +1.325117e-290  +1.281841e-218  +1.722076e-157  +3.212981e-107  +8.325514e-68  +3.289888e-39  +6.922644e-19  +2.256437e-08  +3.439050e-08  +1.527052e-05  +6.243648e-07  +1.381699e-14  +1.026566e-17  +4.076035e-24  +3.535934e-41  +1.466299e-59  +5.263080e-81  +9.972560e-89  +6.988965e-102  +6.802321e-126  +9.194736e-161  +1.726074e-206  +4.500053e-263  +0.000000e+00 
+0.000000e+00  +0.000000e+00  +0.000000e+00  +0.000000e+00  +0.000000e+00  +0.000000e+00  +0.000000e+00  +0.000000e+00  +2.741288e-281  +2.651763e-209  +3.562481e-148  +6.646737e-98  +1.722274e-58  +6.197751e-30  +3.098133e-12  +3.970471e-05  +3.626145e-04  +1.839858e-04  +1.026144e-04  +1.474116e-07  +2.668999e-06  +1.075830e-12  +1.312841e-21  +3.513225e-35  +8.016227e-50  +4.033093e-52  +2.826470e-65  +2.750988e-89  +3.718526e-124  +6.982002e-170  +3.180685e-226  +1.797205e-290 
+0.000000e+00  +0.000000e+00  +0.000000e+00  +0.000000e+00  +0.000000e+00  +0.000000e+00  +0.000000e+00  +0.000000e+00  +3.279838e-277  +1.092288e-206  +5.061501e-147  +3.435598e-98  +7.912113e-60  +2.079403e-31  +2.268498e-13  +1.321969e-05  +3.232143e-04  +3.169163e-05  +2.429544e-04  +1.521248e-04  +1.020168e-04  +2.352400e-05  +5.947900e-11  +5.379483e-18  +4.490530e-24  +2.265206e-26  +1.587501e-39  +1.545152e-63  +2.317749e-98  +1.572945e-141  +1.491567e-194  +1.969216e-258 
+0.000000e+00  +0.000000e+00  +0.000000e+00  +0.000000e+00  +0.000000e+00  +0.000000e+00  +0.000000e+00  +0.000000e+00  +3.282848e-269  +9.266327e-200  +3.647558e-140  +2.337142e-91  +2.084684e-53  +2.582555e-26  +4.443434e-10  +1.079421e-04  +1.730968e-04  +1.420134e-04  +1.775587e-04  +6.045463e-05  +1.176906e-04  +7.343396e-05  +1.319387e-04  +6.214191e-08  +3.501706e-09  +1.766921e-11  +1.258236e-24  +7.200158e-47  +3.489393e-78  +2.388486e-120  +2.270573e-173  +2.997686e-237 
+0.000000e+00  +0.000000e+00  +0.000000e+00  +6.995663e-311  +2.342834e-304  +1.089663e-308  +4.940656e-324  +2.964394e-323  +3.883617e-249  +7.658735e-186  +3.803897e-132  +3.182544e-85  +3.913703e-49  +6.684595e-24  +1.644434e-09  +1.789337e-04  +1.079296e-04  +5.002315e-05  +2.782423e-04  +1.686772e-05  +1.534333e-04  +4.046682e-05  +4.868172e-06  +8.838417e-05  +8.259736e-05  +1.844233e-06  +4.217516e-16  +1.496724e-36  +7.376981e-68  +5.049560e-110  +4.800277e-163  +6.337486e-227 
+2.361253e-309  +2.053890e-277  +5.069796e-253  +1.221948e-235  +4.092280e-229  +1.903338e-233  +1.229432e-248  +1.102887e-274  +2.446197e-230  +4.823551e-167  +1.320950e-114  +5.023970e-73  +2.653674e-42  +2.047734e-22  +1.478122e-09  +1.281857e-04  +7.846071e-05  +1.045473e-04  +3.123310e-04  +1.183945e-04  +6.749907e-05  +9.331506e-06  +1.004862e-04  +1.587953e-04  +2.908135e-04  +5.771524e-07  +1.238279e-16  +4.394512e-37  +2.165945e-68  +1.482594e-110  +1.409403e-163  +1.860740e-227 
+1.591525e-242  +1.384161e-210  +1.396433e-188  +2.964247e-171  +9.927208e-165  +4.617190e-169  +2.982403e-184  +2.675426e-210  +2.644582e-192  +6.217975e-159  +1.452886e-106  +5.009226e-65  +2.497628e-34  +1.773078e-14  +1.775515e-05  +7.605907e-05  +2.734680e-04  +1.030724e-04  +1.412020e-04  +2.000404e-04  +1.084135e-04  +2.663045e-04  +9.516414e-05  +8.087440e-05  +1.216150e-04  +4.249015e-06  +2.726094e-16  +2.491836e-37  +3.163387e-69  +5.577290e-112  +1.365627e-165  +4.643857e-230 
+1.489781e-186  +1.295673e-154  +1.606384e-133  +9.986545e-118  +3.344466e-111  +1.555527e-115  +1.004769e-130  +9.013483e-157  +9.486164e-143  +9.832309e-116  +1.415351e-99  +9.781227e-65  +2.859258e-34  +1.342250e-14  +1.961975e-05  +1.365274e-04  +6.950011e-05  +2.557138e-04  +4.607404e-04  +2.463417e-04  +2.291549e-04  +1.293088e-04  +9.655603e-05  +1.693508e-04  +3.336449e-04  +1.002341e-05  +7.168857e-16  +1.038705e-36  +2.133826e-68  +6.094710e-111  +2.417995e-164  +1.332382e-228 
+1.936732e-141  +1.684389e-109  +2.034673e-88  +4.675940e-75  +1.564820e-68  +7.278052e-73  +4.701146e-88  +4.217261e-114  +4.725657e-104  +4.898094e-77  +7.050715e-61  +2.152136e-55  +1.744905e-39  +6.968022e-19  +4.845841e-08  +1.866065e-04  +1.171335e-04  +2.657248e-04  +2.752172e-04  +3.088672e-04  +1.802941e-04  +9.133598e-05  +2.467029e-04  +1.463434e-04  +1.909599e-04  +1.232382e-07  +1.530210e-18  +2.262252e-39  +4.654254e-71  +1.329839e-113  +5.276989e-167  +2.908113e-231 
+3.496668e-107  +3.041076e-75  +3.673147e-54  +3.652330e-43  +1.016811e-36  +4.729234e-41  +3.054776e-56  +5.862188e-78  +3.269428e-76  +3.388728e-49  +4.877995e-33  +1.266895e-27  +3.235116e-26  +6.456153e-14  +5.166561e-07  +1.499451e-04  +1.897422e-04  +4.707686e-04  +2.069326e-04  +3.492209e-04  +1.575356e-04  +1.214035e-04  +4.455157e-05  +3.022618e-05  +3.753570e-08  +6.646376e-14  +1.248636e-27  +5.446962e-52  +1.413613e-84  +4.031838e-127  +1.599889e-180  +8.816881e-245 
+8.767530e-84  +7.625180e-52  +9.210028e-31  +1.572333e-20  +9.176042e-16  +4.267803e-20  +2.784015e-35  +4.350166e-46  +8.072896e-59  +3.255998e-32  +4.686925e-16  +1.096129e-10  +3.678577e-12  +1.353084e-06  +1.375557e-04  +1.706063e-04  +1.978387e-04  +2.395258e-04  +1.952559e-04  +4.008970e-04  +8.552630e-05  +4.970914e-05  +1.145126e-04  +4.073742e-06  +5.354090e-14  +7.714574e-30  +7.971165e-45  +2.775860e-69  +1.472079e-104  +1.254246e-150  +6.747555e-205  +3.712418e-269 
+3.053079e-71  +2.655284e-39  +3.207168e-18  +5.380198e-08  +1.151273e-05  +5.388637e-10  +2.641725e-16  +4.488304e-25  +3.055229e-31  +4.424680e-26  +6.254230e-10  +1.375632e-04  +2.785830e-06  +1.247589e-04  +2.078418e-04  +1.384988e-04  +2.030252e-04  +1.716350e-04  +2.080582e-04  +2.425865e-04  +1.617001e-04  +8.429163e-05  +7.556868e-09  +1.227370e-12  +6.574800e-24  +4.005185e-44  +4.263732e-72  +2.291581e-97  +1.191574e-132  +8.778052e-179  +8.981828e-236  +1.493325e-303 
+1.476511e-69  +1.284132e-37  +1.551031e-16  +2.601773e-06  +6.958683e-06  +5.540125e-05  +3.778804e-06  +1.039742e-12  +2.645622e-14  +6.872247e-11  +2.363498e-08  +1.572073e-04  +9.565560e-05  +9.019790e-05  +1.107692e-04  +1.644003e-04  +2.667589e-04  +2.481563e-04  +2.288943e-04  +3.306170e-04  +3.578363e-05  +2.029417e-10  +5.924359e-16  +7.356666e-30  +3.503063e-41  +2.587659e-63  +8.296897e-96  +1.441818e-135  +1.345035e-171  +9.867750e-218  +1.009623e-274  +0.000000e+00 
+9.916844e-79  +8.624747e-47  +1.041735e-25  +1.747456e-15  +2.519350e-10  +1.290509e-04  +7.862380e-05  +3.846426e-08  +6.127391e-06  +8.337180e-05  +1.114765e-05  +2.445677e-04  +2.903361e-06  +3.258866e-04  +1.279070e-04  +4.680310e-04  +1.832591e-04  +5.216414e-04  +1.269080e-05  +1.948754e-04  +8.240253e-05  +6.112338e-10  +2.228691e-25  +8.509281e-49  +2.611094e-69  +1.928398e-91  +1.977942e-124  +2.972731e-168  +3.706822e-220  +1.541861e-267  +0.000000e+00  +0.000000e+00 
+9.250136e-99  +8.044907e-67  +9.716992e-46  +1.464486e-31  +8.172338e-15  +7.928176e-08  +1.073300e-04  +1.529784e-04  +2.074945e-04  +4.049952e-04  +1.474707e-04  +6.692264e-05  +4.651502e-06  +5.132498e-04  +1.335956e-04  +3.364703e-04  +1.756223e-04  +2.179374e-04  +1.595562e-04  +3.231588e-04  +3.673749e-06  +4.273156e-11  +1.862626e-26  +1.127573e-52  +9.479853e-90  +1.996212e-130  +2.047488e-163  +2.916581e-207  +5.778087e-262  +0.000000e+00  +0.000000e+00  +0.000000e+00 
+1.198287e-129  +1.042158e-97  +2.856210e-74  +1.130891e-46  +1.688568e-29  +2.588261e-15  +3.568955e-06  +1.887239e-04  +1.041480e-04  +4.188346e-05  +1.994086e-04  +2.759516e-04  +1.327114e-04  +2.944309e-04  +1.260744e-04  +3.095239e-04  +6.515382e-05  +6.965074e-05  +1.023465e-05  +4.523041e-05  +3.823095e-11  +5.077238e-23  +2.186726e-38  +1.323773e-64  +1.112937e-101  +2.780759e-137  +5.490189e-171  +4.805683e-211  +6.331991e-256  +1.158716e-311  +0.000000e+00  +0.000000e+00 
+1.493000e-164  +8.749881e-116  +1.027143e-74  +3.195934e-44  +1.381259e-24  +8.291133e-16  +7.863965e-10  +3.551056e-06  +3.309261e-04  +1.997667e-04  +3.228620e-04  +3.180706e-04  +1.767806e-04  +2.276580e-04  +8.734776e-05  +3.846411e-04  +2.611127e-04  +7.374721e-05  +1.281567e-04  +5.585012e-05  +4.632124e-09  +6.185915e-23  +1.036601e-46  +2.991971e-62  +3.062703e-74  +4.354021e-97  +2.360728e-128  +2.231632e-162  +2.940501e-207  +5.380939e-263  +0.000000e+00  +0.000000e+00 
+4.316598e-146  +1.204920e-97  +4.671096e-60  +2.718236e-33  +8.844059e-15  +5.412678e-06  +1.492095e-07  +1.223439e-04  +3.605292e-04  +9.802857e-05  +1.180141e-04  +9.960607e-05  +1.077440e-04  +3.337343e-04  +3.782981e-04  +2.836853e-04  +9.223272e-05  +2.936596e-04  +8.481973e-05  +3.735851e-05  +3.234780e-07  +6.925687e-20  +8.827687e-32  +6.506125e-33  +6.659936e-45  +3.167330e-67  +1.516983e-90  +1.439267e-124  +1.896445e-169  +3.470380e-225  +8.819658e-292  +0.000000e+00 
+1.733580e-138  +4.839055e-90  +1.875923e-52  +1.009968e-25  +7.551603e-10  +8.594315e-05  +1.754458e-04  +1.241230e-04  +2.324571e-04  +2.159427e-04  +5.312717e-05  +4.779541e-04  +1.302280e-05  +2.463892e-04  +3.488418e-04  +7.460607e-06  +4.436566e-04  +1.072621e-05  +1.795468e-04  +6.897223e-05  +1.763833e-05  +5.230686e-12  +2.666581e-13  +1.964832e-14  +2.051715e-26  +1.988908e-40  +1.358744e-63  +1.289135e-97  +1.698624e-142  +3.108379e-198  +7.899665e-265  +0.000000e+00 
+9.669062e-142  +2.698989e-93  +1.046417e-55  +5.796435e-29  +3.526034e-12  +8.201547e-05  +1.153766e-04  +2.768919e-04  +2.430392e-04  +1.385590e-04  +1.634748e-04  +3.851951e-04  +2.048666e-06  +2.155412e-04  +2.403534e-04  +2.117708e-04  +4.158595e-04  +8.814556e-05  +3.961546e-04  +3.975954e-05  +1.686856e-04  +9.243601e-05  +1.354349e-05  +8.257445e-07  +5.029808e-12  +2.474107e-24  +1.690190e-47  +1.603593e-81  +2.112966e-126  +3.866597e-182  +9.826607e-249  +0.000000e+00 
+8.714659e-156  +8.902543e-106  +8.569073e-66  +1.172816e-36  +2.229487e-18  +5.895562e-11  +1.957988e-05  +1.504421e-04  +1.467776e-04  +1.243000e-04  +4.862323e-05  +3.337740e-04  +7.781408e-07  +8.923568e-05  +8.280075e-05  +5.317540e-06  +2.211909e-04  +3.935048e-04  +1.408808e-04  +3.492215e-05  +3.819842e-06  +4.710406e-05  +1.961309e-06  +7.125452e-05  +1.009551e-06  +4.505996e-19  +2.972981e-42  +2.787180e-76  +3.657725e-121  +6.684345e-177  +1.697993e-243  +5.993016e-321 
+1.221618e-173  +8.669552e-123  +8.544680e-83  +1.169588e-53  +2.223351e-35  +7.954193e-23  +3.508422e-12  +2.716159e-08  +1.674186e-06  +3.676476e-08  +1.283876e-09  +1.747333e-06  +1.017751e-08  +3.340820e-05  +1.659262e-04  +1.724454e-04  +6.910027e-04  +5.414451e-05  +7.305528e-05  +1.216824e-04  +2.449261e-09  +1.214414e-07  +1.784083e-08  +7.551608e-08  +8.976891e-10  +1.486754e-22  +3.450611e-46  +1.141398e-80  +5.622702e-126  +4.513886e-182  +6.552566e-249  +0.000000e+00 
+1.691907e-201  +1.200709e-150  +1.183414e-110  +1.619847e-81  +8.130843e-62  +3.918765e-41  +3.823956e-27  +9.550596e-23  +3.188703e-17  +5.098676e-19  +2.596198e-23  +2.797751e-18  +2.188651e-16  +3.717264e-07  +7.056529e-05  +5.541223e-05  +2.337510e-04  +3.344652e-07  +1.390913e-04  +3.810480e-08  +3.235059e-14  +9.168700e-20  +1.347137e-20  +6.670711e-21  +7.918655e-23  +1.305477e-35  +2.989003e-59  +9.504429e-94  +4.197367e-139  +2.574576e-195  +2.193770e-262  +0.000000e+00 
+3.254284e-240  +2.309493e-189  +2.276228e-149  +3.130869e-120  +1.106543e-91  +5.579680e-67  +5.900021e-53  +1.249925e-47  +8.444405e-39  +1.349772e-40  +6.321353e-47  +6.277980e-41  +4.356527e-28  +3.861565e-15  +3.908158e-09  +2.055198e-05  +9.219891e-05  +1.338806e-05  +1.417147e-05  +5.233063e-12  +3.966537e-26  +9.631720e-43  +1.412708e-43  +8.191147e-45  +9.723526e-47  +1.603027e-59  +3.670251e-83  +1.167048e-117  +5.153705e-163  +3.160737e-219  +2.692125e-286  +0.000000e+00 
+8.693054e-290  +6.169268e-239  +6.080414e-199  +1.269050e-163  +1.577479e-128  +1.181086e-103  +1.305101e-89  +2.698814e-80  +3.105718e-71  +4.964246e-73  +1.786677e-80  +1.461301e-70  +1.112276e-46  +1.685826e-33  +3.961507e-21  +9.019597e-12  +5.507764e-10  +4.499066e-06  +3.629128e-08  +4.691852e-18  +8.514158e-39  +8.634386e-66  +2.057457e-77  +1.396868e-79  +1.658191e-81  +2.733704e-94  +6.259021e-118  +1.990212e-152  +8.788813e-198  +5.390127e-254  +4.589870e-321  +0.000000e+00 
+0.000000e+00  +2.288698e-299  +5.333932e-257  +8.602560e-212  +4.637272e-176  +3.472223e-151  +4.448705e-137  +1.378286e-123  +1.586327e-114  +2.535620e-116  +7.724458e-125  +6.179379e-100  +4.958493e-76  +2.382721e-57  +1.362627e-38  +6.822261e-29  +1.298689e-21  +4.469030e-17  +3.596918e-21  +4.622844e-31  +8.300655e-52  +2.069919e-83  +4.162228e-122  +3.308294e-125  +3.927201e-127  +6.474409e-140  +1.482365e-163  +4.713549e-198  +2.081512e-243  +1.276579e-299  +0.000000e+00  +0.000000e+00 
+0.000000e+00  +0.000000e+00  +9.052929e-317  +3.511779e-270  +1.893242e-234  +1.417840e-209  +2.753513e-195  +9.777060e-178  +1.125283e-168  +1.798676e-170  +6.621512e-175  +3.825712e-140  +7.771887e-115  +4.032149e-87  +1.259897e-66  +1.387918e-56  +1.793071e-43  +6.170370e-39  +7.841629e-45  +6.325790e-55  +1.135842e-75  +2.832428e-107  +9.809298e-150  +1.088155e-181  +1.291724e-183  +2.129544e-196  +4.875753e-220  +1.550367e-254  +6.846450e-300  +0.000000e+00  +0.000000e+00  +0.000000e+00 
+0.000000e+00  +0.000000e+00  +0.000000e+00  +0.000000e+00  +1.073464e-303  +8.044344e-279  +1.197229e-262  +9.631968e-243  +1.108583e-233  +1.771984e-235  +5.693246e-226  +3.294060e-191  +2.308579e-157  +5.177286e-126  +1.618217e-105  +1.388724e-91  +3.438248e-76  +1.183180e-71  +5.747585e-78  +1.202153e-89  +2.158546e-110  +5.382728e-142  +1.864152e-184  +8.965992e-238  +5.900574e-251  +9.727724e-264  +2.227236e-287  +7.065139e-322  +0.000000e+00  +0.000000e+00  +0.000000e+00  +0.000000e+00 
+0.000000e+00  +0.000000e+00  +0.000000e+00  +0.000000e+00  +0.000000e+00  +0.000000e+00  +0.000000e+00  +1.317831e-318  +1.516747e-309  +2.424401e-311  +6.798354e-288  +3.178834e-249  +4.103537e-207  +9.232624e-176  +2.893463e-155  +3.695209e-135  +9.156187e-120  +3.150854e-115  +1.506089e-121  +3.173777e-135  +5.696955e-156  +1.420639e-187  +4.919974e-230  +2.366354e-283  +0.000000e+00  +0.000000e+00  +0.000000e+00  +0.000000e+00  +0.000000e+00  +0.000000e+00  +0.000000e+00  +0.000000e+00 
