+0.000000e+00  +0.000000e+00  +0.000000e+00  +0.000000e+00  +0.000000e+00  +6.057245e-320  +3.120270e-288  +1.135599e-254  +5.771939e-232  +4.439038e-220  +6.175610e-213  +1.452297e-215  +1.077652e-214  +3.496434e-196  +1.285249e-184  +3.978262e-177  +1.710373e-180  +1.021239e-194  +1.636670e-217  +1.105475e-245  +1.042384e-284  +0.000000e+00  +0.000000e+00  +0.000000e+00  +0.000000e+00  +0.000000e+00  +0.000000e+00  +0.000000e+00  +0.000000e+00  +0.000000e+00  +0.000000e+00  +0.000000e+00 
+0.000000e+00  +0.000000e+00  +0.000000e+00  +9.240243e-317  +1.449351e-277  +5.234856e-249  +5.159579e-222  +5.410759e-192  +2.750132e-169  +1.962871e-157  +3.656045e-151  +8.597755e-154  +6.984250e-155  +1.872360e-138  +7.196482e-129  +2.201645e-121  +9.465521e-125  +5.666609e-139  +7.284209e-159  +4.945616e-187  +4.663362e-226  +6.106830e-276  +0.000000e+00  +0.000000e+00  +0.000000e+00  +0.000000e+00  +0.000000e+00  +0.000000e+00  +0.000000e+00  +0.000000e+00  +0.000000e+00  +0.000000e+00 
+0.000000e+00  +0.000000e+00  +4.704579e-303  +5.313407e-253  +8.334190e-214  +1.815580e-185  +2.419215e-162  +3.696867e-140  +1.819798e-117  +1.286346e-105  +3.006043e-100  +7.068916e-103  +2.949819e-103  +1.393344e-91  +1.175833e-83  +1.692150e-76  +7.275055e-80  +1.360115e-93  +4.525732e-111  +3.072767e-139  +2.897400e-178  +4.967980e-224  +8.366645e-256  +1.074986e-261  +1.918197e-278  +4.753588e-306  +0.000000e+00  +0.000000e+00  +0.000000e+00  +0.000000e+00  +0.000000e+00  +0.000000e+00 
+0.000000e+00  +4.619915e-311  +3.757062e-250  +4.243271e-200  +6.655659e-161  +1.449838e-132  +1.644487e-113  +1.590909e-96  +1.672397e-76  +1.180702e-64  +3.433442e-60  +8.071612e-63  +1.744636e-62  +1.445280e-55  +6.588801e-48  +1.806212e-42  +7.765666e-46  +7.992547e-57  +3.905135e-74  +2.651410e-102  +4.704402e-141  +1.119260e-168  +2.229799e-187  +2.864958e-193  +5.112210e-210  +1.266885e-237  +4.360170e-276  +0.000000e+00  +0.000000e+00  +0.000000e+00  +0.000000e+00  +0.000000e+00 
+0.000000e+00  +5.123888e-269  +4.166909e-208  +4.706156e-158  +7.381705e-119  +1.607996e-90  +4.879353e-73  +4.993616e-59  +2.541293e-46  +1.506678e-34  +5.458054e-31  +1.280296e-33  +1.433021e-32  +2.178937e-30  +9.643553e-23  +2.677543e-19  +1.178347e-22  +9.572353e-31  +4.679735e-48  +3.177516e-76  +6.771253e-97  +7.058761e-122  +8.253141e-130  +1.060405e-135  +1.892179e-152  +4.689112e-180  +1.613827e-218  +7.713673e-268  +0.000000e+00  +0.000000e+00  +0.000000e+00  +0.000000e+00 
+1.525783e-309  +7.894496e-238  +6.418268e-177  +7.248863e-127  +1.136999e-87  +2.476786e-59  +7.492984e-42  +6.373973e-32  +7.068606e-24  +2.670828e-15  +1.230208e-12  +2.899818e-15  +1.634701e-13  +4.738501e-13  +2.255169e-08  +5.512598e-07  +4.762600e-09  +1.593094e-15  +7.788337e-33  +8.047871e-47  +5.046731e-63  +3.332234e-84  +4.242391e-83  +5.450837e-89  +9.726434e-106  +2.410361e-133  +8.295611e-172  +3.965087e-221  +2.632055e-281  +0.000000e+00  +0.000000e+00  +0.000000e+00 
+6.503786e-283  +8.053394e-214  +1.521652e-155  +1.583697e-106  +2.432323e-67  +5.298221e-39  +1.602862e-21  +7.863844e-15  +5.504188e-10  +1.393612e-06  +5.283465e-05  +3.028845e-06  +2.591826e-05  +6.135616e-05  +3.306476e-04  +9.251780e-05  +1.053926e-04  +6.564794e-11  +1.845006e-18  +4.780652e-24  +1.421850e-36  +3.273621e-52  +3.028587e-47  +3.891281e-53  +6.943573e-70  +1.720725e-97  +5.922128e-136  +2.830623e-185  +1.878989e-245  +1.732226e-316  +0.000000e+00  +0.000000e+00 
+3.300660e-266  +4.086228e-197  +7.025583e-139  +1.677573e-91  +5.570312e-55  +4.136078e-29  +4.778237e-12  +2.000810e-05  +1.980481e-04  +6.176618e-05  +2.364982e-04  +2.297093e-04  +1.991709e-04  +4.913407e-04  +3.934202e-04  +3.150650e-04  +1.030068e-04  +3.836395e-09  +1.518041e-06  +1.209276e-10  +1.300486e-20  +3.245584e-27  +3.002669e-22  +3.857979e-28  +6.884151e-45  +1.705999e-72  +5.871447e-111  +2.806399e-160  +1.862909e-220  +1.717402e-291  +0.000000e+00  +0.000000e+00 
+2.326341e-260  +2.880019e-191  +4.951709e-133  +1.182368e-85  +3.920925e-49  +1.805769e-23  +1.154998e-08  +1.036859e-04  +5.718276e-05  +3.341370e-04  +2.027049e-04  +2.653494e-04  +1.871687e-04  +5.559857e-04  +2.108536e-04  +1.854658e-04  +1.576803e-04  +9.074092e-05  +1.026147e-04  +1.486587e-05  +2.316543e-15  +4.552375e-13  +4.134402e-08  +5.312087e-14  +9.478850e-31  +2.349006e-58  +8.084449e-97  +3.864157e-146  +2.565057e-206  +2.364706e-277  +0.000000e+00  +0.000000e+00 
+2.277111e-265  +2.819071e-196  +4.846919e-138  +1.157347e-90  +3.837949e-54  +1.767555e-28  +1.183456e-13  +5.869107e-06  +1.485286e-05  +2.405618e-04  +1.275446e-04  +1.522414e-04  +2.532383e-04  +3.027680e-04  +5.160255e-04  +1.916578e-04  +1.117301e-04  +8.898039e-05  +1.678238e-04  +4.510921e-08  +7.084995e-06  +2.360033e-05  +8.249842e-05  +1.016061e-10  +1.812590e-27  +4.491871e-55  +1.545944e-93  +7.389209e-143  +4.905014e-203  +4.521895e-274  +0.000000e+00  +0.000000e+00 
+3.095514e-281  +3.832256e-212  +6.588921e-154  +1.573302e-106  +5.217554e-70  +9.474406e-44  +3.389907e-24  +3.782464e-15  +1.156326e-07  +2.461686e-04  +1.294933e-04  +4.167063e-04  +4.396922e-04  +1.700588e-04  +3.190015e-04  +5.588604e-04  +1.379005e-04  +1.862517e-04  +1.934131e-04  +1.035190e-04  +1.286346e-04  +3.904792e-06  +2.079360e-06  +1.577036e-14  +1.708659e-33  +1.435774e-62  +4.110516e-101  +1.962376e-150  +1.302631e-210  +1.200886e-281  +0.000000e+00  +0.000000e+00 
+4.365704e-264  +1.822098e-205  +1.665983e-154  +7.725244e-104  +6.119259e-64  +3.587243e-34  +1.132823e-14  +5.600433e-06  +1.792946e-05  +2.659238e-04  +1.764749e-04  +3.462958e-04  +2.551170e-04  +3.670144e-04  +2.575694e-04  +5.214673e-04  +6.248164e-04  +2.740144e-04  +1.118472e-04  +3.637183e-08  +1.931861e-09  +5.962243e-13  +1.746363e-17  +1.324261e-25  +1.394604e-44  +2.039699e-74  +4.143192e-115  +1.175957e-166  +9.383086e-229  +4.454066e-300  +0.000000e+00  +0.000000e+00 
+2.265614e-230  +9.455908e-172  +5.480985e-124  +4.412166e-87  +5.339437e-59  +4.569547e-30  +5.533124e-12  +9.410015e-05  +2.412677e-04  +2.715020e-04  +2.660313e-04  +2.470752e-04  +4.432286e-04  +2.122350e-04  +2.805055e-04  +2.176697e-04  +2.520449e-04  +3.935846e-04  +1.105164e-05  +2.006887e-10  +6.666295e-23  +5.259362e-30  +2.045005e-39  +1.544607e-47  +1.626654e-66  +2.379087e-96  +4.832406e-137  +1.736677e-175  +2.458710e-217  +4.834300e-270  +0.000000e+00  +0.000000e+00 
+1.632884e-207  +6.815108e-149  +3.950282e-101  +3.179958e-64  +3.555108e-38  +5.729613e-23  +7.934310e-12  +8.741179e-06  +4.195183e-05  +1.376637e-04  +4.537894e-05  +1.233345e-04  +3.905562e-04  +1.578518e-04  +2.817866e-04  +3.171886e-04  +2.758315e-04  +1.171746e-04  +1.017328e-04  +1.148717e-07  +2.542695e-09  +2.694199e-20  +7.206150e-31  +2.805658e-39  +1.908782e-53  +1.962552e-78  +4.273213e-101  +4.356171e-132  +6.167274e-174  +1.212605e-226  +3.311187e-290  +0.000000e+00 
+1.634417e-195  +6.821505e-137  +3.953990e-89  +3.182943e-52  +3.558444e-26  +5.525248e-11  +7.306676e-06  +5.853954e-05  +1.672183e-05  +3.318612e-09  +1.398908e-05  +3.025481e-05  +1.351632e-04  +6.661719e-05  +2.078502e-04  +3.381365e-04  +2.525353e-04  +7.389453e-05  +1.372611e-04  +1.111133e-04  +9.677533e-06  +8.475378e-12  +9.081593e-13  +1.049341e-18  +7.743529e-33  +2.027991e-48  +1.488601e-68  +1.517500e-99  +2.148410e-141  +4.224191e-194  +1.153587e-257  +0.000000e+00 
+2.272000e-194  +9.482561e-136  +5.496433e-88  +4.424602e-51  +4.946585e-25  +7.680239e-10  +1.667763e-05  +3.465855e-09  +9.543817e-12  +1.213368e-17  +1.560263e-06  +7.365947e-05  +1.164224e-04  +1.411317e-04  +1.479314e-04  +2.977119e-04  +3.753778e-04  +1.529415e-04  +1.199463e-04  +1.271023e-04  +6.624282e-05  +1.582715e-06  +2.694768e-05  +5.910480e-09  +1.856327e-17  +9.811328e-27  +7.201787e-47  +7.341815e-78  +1.048675e-119  +1.215937e-170  +1.269839e-219  +3.168559e-277 
+4.386232e-204  +1.830665e-145  +1.061120e-97  +8.541962e-61  +9.549681e-35  +1.482716e-19  +3.197197e-15  +1.876794e-21  +7.874967e-29  +3.637731e-26  +4.678243e-15  +1.579261e-10  +4.185944e-05  +2.349913e-04  +1.893069e-04  +2.213155e-04  +3.310022e-04  +3.087876e-04  +2.851330e-04  +1.246230e-04  +1.565730e-04  +1.381140e-04  +2.484201e-04  +5.256901e-07  +1.247261e-06  +6.609928e-16  +8.775296e-36  +1.216009e-64  +1.247546e-96  +1.008201e-134  +9.636397e-180  +1.589052e-233 
+1.176015e-224  +4.908291e-166  +2.845022e-118  +2.290229e-81  +2.560414e-55  +3.975386e-40  +8.572086e-36  +2.570428e-42  +1.043045e-56  +1.514860e-45  +5.062598e-34  +9.533842e-17  +3.855621e-06  +1.472390e-04  +1.740584e-05  +3.204410e-04  +1.513877e-04  +2.262286e-04  +2.688405e-05  +1.820948e-04  +1.611221e-04  +8.887725e-05  +1.782779e-04  +1.712298e-04  +8.746879e-05  +1.375623e-11  +4.840281e-27  +2.632262e-44  +2.184423e-71  +5.686475e-104  +6.752707e-147  +1.113657e-200 
+4.378972e-256  +1.827635e-197  +1.059363e-149  +8.527823e-113  +9.533875e-87  +1.480262e-71  +3.191874e-67  +9.558542e-74  +4.693869e-91  +1.398795e-55  +9.342387e-28  +8.665622e-11  +1.151019e-04  +2.143441e-04  +2.024077e-04  +1.119305e-04  +4.501135e-05  +2.972501e-06  +1.667050e-04  +1.547420e-04  +1.613271e-04  +1.257161e-04  +1.409493e-05  +2.929368e-07  +5.724921e-06  +9.112627e-07  +1.071265e-13  +1.095845e-28  +6.472854e-50  +5.534693e-82  +6.572480e-125  +1.083934e-178 
+2.264485e-298  +9.451196e-240  +5.478254e-192  +4.409968e-155  +4.930224e-129  +7.654835e-114  +1.650604e-109  +4.942971e-116  +1.221618e-98  +5.874805e-60  +3.923713e-32  +3.643295e-15  +1.387664e-06  +1.269935e-04  +6.430775e-05  +1.095136e-04  +2.628589e-04  +1.005849e-04  +1.825148e-04  +1.737714e-04  +1.620140e-04  +1.441697e-04  +1.432169e-04  +8.151912e-05  +5.113428e-06  +1.109460e-04  +3.209514e-07  +1.421104e-17  +8.751037e-39  +7.621802e-71  +2.715029e-113  +3.314981e-165 
+0.000000e+00  +6.787689e-293  +3.934389e-245  +3.167164e-208  +3.540803e-182  +5.497573e-167  +1.185436e-162  +2.752829e-129  +1.834956e-84  +1.698692e-50  +2.232539e-27  +1.923043e-13  +5.951312e-07  +1.397553e-04  +2.364139e-04  +2.188052e-04  +3.455274e-04  +4.312420e-06  +1.276034e-05  +1.303200e-04  +7.210738e-05  +2.154468e-04  +4.435554e-05  +1.673971e-05  +3.170227e-10  +1.327835e-04  +1.487641e-05  +5.146993e-14  +3.460993e-33  +3.242097e-63  +4.217934e-104  +7.620992e-156 
+0.000000e+00  +0.000000e+00  +3.924194e-309  +3.158957e-272  +3.531628e-246  +5.483327e-231  +6.663243e-177  +3.198116e-121  +2.131771e-76  +1.973445e-42  +2.537162e-19  +4.548996e-07  +1.195940e-04  +8.001971e-05  +9.902917e-05  +8.630730e-05  +1.809609e-04  +1.219955e-04  +7.004573e-05  +3.234573e-05  +1.245578e-04  +3.277673e-04  +2.030137e-04  +2.365593e-04  +2.588882e-07  +1.594667e-04  +3.041849e-06  +1.656742e-15  +1.109910e-34  +1.039724e-64  +1.352670e-105  +2.444014e-157 
+0.000000e+00  +0.000000e+00  +0.000000e+00  +0.000000e+00  +4.906072e-321  +3.110771e-246  +1.075074e-179  +5.159968e-124  +3.439485e-79  +3.184035e-45  +4.093551e-22  +7.309254e-10  +5.716173e-06  +2.032966e-04  +1.648880e-04  +1.814847e-04  +9.239683e-05  +1.424133e-04  +4.451417e-05  +9.848081e-05  +6.492994e-05  +5.831602e-05  +1.869800e-04  +9.405823e-05  +3.947095e-05  +1.797513e-04  +4.368837e-07  +7.917720e-18  +1.993099e-39  +6.967907e-72  +3.389075e-115  +3.369673e-169 
+0.000000e+00  +0.000000e+00  +0.000000e+00  +0.000000e+00  +0.000000e+00  +3.851761e-259  +1.292598e-190  +7.328092e-133  +5.780332e-86  +6.332268e-50  +9.633949e-25  +2.051114e-10  +3.294722e-05  +1.114287e-04  +7.289990e-05  +2.302392e-04  +1.513269e-04  +2.718700e-04  +1.213732e-04  +6.268119e-05  +7.465783e-05  +4.569586e-05  +6.673047e-05  +1.401579e-04  +9.611799e-05  +5.890611e-06  +2.643592e-14  +2.560189e-28  +6.444697e-50  +2.253065e-82  +1.093913e-125  +7.376157e-180 
+0.000000e+00  +0.000000e+00  +0.000000e+00  +0.000000e+00  +0.000000e+00  +8.504754e-258  +3.478200e-189  +1.975537e-131  +1.558310e-84  +1.707106e-48  +2.597449e-23  +5.640045e-09  +1.460345e-04  +2.276580e-05  +6.217315e-05  +2.016067e-04  +2.768523e-04  +1.672311e-04  +1.032645e-04  +2.278049e-04  +5.577315e-05  +7.812132e-05  +2.966909e-05  +2.214491e-04  +7.587819e-06  +1.482702e-13  +2.669123e-24  +1.671338e-43  +2.908645e-71  +1.011780e-103  +4.912419e-147  +3.312398e-201 
+0.000000e+00  +0.000000e+00  +0.000000e+00  +0.000000e+00  +0.000000e+00  +3.184204e-267  +1.302248e-198  +7.396466e-141  +5.834445e-94  +6.419762e-58  +2.758967e-32  +4.785422e-14  +5.627093e-06  +5.639844e-05  +8.703473e-06  +3.420701e-04  +2.598295e-04  +2.822971e-04  +6.879077e-05  +2.406411e-04  +2.753237e-05  +7.601864e-05  +1.413636e-04  +1.776675e-04  +7.177547e-05  +1.122523e-10  +2.515821e-27  +7.830757e-55  +3.589022e-93  +3.094577e-135  +3.063697e-179  +2.065822e-233 
+0.000000e+00  +0.000000e+00  +0.000000e+00  +0.000000e+00  +0.000000e+00  +1.656079e-287  +7.147482e-218  +1.476242e-155  +4.677683e-104  +2.059515e-63  +1.276689e-33  +1.497513e-14  +1.496113e-05  +8.555704e-05  +8.606522e-07  +1.199385e-04  +2.262961e-04  +4.112438e-04  +6.938136e-05  +3.738368e-05  +1.848653e-04  +2.093391e-05  +5.343326e-07  +4.625727e-08  +1.462641e-08  +1.622885e-18  +3.492243e-35  +1.086997e-62  +4.698836e-101  +2.820916e-150  +2.351950e-210  +1.789338e-276 
+0.000000e+00  +0.000000e+00  +0.000000e+00  +0.000000e+00  +0.000000e+00  +1.468050e-302  +1.217747e-228  +6.303317e-165  +5.362901e-112  +6.380400e-70  +1.054513e-38  +2.488188e-18  +3.565889e-07  +2.055424e-04  +1.051089e-04  +1.186382e-04  +4.723035e-06  +2.240207e-04  +5.361751e-05  +6.604814e-05  +1.168081e-07  +9.358246e-13  +3.671902e-18  +1.282149e-20  +4.084222e-21  +1.806869e-32  +7.842468e-54  +2.095517e-81  +9.058429e-120  +5.438170e-169  +4.534095e-229  +5.250086e-300 
+0.000000e+00  +0.000000e+00  +0.000000e+00  +0.000000e+00  +0.000000e+00  +1.785076e-317  +7.930599e-243  +4.893708e-179  +4.893814e-126  +1.349040e-81  +3.579526e-47  +1.323956e-23  +7.000812e-11  +6.022208e-06  +7.789538e-07  +6.777683e-09  +2.595926e-13  +6.489716e-08  +5.132049e-10  +2.434950e-12  +3.464979e-16  +2.184608e-26  +2.435195e-39  +4.972518e-44  +1.583973e-44  +7.007417e-56  +4.305344e-78  +9.283971e-111  +2.425237e-149  +1.455973e-198  +1.213923e-258  +0.000000e+00 
+0.000000e+00  +0.000000e+00  +0.000000e+00  +0.000000e+00  +0.000000e+00  +0.000000e+00  +1.385159e-264  +1.376338e-197  +1.900458e-141  +3.644428e-96  +9.705963e-62  +3.593134e-38  +2.671182e-24  +5.055825e-16  +3.066509e-18  +6.008358e-24  +5.803619e-28  +9.588563e-22  +1.108062e-24  +1.246982e-30  +1.774245e-34  +3.579070e-49  +8.717073e-67  +2.678270e-78  +8.531476e-79  +3.774282e-90  +2.318902e-112  +1.978650e-145  +3.246490e-189  +5.413708e-239  +4.513668e-299  +0.000000e+00 
+0.000000e+00  +0.000000e+00  +0.000000e+00  +0.000000e+00  +0.000000e+00  +0.000000e+00  +5.212926e-290  +5.182948e-223  +7.156656e-167  +1.372402e-121  +3.655126e-87  +1.665926e-63  +1.971492e-45  +6.945402e-37  +3.420445e-39  +1.112603e-49  +2.251145e-53  +2.467139e-46  +2.792851e-49  +9.189166e-60  +1.261734e-63  +2.493522e-78  +4.096682e-102  +2.004946e-123  +6.381731e-124  +2.823245e-135  +1.734589e-157  +1.480072e-190  +1.753908e-234  +3.166037e-289  +0.000000e+00  +0.000000e+00 
+0.000000e+00  +0.000000e+00  +0.000000e+00  +0.000000e+00  +0.000000e+00  +0.000000e+00  +0.000000e+00  +2.710608e-259  +3.742829e-203  +7.177474e-158  +1.922558e-123  +1.497491e-96  +3.750033e-77  +1.326348e-68  +6.515390e-71  +8.292899e-84  +2.075097e-89  +9.142250e-82  +1.040400e-84  +2.639688e-98  +1.246119e-103  +2.462664e-118  +6.759355e-144  +4.305872e-175  +6.629652e-180  +2.932924e-191  +1.801976e-213  +1.537570e-246  +1.822045e-290  +0.000000e+00  +0.000000e+00  +0.000000e+00 
