+0.000000e+00  +0.000000e+00  +0.000000e+00  +0.000000e+00  +0.000000e+00  +0.000000e+00  +0.000000e+00  +0.000000e+00  +0.000000e+00  +0.000000e+00  +0.000000e+00  +0.000000e+00  +0.000000e+00  +0.000000e+00  +1.699155e-317  +2.802592e-280  +6.419848e-254  +2.042337e-238  +8.216329e-216  +4.806522e-190  +3.905008e-175  +4.406114e-171  +1.383932e-174  +5.485008e-184  +3.020608e-204  +2.310199e-235  +2.453819e-277  +0.000000e+00  +0.000000e+00  +0.000000e+00  +0.000000e+00  +0.000000e+00 
+0.000000e+00  +0.000000e+00  +0.000000e+00  +0.000000e+00  +0.000000e+00  +0.000000e+00  +0.000000e+00  +0.000000e+00  +0.000000e+00  +0.000000e+00  +0.000000e+00  +0.000000e+00  +0.000000e+00  +1.840973e-300  +2.186433e-252  +3.606310e-215  +8.260909e-189  +2.628032e-173  +3.935155e-161  +2.302051e-135  +1.870277e-120  +2.110331e-116  +2.169009e-119  +8.599520e-129  +4.735778e-149  +3.621983e-180  +3.847153e-222  +5.681005e-275  +0.000000e+00  +0.000000e+00  +0.000000e+00  +0.000000e+00 
+0.000000e+00  +0.000000e+00  +0.000000e+00  +0.000000e+00  +0.000000e+00  +0.000000e+00  +0.000000e+00  +0.000000e+00  +0.000000e+00  +0.000000e+00  +0.000000e+00  +0.000000e+00  +3.847136e-305  +3.289943e-246  +3.907305e-198  +6.444722e-161  +1.476281e-134  +4.696471e-119  +2.089959e-114  +1.531218e-91  +1.244022e-76  +1.403810e-72  +4.722263e-75  +1.872445e-84  +1.031160e-104  +7.886446e-136  +8.437953e-178  +4.005876e-226  +1.865951e-280  +0.000000e+00  +0.000000e+00  +0.000000e+00 
+0.000000e+00  +0.000000e+00  +0.000000e+00  +0.000000e+00  +0.000000e+00  +0.000000e+00  +0.000000e+00  +0.000000e+00  +0.000000e+00  +0.000000e+00  +0.000000e+00  +1.121895e-318  +9.550108e-262  +8.165212e-203  +9.697423e-155  +1.599496e-117  +3.663937e-91  +1.165603e-75  +5.197578e-71  +1.414555e-58  +1.149180e-43  +1.297133e-39  +1.427937e-41  +5.662158e-51  +3.118165e-71  +2.506428e-102  +6.799292e-139  +2.385503e-182  +3.693673e-225  +3.514906e-260  +4.645703e-306  +0.000000e+00 
+0.000000e+00  +0.000000e+00  +0.000000e+00  +0.000000e+00  +0.000000e+00  +0.000000e+00  +0.000000e+00  +1.467869e-320  +5.350915e-315  +2.708962e-320  +0.000000e+00  +5.325628e-266  +9.574465e-213  +5.204952e-170  +3.342515e-122  +5.513155e-85  +1.262888e-58  +4.017610e-43  +1.800822e-38  +1.318376e-34  +1.474512e-21  +1.665608e-17  +5.997185e-19  +2.377923e-28  +1.775480e-48  +2.241161e-73  +5.941410e-106  +2.892615e-141  +4.974591e-168  +4.734401e-203  +6.258081e-249  +1.150729e-305 
+0.000000e+00  +0.000000e+00  +0.000000e+00  +0.000000e+00  +0.000000e+00  +1.381396e-287  +2.610738e-260  +6.852457e-244  +2.497856e-238  +1.264522e-243  +1.853855e-258  +3.617024e-224  +6.313650e-171  +1.575989e-128  +5.466413e-97  +2.639096e-63  +6.045329e-37  +1.923192e-21  +8.690213e-17  +3.468301e-17  +3.146309e-10  +3.011889e-06  +3.543735e-07  +4.833393e-16  +1.433292e-29  +3.160574e-51  +4.349355e-75  +1.357968e-97  +9.306963e-122  +8.862475e-157  +1.189400e-202  +5.516498e-255 
+0.000000e+00  +0.000000e+00  +0.000000e+00  +6.716126e-309  +6.580943e-260  +8.955612e-222  +1.692546e-194  +4.442460e-178  +1.619364e-172  +8.197925e-178  +8.492312e-190  +1.160665e-190  +1.111995e-139  +1.454474e-97  +5.003751e-66  +2.409501e-45  +4.018952e-26  +1.278544e-10  +5.854132e-06  +2.677541e-07  +1.150587e-04  +7.557801e-05  +8.259371e-05  +1.779197e-07  +1.298974e-17  +1.264526e-30  +7.151451e-49  +3.531510e-62  +2.428673e-86  +2.632037e-121  +7.475828e-162  +2.718821e-212 
+0.000000e+00  +0.000000e+00  +8.570433e-314  +6.046917e-254  +5.925204e-205  +8.063256e-167  +1.523897e-139  +3.999804e-123  +1.458007e-117  +7.381574e-123  +5.758501e-132  +5.534474e-133  +2.397583e-116  +5.368152e-76  +7.919683e-46  +3.070261e-25  +2.049113e-15  +4.665570e-09  +2.440282e-05  +3.865895e-06  +6.075190e-06  +6.301283e-07  +1.351741e-04  +9.284287e-05  +7.091296e-08  +1.252431e-19  +2.596943e-24  +1.309795e-37  +2.017163e-61  +1.954090e-90  +5.118099e-130  +2.339742e-180 
+0.000000e+00  +0.000000e+00  +1.071657e-269  +7.561138e-210  +7.408945e-161  +1.008239e-122  +1.905499e-95  +5.001403e-79  +1.823110e-73  +9.284819e-79  +5.432517e-85  +5.222322e-86  +2.844728e-81  +1.532933e-60  +9.718702e-34  +4.591455e-15  +3.853142e-06  +8.868671e-06  +7.062661e-05  +2.241472e-06  +5.869781e-05  +8.081075e-05  +7.966193e-05  +7.313809e-05  +3.147031e-06  +4.637659e-08  +1.527229e-10  +8.389553e-23  +9.852577e-41  +2.114592e-69  +9.540191e-107  +4.868661e-154 
+0.000000e+00  +3.663141e-307  +1.861002e-236  +1.313041e-176  +1.286612e-127  +1.750873e-89  +3.309023e-62  +8.685262e-46  +3.165949e-40  +2.433848e-45  +7.118945e-49  +6.843864e-50  +1.830332e-46  +5.425550e-36  +3.576114e-22  +6.155724e-13  +2.133815e-05  +1.366073e-04  +1.159996e-04  +6.353213e-05  +9.392751e-05  +2.460820e-05  +1.955993e-04  +2.089501e-04  +9.210349e-05  +1.484003e-04  +1.035909e-05  +1.029229e-12  +1.377832e-28  +3.629738e-54  +1.340619e-90  +6.876659e-138 
+0.000000e+00  +8.846391e-285  +4.488239e-214  +3.166703e-154  +3.102962e-105  +4.222636e-67  +7.980477e-40  +2.094652e-23  +7.635429e-18  +1.768597e-21  +1.295621e-23  +1.251069e-24  +1.644294e-22  +2.505680e-19  +3.795655e-10  +2.132784e-05  +1.710309e-04  +1.370949e-04  +1.024867e-04  +4.328134e-04  +1.821989e-04  +9.307522e-05  +2.411507e-04  +2.225368e-04  +8.422510e-06  +5.729826e-05  +1.046311e-04  +1.403787e-08  +2.930769e-23  +2.963738e-48  +6.673595e-83  +4.567014e-114 
+1.296673e-293  +5.223682e-247  +4.326496e-190  +2.920899e-140  +1.074407e-93  +1.414340e-55  +2.672981e-28  +7.015828e-12  +2.557657e-06  +5.002148e-08  +3.274764e-09  +5.341761e-10  +2.060970e-09  +6.552968e-08  +2.392657e-05  +2.064491e-04  +1.076774e-04  +1.556489e-04  +3.838564e-05  +1.353971e-04  +9.373720e-05  +2.378475e-04  +1.973846e-05  +1.049976e-04  +1.252760e-04  +2.442659e-04  +8.734763e-05  +5.786768e-07  +5.710036e-18  +3.468566e-36  +5.407034e-56  +2.942093e-84 
+2.622260e-239  +1.055931e-192  +5.905183e-157  +3.538314e-114  +1.317649e-75  +1.016988e-46  +3.656920e-23  +2.290846e-10  +1.252497e-05  +2.444039e-05  +1.983645e-05  +1.220273e-04  +8.797600e-05  +2.028806e-04  +1.704131e-04  +1.075650e-04  +1.227894e-04  +2.419769e-04  +1.474633e-04  +9.333860e-05  +2.901558e-04  +1.681604e-04  +1.636479e-04  +2.918859e-04  +1.480004e-04  +1.770210e-04  +1.078603e-04  +1.080183e-04  +4.900159e-10  +1.235939e-19  +4.836139e-37  +2.632405e-65 
+7.364763e-196  +2.965641e-149  +1.658503e-113  +1.288108e-88  +5.581261e-60  +2.886501e-32  +2.146135e-15  +9.520966e-07  +4.976656e-05  +1.942643e-04  +1.198254e-06  +1.500710e-04  +2.142341e-04  +1.668212e-04  +7.065701e-05  +6.214824e-05  +8.524356e-05  +1.560844e-04  +2.014070e-05  +5.294128e-05  +1.222524e-04  +8.922165e-05  +7.457577e-05  +2.992011e-06  +4.942209e-05  +1.141732e-04  +1.386835e-04  +5.965600e-05  +5.479735e-05  +1.533309e-11  +6.009848e-29  +3.271605e-57 
+2.879688e-163  +1.156752e-116  +6.469004e-81  +5.024272e-56  +5.419348e-42  +1.706282e-27  +1.230968e-10  +1.382342e-04  +2.389330e-04  +5.003296e-04  +2.250407e-04  +1.408198e-04  +1.680553e-04  +8.397757e-05  +1.830409e-04  +1.504935e-04  +9.619948e-05  +2.069180e-04  +1.181033e-08  +2.620678e-05  +1.206323e-05  +3.030082e-06  +4.784274e-05  +5.992011e-05  +3.531296e-04  +6.492776e-05  +2.494827e-05  +2.101391e-04  +1.839741e-04  +8.783431e-11  +8.137218e-28  +1.074670e-55 
+1.085759e-137  +2.666619e-94  +3.509585e-59  +2.721651e-34  +2.935661e-20  +1.793021e-16  +2.865720e-10  +1.183400e-04  +4.376171e-04  +1.510483e-04  +1.664050e-04  +3.583072e-04  +1.515382e-04  +6.807626e-05  +1.197364e-04  +1.785041e-04  +1.501600e-04  +2.202574e-04  +1.149795e-06  +9.776739e-05  +1.647700e-04  +3.094486e-04  +3.013618e-04  +1.442120e-04  +1.277638e-05  +2.404822e-04  +7.073485e-05  +1.054376e-04  +1.009918e-07  +1.087707e-15  +2.693688e-33  +2.921543e-61 
+2.319462e-120  +4.358608e-77  +1.137750e-44  +6.170234e-23  +2.210603e-09  +3.794556e-06  +9.953484e-06  +2.698850e-04  +3.671445e-04  +3.565198e-04  +1.738587e-04  +3.093398e-04  +3.541327e-04  +1.702773e-04  +1.175436e-04  +5.974406e-05  +7.776451e-05  +6.971998e-05  +2.401572e-05  +1.061138e-04  +4.467645e-05  +1.805213e-04  +5.347695e-05  +1.957364e-04  +1.476750e-04  +9.571367e-05  +7.397701e-05  +1.200342e-04  +5.217288e-07  +1.485389e-18  +5.873227e-41  +3.228247e-74 
+6.882421e-114  +1.293307e-70  +3.375206e-38  +1.223311e-16  +6.160764e-06  +8.181036e-05  +3.200079e-04  +1.802421e-04  +4.425168e-04  +5.067148e-04  +3.166556e-04  +1.671370e-04  +2.771483e-04  +3.030287e-04  +1.994559e-04  +2.054561e-04  +3.646240e-04  +4.047552e-05  +2.808319e-04  +8.436441e-05  +3.765587e-05  +2.101380e-04  +1.551251e-04  +6.913288e-05  +7.230293e-05  +9.750621e-05  +1.732550e-05  +1.641936e-04  +1.721893e-07  +8.722258e-20  +4.045674e-42  +3.029944e-75 
+2.836176e-118  +5.329589e-75  +1.390982e-42  +5.552989e-21  +3.928932e-08  +5.676971e-05  +6.862549e-05  +4.271491e-04  +2.022721e-04  +4.038780e-04  +2.832996e-04  +3.669225e-04  +2.857859e-04  +2.860999e-04  +1.644191e-04  +2.018058e-04  +8.719482e-05  +8.546374e-06  +1.913380e-04  +2.101841e-04  +4.508256e-05  +1.673497e-05  +2.303118e-04  +2.930520e-05  +6.385031e-05  +4.292185e-07  +1.086638e-06  +1.068114e-04  +1.342623e-06  +4.380397e-18  +2.681598e-40  +2.333209e-73 
+1.624657e-133  +7.228665e-90  +1.627885e-54  +8.799162e-30  +1.479820e-15  +1.028897e-05  +1.214472e-04  +4.886604e-04  +1.967318e-04  +4.715803e-04  +3.396904e-04  +1.247408e-04  +2.844833e-04  +2.821342e-04  +2.933600e-04  +3.303754e-04  +2.171028e-04  +1.160082e-04  +2.602845e-04  +2.083559e-04  +9.696094e-05  +1.314469e-04  +3.721071e-05  +2.075238e-05  +7.967160e-05  +2.444233e-06  +1.037540e-05  +1.412178e-04  +1.407157e-07  +2.832234e-21  +1.070729e-45  +1.445003e-80 
+3.570677e-155  +1.001124e-108  +3.912149e-73  +9.463519e-44  +3.503007e-21  +2.496264e-08  +8.575054e-05  +1.013582e-04  +4.388532e-04  +5.118001e-04  +1.783769e-04  +2.258912e-04  +2.992218e-04  +5.186711e-04  +2.325563e-04  +5.747157e-05  +8.911747e-05  +5.985302e-05  +2.804404e-05  +2.520304e-06  +7.420235e-05  +1.476585e-04  +1.820530e-04  +7.438944e-05  +1.485764e-08  +9.363409e-05  +4.875292e-05  +1.361475e-05  +3.059990e-12  +7.246667e-26  +2.489968e-50  +1.189885e-85 
+1.188078e-184  +2.462208e-135  +5.557579e-90  +2.079941e-55  +1.081731e-31  +6.916993e-17  +2.282583e-09  +3.077877e-05  +1.477124e-04  +2.274720e-04  +6.354877e-05  +1.097711e-04  +1.335991e-04  +1.185622e-04  +1.060964e-04  +1.113607e-05  +1.004924e-12  +3.629159e-13  +1.776440e-14  +1.779110e-14  +1.345341e-07  +1.141551e-07  +8.312598e-08  +6.043873e-05  +7.669223e-09  +5.735988e-12  +1.567901e-12  +7.509859e-15  +6.514209e-23  +3.681247e-41  +9.967435e-66  +4.765822e-101 
+4.656227e-213  +9.037824e-157  +2.436316e-111  +9.127862e-77  +1.192039e-50  +2.842868e-32  +3.012394e-21  +4.135306e-11  +3.470691e-05  +1.602143e-04  +2.651748e-05  +4.276275e-05  +4.282423e-05  +2.002359e-06  +1.651578e-06  +1.130763e-04  +3.711315e-11  +1.701549e-28  +1.708545e-34  +6.445145e-28  +1.374861e-20  +6.865377e-20  +2.183511e-14  +1.579224e-11  +2.867405e-19  +4.886343e-30  +7.320355e-31  +5.821437e-35  +5.056021e-43  +6.100916e-62  +1.576944e-91  +2.651605e-127 
+2.835703e-245  +5.504178e-189  +1.486958e-143  +3.981418e-106  +6.854736e-77  +2.534777e-58  +2.229154e-37  +2.303669e-20  +1.036863e-10  +2.265607e-09  +3.017487e-05  +7.745404e-07  +1.040324e-13  +1.556896e-15  +7.732073e-14  +1.796221e-09  +5.930381e-16  +2.719214e-33  +1.731807e-61  +3.285164e-52  +8.282192e-44  +5.918290e-43  +8.374621e-32  +6.056927e-29  +6.084133e-37  +1.299020e-54  +4.746952e-60  +6.348125e-66  +5.450069e-74  +6.576381e-93  +1.102072e-122  +2.769788e-163 
+2.398431e-288  +4.684149e-232  +2.569163e-183  +3.187871e-143  +5.496716e-114  +3.462273e-85  +3.012038e-57  +1.267492e-37  +1.611555e-25  +1.037339e-20  +1.816616e-11  +5.005621e-13  +1.915621e-25  +2.332960e-35  +1.677257e-29  +3.987344e-25  +1.316456e-31  +6.036250e-49  +3.843845e-77  +2.341676e-87  +9.644236e-78  +8.572767e-74  +4.460801e-60  +3.226265e-57  +3.240599e-65  +4.524431e-84  +4.275116e-100  +1.617033e-107  +8.158927e-116  +9.845052e-135  +1.649837e-164  +3.839741e-205 
+0.000000e+00  +3.199467e-282  +2.859478e-231  +3.549834e-191  +1.165181e-154  +7.616233e-116  +3.041613e-86  +2.728704e-63  +3.479988e-51  +9.049294e-38  +1.795444e-28  +4.947287e-30  +1.893217e-42  +1.491729e-65  +5.170836e-56  +1.229265e-51  +4.058526e-58  +1.860926e-75  +1.185025e-103  +2.586122e-133  +1.597758e-122  +6.336498e-113  +3.299883e-99  +2.386634e-96  +2.397237e-104  +3.344060e-123  +5.413162e-151  +8.674632e-159  +1.696298e-168  +2.046855e-187  +3.430125e-217  +7.983088e-258 
+0.000000e+00  +0.000000e+00  +4.422135e-290  +7.810694e-246  +3.715750e-196  +1.594094e-156  +8.911353e-123  +8.183269e-100  +8.798817e-86  +1.242114e-65  +2.464444e-56  +6.790695e-58  +2.598648e-70  +1.381080e-93  +2.213913e-93  +5.263145e-89  +1.737673e-95  +7.967623e-113  +5.073731e-141  +4.487082e-180  +3.681477e-178  +6.509880e-163  +3.390176e-149  +2.451938e-146  +2.462831e-154  +3.435561e-173  +6.655783e-203  +1.473374e-220  +4.897890e-232  +5.910089e-251  +9.904144e-281  +2.307287e-321 
+0.000000e+00  +0.000000e+00  +0.000000e+00  +3.496616e-298  +2.848399e-248  +5.613160e-204  +3.711521e-170  +3.408280e-147  +1.657399e-124  +2.367808e-104  +4.697902e-95  +1.294492e-96  +4.953732e-109  +2.632714e-132  +1.316432e-141  +3.129559e-137  +1.033251e-143  +4.737689e-161  +3.016930e-189  +2.668098e-228  +1.178419e-244  +9.288265e-224  +4.837086e-210  +3.498412e-207  +3.513955e-215  +4.901842e-234  +9.496429e-264  +3.552787e-293  +1.964064e-306  +0.000000e+00  +0.000000e+00  +0.000000e+00 
+0.000000e+00  +0.000000e+00  +0.000000e+00  +0.000000e+00  +6.819494e-307  +3.246781e-262  +2.146833e-228  +6.236918e-205  +4.387833e-174  +6.268585e-154  +1.243732e-144  +3.427064e-146  +1.311461e-158  +6.969903e-182  +1.087111e-200  +2.584394e-196  +8.532602e-203  +3.912391e-220  +2.491385e-248  +2.203319e-287  +4.960419e-320  +1.840493e-295  +9.584807e-282  +6.932192e-279  +6.962989e-287  +9.713121e-306  +0.000000e+00  +0.000000e+00  +0.000000e+00  +0.000000e+00  +0.000000e+00  +0.000000e+00 
+0.000000e+00  +0.000000e+00  +0.000000e+00  +0.000000e+00  +0.000000e+00  +0.000000e+00  +1.724577e-297  +1.568302e-265  +1.613285e-234  +2.304785e-214  +4.572859e-205  +1.260037e-206  +4.821880e-219  +2.562640e-242  +1.246775e-270  +2.963960e-266  +9.785773e-273  +4.486998e-290  +2.857290e-318  +0.000000e+00  +0.000000e+00  +0.000000e+00  +0.000000e+00  +0.000000e+00  +0.000000e+00  +0.000000e+00  +0.000000e+00  +0.000000e+00  +0.000000e+00  +0.000000e+00  +0.000000e+00  +0.000000e+00 
+0.000000e+00  +0.000000e+00  +0.000000e+00  +0.000000e+00  +0.000000e+00  +0.000000e+00  +0.000000e+00  +0.000000e+00  +8.237775e-306  +1.176872e-285  +2.334999e-276  +6.434015e-278  +2.462155e-290  +1.308539e-313  +0.000000e+00  +0.000000e+00  +0.000000e+00  +0.000000e+00  +0.000000e+00  +0.000000e+00  +0.000000e+00  +0.000000e+00  +0.000000e+00  +0.000000e+00  +0.000000e+00  +0.000000e+00  +0.000000e+00  +0.000000e+00  +0.000000e+00  +0.000000e+00  +0.000000e+00  +0.000000e+00 
+0.000000e+00  +0.000000e+00  +0.000000e+00  +0.000000e+00  +0.000000e+00  +0.000000e+00  +0.000000e+00  +0.000000e+00  +0.000000e+00  +0.000000e+00  +0.000000e+00  +0.000000e+00  +0.000000e+00  +0.000000e+00  +0.000000e+00  +0.000000e+00  +0.000000e+00  +0.000000e+00  +0.000000e+00  +0.000000e+00  +0.000000e+00  +0.000000e+00  +0.000000e+00  +0.000000e+00  +0.000000e+00  +0.000000e+00  +0.000000e+00  +0.000000e+00  +0.000000e+00  +0.000000e+00  +0.000000e+00  +0.000000e+00 
