+0.000000e+00  +0.000000e+00  +0.000000e+00  +0.000000e+00  +0.000000e+00  +0.000000e+00  +9.881313e-324  +8.273808e-269  +8.255073e-225  +1.051148e-183  +1.058181e-144  +1.477258e-115  +1.311084e-92  +1.795847e-80  +3.416223e-79  +9.025463e-89  +1.176419e-103  +2.214758e-124  +6.896684e-150  +5.898805e-186  +3.026155e-229  +1.475942e-275  +3.972782e-320  +4.376603e-317  +0.000000e+00  +0.000000e+00  +0.000000e+00  +0.000000e+00  +0.000000e+00  +0.000000e+00  +0.000000e+00  +0.000000e+00 
+0.000000e+00  +0.000000e+00  +0.000000e+00  +0.000000e+00  +0.000000e+00  +0.000000e+00  +1.061445e-271  +7.625616e-217  +7.608348e-173  +1.054266e-139  +2.267487e-106  +3.175397e-78  +5.242795e-58  +7.172847e-46  +1.364484e-44  +3.913460e-54  +2.069412e-65  +4.953598e-83  +3.049404e-108  +8.915134e-142  +2.385866e-180  +1.071029e-215  +2.992739e-243  +3.567619e-240  +5.911412e-248  +1.907338e-266  +3.733749e-284  +1.075503e-307  +0.000000e+00  +0.000000e+00  +0.000000e+00  +0.000000e+00 
+0.000000e+00  +0.000000e+00  +0.000000e+00  +0.000000e+00  +2.610842e-317  +3.424711e-277  +1.358641e-230  +9.760731e-176  +9.738629e-132  +1.349433e-98  +2.633194e-76  +9.434134e-51  +2.122228e-33  +3.978845e-22  +7.568826e-21  +7.556079e-28  +1.190721e-37  +3.040621e-52  +5.513204e-76  +6.208435e-104  +7.329056e-132  +1.080001e-166  +3.388603e-177  +4.038850e-174  +6.692225e-182  +2.386649e-198  +8.333434e-214  +2.403998e-237  +1.438554e-271  +1.381186e-307  +0.000000e+00  +0.000000e+00 
+0.000000e+00  +0.000000e+00  +0.000000e+00  +4.835444e-305  +4.567113e-254  +5.990804e-214  +1.091358e-184  +1.735113e-145  +1.731184e-101  +2.398814e-68  +4.616681e-46  +3.686500e-33  +7.570904e-17  +3.269282e-09  +5.832361e-08  +2.557321e-11  +5.849444e-18  +1.136645e-31  +4.519367e-49  +9.673278e-70  +1.026382e-93  +4.864149e-119  +5.328747e-122  +6.350018e-119  +1.052194e-126  +1.547333e-140  +2.586854e-154  +7.462760e-178  +1.799666e-207  +5.228484e-243  +2.109622e-289  +0.000000e+00 
+0.000000e+00  +0.000000e+00  +1.727301e-314  +1.174723e-252  +1.109534e-201  +1.455406e-161  +2.651340e-132  +6.999971e-112  +4.273941e-82  +5.922157e-49  +1.139657e-26  +3.254121e-15  +3.802718e-09  +1.176240e-04  +1.839108e-04  +3.375748e-05  +1.430639e-08  +6.492507e-16  +2.521600e-29  +1.881352e-42  +2.048092e-66  +1.273211e-74  +1.163879e-77  +1.386533e-74  +2.313436e-82  +6.556496e-93  +1.115245e-105  +7.739965e-129  +9.461205e-154  +2.748764e-189  +1.109089e-235  +6.214887e-293 
+0.000000e+00  +0.000000e+00  +5.827805e-273  +3.963441e-211  +3.743500e-160  +4.910449e-120  +8.945456e-91  +2.263685e-72  +5.622190e-55  +1.714303e-39  +3.910342e-18  +1.048583e-06  +2.872323e-04  +8.141403e-05  +5.112238e-05  +1.224108e-04  +2.071356e-04  +2.366911e-08  +6.651319e-13  +6.591607e-26  +3.080887e-44  +4.628409e-41  +3.552700e-44  +4.204589e-41  +2.552043e-48  +3.228327e-55  +6.677608e-68  +3.302141e-86  +6.907901e-111  +2.006952e-146  +8.097780e-193  +4.537669e-250 
+0.000000e+00  +5.576356e-315  +2.730738e-242  +1.857152e-180  +1.754094e-129  +2.300892e-89  +4.191577e-60  +1.060489e-41  +7.175145e-33  +8.797536e-20  +1.116028e-12  +3.054121e-05  +1.768241e-04  +1.693445e-04  +2.619454e-04  +3.708129e-05  +3.614072e-05  +7.382225e-05  +1.097227e-06  +1.152408e-14  +1.889182e-20  +2.336714e-18  +2.669661e-21  +1.771044e-18  +2.993583e-23  +2.673212e-28  +2.778670e-40  +3.348348e-54  +7.004605e-79  +2.035048e-114  +8.211142e-161  +4.601193e-218 
+0.000000e+00  +3.628803e-295  +1.777022e-222  +1.208538e-160  +1.141473e-109  +1.497301e-69  +2.727661e-40  +6.901048e-22  +2.913080e-14  +1.353178e-08  +2.902200e-06  +3.516376e-05  +1.857077e-05  +3.814665e-04  +2.837059e-04  +1.768067e-04  +1.616714e-04  +1.871226e-04  +1.452240e-05  +5.465136e-08  +1.799807e-07  +1.639169e-06  +9.222937e-08  +1.079190e-06  +6.907765e-09  +3.103941e-12  +3.130494e-19  +4.715265e-33  +9.864138e-58  +2.865828e-93  +1.156324e-139  +6.479751e-197 
+0.000000e+00  +3.279550e-286  +1.605993e-213  +1.092223e-151  +1.031613e-100  +1.353194e-60  +2.465138e-31  +6.236868e-13  +2.320794e-05  +2.527393e-05  +1.067204e-04  +6.914994e-05  +2.496568e-04  +1.264637e-04  +3.189647e-04  +1.231866e-04  +2.627069e-04  +9.540680e-05  +2.764000e-05  +1.247324e-04  +5.518115e-05  +4.222292e-05  +1.226196e-04  +1.230591e-04  +5.911077e-05  +1.776398e-05  +6.122635e-09  +9.230027e-23  +1.970381e-47  +8.499616e-83  +3.050743e-128  +3.840689e-184 
+0.000000e+00  +4.116263e-288  +2.015731e-215  +1.370882e-153  +1.294808e-102  +1.698435e-62  +3.094070e-33  +7.828101e-15  +3.011352e-07  +4.953616e-05  +3.571540e-05  +1.113763e-04  +1.937262e-04  +1.283954e-04  +3.267752e-04  +3.530990e-04  +2.279439e-04  +1.144239e-04  +8.049430e-05  +8.717471e-05  +8.903947e-05  +3.513545e-04  +5.870077e-05  +1.101569e-04  +4.875282e-05  +8.477880e-05  +6.448299e-07  +2.344989e-19  +1.573461e-42  +1.133435e-74  +4.988293e-117  +1.823760e-169 
+0.000000e+00  +7.175132e-301  +3.513657e-228  +2.389609e-166  +2.257004e-115  +2.960572e-75  +5.393329e-46  +1.364843e-27  +1.125120e-16  +5.697163e-13  +4.812429e-07  +8.621748e-05  +9.416016e-05  +2.264411e-04  +1.153727e-04  +1.168219e-04  +4.334952e-06  +2.934268e-05  +1.901949e-05  +1.419005e-04  +2.222334e-04  +1.594441e-04  +1.867464e-04  +4.676075e-05  +5.846738e-05  +3.651218e-04  +1.460316e-05  +3.120516e-15  +1.443944e-34  +2.406687e-64  +5.727600e-105  +1.893953e-156 
+0.000000e+00  +0.000000e+00  +8.505976e-252  +5.784843e-190  +5.463828e-139  +7.167049e-99  +1.305636e-69  +5.295904e-50  +6.084961e-29  +2.388560e-16  +2.849116e-07  +5.080588e-05  +1.753167e-04  +1.447382e-04  +1.909389e-04  +7.270836e-05  +2.083881e-04  +7.872644e-05  +2.157024e-04  +4.492698e-05  +1.399520e-04  +2.112403e-04  +4.912179e-04  +2.001302e-04  +1.566438e-04  +1.283694e-04  +2.180691e-05  +1.902001e-13  +2.347784e-32  +4.025151e-62  +9.583943e-103  +3.169161e-154 
+0.000000e+00  +0.000000e+00  +2.859742e-286  +1.944887e-224  +1.836967e-173  +6.799962e-123  +9.275128e-78  +1.756998e-43  +4.622327e-20  +1.688966e-07  +1.084880e-04  +2.652497e-04  +4.826399e-05  +2.688661e-05  +1.997742e-04  +9.921305e-05  +8.159677e-05  +3.095281e-04  +1.579217e-04  +1.301637e-04  +2.031898e-04  +1.928617e-04  +9.371420e-05  +1.587575e-04  +1.377871e-04  +6.965299e-05  +1.636003e-07  +3.064078e-20  +5.463701e-41  +9.353953e-71  +2.227190e-111  +7.364739e-163 
+0.000000e+00  +0.000000e+00  +0.000000e+00  +1.032843e-247  +7.304188e-181  +7.173769e-125  +9.785000e-80  +1.853589e-45  +4.883808e-22  +3.283313e-09  +4.696275e-05  +1.056094e-04  +1.200877e-04  +1.012553e-04  +1.958318e-05  +9.456081e-05  +1.011110e-04  +1.515554e-04  +1.698873e-06  +1.642476e-04  +1.224052e-04  +2.913411e-04  +2.209092e-04  +1.867104e-04  +2.613590e-05  +8.465788e-09  +1.076361e-15  +8.780708e-29  +4.685039e-45  +7.820766e-70  +1.813107e-105  +5.837614e-152 
+0.000000e+00  +0.000000e+00  +0.000000e+00  +1.513259e-260  +1.070165e-193  +1.051059e-137  +1.495540e-92  +2.544511e-55  +1.467431e-27  +1.258488e-10  +2.153403e-04  +1.469697e-04  +7.165798e-05  +4.316466e-05  +1.733756e-04  +2.852289e-04  +5.283076e-05  +1.068798e-04  +7.619164e-05  +1.478960e-04  +1.162465e-04  +2.001929e-04  +1.379243e-04  +1.574668e-05  +1.437194e-04  +1.468733e-04  +2.969947e-08  +4.087504e-14  +4.913108e-28  +8.201484e-53  +1.901369e-88  +6.121791e-135 
+0.000000e+00  +0.000000e+00  +0.000000e+00  +2.644459e-263  +1.439349e-195  +1.088011e-138  +1.142191e-92  +1.668671e-57  +3.797767e-32  +5.647759e-15  +3.394513e-07  +7.930117e-05  +8.322080e-05  +1.924056e-04  +5.672280e-05  +7.830061e-05  +2.163957e-07  +8.494762e-05  +1.929276e-04  +7.176845e-05  +1.542162e-04  +2.145519e-05  +5.441355e-05  +2.244310e-04  +1.137132e-05  +1.062490e-04  +7.336151e-05  +5.953047e-08  +7.155457e-22  +1.194465e-46  +2.769157e-82  +8.915784e-129 
+0.000000e+00  +0.000000e+00  +0.000000e+00  +1.808313e-252  +9.842444e-185  +7.439954e-128  +7.810468e-82  +1.138800e-46  +2.308232e-22  +6.635850e-09  +1.555424e-04  +2.698358e-04  +6.281989e-05  +1.332064e-04  +1.849393e-04  +2.126356e-04  +7.831262e-05  +1.268361e-05  +7.780094e-05  +1.324040e-04  +1.294742e-04  +1.795963e-04  +1.848841e-04  +3.798961e-08  +1.039007e-13  +6.577375e-09  +8.917191e-07  +1.205811e-12  +1.447293e-26  +2.415975e-51  +5.601013e-87  +1.803344e-133 
+0.000000e+00  +0.000000e+00  +0.000000e+00  +1.717310e-252  +9.347123e-185  +7.065576e-128  +7.418096e-82  +1.083150e-46  +2.247395e-22  +8.830291e-09  +2.171718e-05  +1.348865e-04  +9.344790e-05  +1.248530e-04  +2.966351e-04  +2.128882e-04  +1.876091e-04  +5.289731e-06  +1.023588e-04  +1.217670e-04  +7.876507e-05  +1.328703e-04  +1.496794e-04  +3.735947e-09  +2.471523e-24  +2.228860e-20  +3.106000e-18  +6.349392e-27  +4.065656e-42  +6.786557e-67  +1.573343e-102  +5.065654e-149 
+0.000000e+00  +0.000000e+00  +3.033076e-305  +3.024486e-235  +4.673935e-176  +1.033036e-127  +2.894798e-84  +3.899359e-50  +7.349465e-27  +8.122701e-13  +6.612141e-07  +1.578837e-05  +1.748619e-04  +1.307389e-04  +3.249650e-04  +1.362036e-04  +2.100410e-04  +6.917068e-05  +1.525940e-04  +1.383092e-04  +8.436694e-05  +5.561221e-05  +4.372275e-08  +1.196894e-12  +7.949534e-28  +1.079872e-42  +1.504843e-40  +2.912392e-49  +2.368804e-68  +2.647554e-93  +6.137881e-129  +1.976198e-175 
+0.000000e+00  +0.000000e+00  +2.046785e-261  +7.311806e-208  +3.342667e-152  +2.702588e-104  +8.047568e-67  +3.341614e-40  +1.890353e-19  +4.913902e-07  +7.212899e-05  +6.611046e-05  +3.397586e-04  +1.711050e-04  +2.883256e-04  +4.538952e-04  +1.193200e-04  +4.452054e-05  +1.423152e-04  +1.469646e-04  +1.190654e-07  +8.234062e-10  +2.032504e-20  +5.348027e-27  +3.551920e-42  +3.276391e-68  +1.012555e-73  +1.959636e-82  +5.267942e-102  +1.454084e-130  +3.325457e-166  +1.070689e-212 
+0.000000e+00  +1.054186e-284  +1.270520e-220  +2.126589e-167  +4.944827e-125  +8.278750e-87  +7.420401e-53  +1.263751e-27  +7.158802e-12  +7.875447e-07  +6.467410e-05  +3.260426e-04  +3.405442e-04  +4.207123e-04  +5.132272e-04  +2.797114e-04  +2.389904e-04  +3.460287e-05  +9.168076e-06  +2.199133e-04  +3.421765e-09  +2.012320e-23  +2.912876e-35  +3.319007e-52  +2.204056e-67  +2.033083e-93  +9.462028e-118  +1.831222e-126  +4.921933e-146  +1.848044e-176  +2.503153e-214  +8.056273e-261 
+0.000000e+00  +9.087919e-255  +1.095289e-190  +1.833289e-137  +4.261583e-95  +1.375780e-63  +1.001488e-39  +9.436553e-20  +1.259892e-07  +4.843542e-05  +7.686631e-05  +1.975631e-04  +2.691213e-04  +2.607037e-04  +1.793978e-04  +1.575283e-04  +2.052804e-04  +2.649207e-05  +3.631616e-08  +8.981123e-11  +2.000278e-15  +7.398084e-31  +3.832987e-57  +2.022712e-82  +1.899415e-103  +1.752074e-129  +2.244519e-166  +2.376536e-181  +6.387621e-201  +2.384361e-231  +1.497544e-272  +8.418879e-320 
+1.253786e-310  +1.088052e-235  +1.311336e-171  +2.194907e-118  +5.102184e-76  +1.647154e-44  +7.384997e-24  +1.398059e-13  +4.808387e-05  +1.678213e-04  +1.065415e-04  +2.594432e-04  +3.081850e-04  +2.947924e-04  +3.716597e-04  +2.657392e-04  +6.923443e-05  +1.031728e-04  +7.374541e-09  +1.327430e-23  +1.775848e-32  +6.611086e-48  +3.424772e-74  +2.464132e-111  +2.544653e-150  +2.096949e-176  +2.686324e-213  +4.283373e-247  +1.151279e-266  +4.297474e-297  +0.000000e+00  +0.000000e+00 
+2.084714e-302  +1.809143e-227  +2.180404e-163  +3.649549e-110  +8.483582e-68  +2.738784e-36  +1.228045e-15  +7.714797e-06  +8.833264e-05  +1.705707e-04  +3.136020e-04  +3.915285e-04  +3.083848e-04  +3.181978e-04  +2.338500e-04  +1.635793e-04  +2.478196e-05  +5.741156e-11  +3.066768e-15  +3.000837e-30  +4.078189e-56  +8.206514e-76  +4.251535e-102  +3.058998e-139  +3.056686e-187  +3.485468e-234  +4.465104e-271  +7.944131e-319  +0.000000e+00  +0.000000e+00  +0.000000e+00  +0.000000e+00 
+4.814017e-305  +4.177667e-230  +5.034984e-166  +8.427530e-113  +1.959048e-70  +6.334584e-39  +3.658546e-18  +1.062665e-06  +1.544938e-04  +1.656353e-04  +1.770039e-04  +1.010150e-04  +3.853840e-04  +4.046504e-04  +9.187152e-05  +4.317695e-05  +7.703849e-05  +5.819645e-08  +7.690697e-22  +1.591085e-46  +2.439061e-73  +4.603342e-110  +7.329911e-141  +5.273906e-178  +5.269921e-226  +7.313307e-285  +0.000000e+00  +0.000000e+00  +0.000000e+00  +0.000000e+00  +0.000000e+00  +0.000000e+00 
+4.351202e-318  +3.552114e-241  +6.195059e-175  +1.506134e-119  +5.085805e-75  +2.386638e-41  +1.566631e-18  +1.543331e-06  +4.842387e-05  +1.244452e-04  +1.520364e-04  +2.979110e-04  +2.940286e-04  +1.552587e-04  +1.823119e-04  +9.045410e-05  +2.048451e-05  +4.912863e-12  +2.053056e-28  +3.280203e-53  +8.361010e-89  +2.963753e-135  +1.002217e-185  +1.262768e-227  +1.261814e-275  +0.000000e+00  +0.000000e+00  +0.000000e+00  +0.000000e+00  +0.000000e+00  +0.000000e+00  +0.000000e+00 
+4.940656e-324  +4.445993e-247  +7.787120e-181  +1.906836e-125  +7.090390e-81  +7.663338e-47  +4.508348e-23  +5.553312e-10  +9.994406e-08  +1.645934e-07  +1.368707e-04  +9.158140e-05  +2.836059e-05  +5.440329e-05  +3.488471e-04  +2.177341e-04  +3.716458e-07  +2.174657e-17  +1.068142e-37  +1.912400e-67  +4.624567e-106  +9.554512e-153  +4.696146e-210  +3.206607e-278  +0.000000e+00  +0.000000e+00  +0.000000e+00  +0.000000e+00  +0.000000e+00  +0.000000e+00  +0.000000e+00  +0.000000e+00 
+0.000000e+00  +9.350954e-264  +5.317436e-197  +1.399022e-140  +6.556080e-95  +4.355595e-60  +4.024641e-36  +5.165233e-23  +9.469121e-21  +9.138655e-16  +1.065450e-07  +3.716794e-05  +1.941484e-06  +1.093267e-04  +2.688928e-04  +1.641014e-04  +5.116917e-07  +2.352192e-19  +1.505394e-42  +1.338038e-76  +1.659165e-121  +1.653491e-176  +9.330202e-238  +1.439092e-306  +0.000000e+00  +0.000000e+00  +0.000000e+00  +0.000000e+00  +0.000000e+00  +0.000000e+00  +0.000000e+00  +0.000000e+00 
+0.000000e+00  +2.067355e-288  +5.131261e-221  +1.770160e-164  +8.481311e-119  +5.643559e-84  +5.215323e-60  +6.693408e-47  +1.274054e-44  +5.787126e-29  +1.197890e-20  +1.816344e-13  +2.939859e-12  +8.788615e-07  +1.277293e-04  +3.082709e-09  +1.324398e-14  +6.074740e-27  +3.887808e-50  +3.455577e-84  +4.265544e-129  +7.312504e-185  +1.740988e-251  +0.000000e+00  +0.000000e+00  +0.000000e+00  +0.000000e+00  +0.000000e+00  +0.000000e+00  +0.000000e+00  +0.000000e+00  +0.000000e+00 
+0.000000e+00  +3.952525e-323  +9.234044e-256  +3.185710e-199  +1.526365e-153  +1.015661e-118  +9.385920e-95  +1.204600e-81  +6.115686e-72  +5.171577e-53  +3.773363e-40  +1.322539e-32  +5.723638e-25  +1.192988e-12  +6.493170e-11  +1.140333e-17  +9.666933e-33  +2.178817e-45  +1.394432e-68  +1.239405e-102  +1.529914e-147  +2.622761e-203  +6.244366e-270  +0.000000e+00  +0.000000e+00  +0.000000e+00  +0.000000e+00  +0.000000e+00  +0.000000e+00  +0.000000e+00  +0.000000e+00  +0.000000e+00 
+0.000000e+00  +0.000000e+00  +2.307945e-301  +7.962324e-245  +3.814978e-199  +2.538530e-164  +2.345905e-140  +3.010763e-127  +7.590031e-107  +7.930538e-88  +3.816517e-70  +1.345575e-62  +9.190233e-42  +3.289637e-29  +1.640056e-27  +1.064163e-35  +2.661852e-52  +1.085556e-74  +6.945889e-98  +6.173674e-132  +7.620746e-177  +1.306439e-232  +3.110419e-299  +0.000000e+00  +0.000000e+00  +0.000000e+00  +0.000000e+00  +0.000000e+00  +0.000000e+00  +0.000000e+00  +0.000000e+00  +0.000000e+00 
+0.000000e+00  +0.000000e+00  +0.000000e+00  +2.763830e-301  +1.324231e-255  +8.811581e-221  +8.142954e-197  +2.253037e-182  +1.308219e-152  +2.124350e-129  +5.361063e-111  +1.365548e-92  +3.519573e-69  +1.259827e-56  +6.263371e-55  +5.432200e-64  +3.105271e-81  +1.205000e-108  +4.805033e-138  +4.270829e-172  +5.271885e-217  +9.037695e-273  +0.000000e+00  +0.000000e+00  +0.000000e+00  +0.000000e+00  +0.000000e+00  +0.000000e+00  +0.000000e+00  +0.000000e+00  +0.000000e+00  +0.000000e+00 
