+0.000000e+00  +0.000000e+00  +0.000000e+00  +0.000000e+00  +0.000000e+00  +0.000000e+00  +0.000000e+00  +0.000000e+00  +0.000000e+00  +0.000000e+00  +0.000000e+00  +0.000000e+00  +0.000000e+00  +0.000000e+00  +0.000000e+00  +0.000000e+00  +0.000000e+00  +0.000000e+00  +0.000000e+00  +0.000000e+00  +0.000000e+00  +0.000000e+00  +0.000000e+00  +0.000000e+00  +0.000000e+00  +0.000000e+00  +0.000000e+00  +0.000000e+00  +0.000000e+00  +0.000000e+00  +0.000000e+00  +0.000000e+00 
+0.000000e+00  +0.000000e+00  +0.000000e+00  +0.000000e+00  +0.000000e+00  +0.000000e+00  +4.425771e-318  +1.806212e-311  +2.607247e-289  +3.937269e-273  +8.257452e-268  +2.405123e-273  +8.871396e-287  +3.272175e-295  +1.678015e-314  +0.000000e+00  +0.000000e+00  +0.000000e+00  +0.000000e+00  +1.112680e-316  +5.511154e-319  +0.000000e+00  +0.000000e+00  +0.000000e+00  +0.000000e+00  +0.000000e+00  +0.000000e+00  +0.000000e+00  +0.000000e+00  +0.000000e+00  +0.000000e+00  +0.000000e+00 
+0.000000e+00  +0.000000e+00  +0.000000e+00  +1.220068e-309  +8.108008e-281  +4.812270e-259  +6.898021e-242  +2.815131e-235  +3.869006e-219  +5.842684e-203  +1.225360e-197  +3.569249e-203  +5.473250e-214  +2.020996e-222  +1.036394e-241  +3.947188e-254  +1.493860e-256  +8.332414e-268  +2.119598e-248  +7.559374e-240  +3.744176e-242  +2.575518e-255  +5.725493e-278  +6.164402e-281  +9.631253e-295  +2.285854e-310  +3.260833e-322  +0.000000e+00  +0.000000e+00  +0.000000e+00  +0.000000e+00  +0.000000e+00 
+0.000000e+00  +0.000000e+00  +5.997057e-280  +6.183938e-241  +9.791496e-213  +3.678434e-192  +1.493150e-176  +6.093572e-170  +7.973604e-160  +1.204114e-143  +2.525346e-138  +7.359788e-144  +4.694735e-152  +1.733534e-160  +8.889795e-180  +5.194640e-186  +1.965973e-188  +1.812103e-201  +1.999894e-182  +7.132459e-174  +3.532724e-176  +2.430066e-189  +2.080572e-206  +2.340650e-209  +3.657029e-223  +1.446527e-234  +2.051508e-246  +4.040712e-269  +1.105301e-302  +0.000000e+00  +0.000000e+00  +0.000000e+00 
+0.000000e+00  +5.686559e-272  +4.222175e-222  +4.353724e-183  +6.253929e-155  +7.533056e-136  +4.492569e-122  +1.831822e-115  +2.282192e-111  +3.446363e-95  +7.228284e-90  +2.118344e-95  +5.592629e-101  +2.065082e-109  +1.059002e-128  +9.494258e-129  +3.593216e-131  +1.898822e-144  +2.620585e-127  +9.346106e-119  +4.629148e-121  +3.184268e-134  +1.097150e-145  +1.234298e-148  +1.928467e-162  +1.271284e-169  +1.802973e-181  +3.551190e-204  +9.738776e-238  +1.436889e-276  +7.033346e-318  +0.000000e+00 
+1.732339e-285  +5.560166e-225  +4.128309e-175  +4.256933e-136  +6.096744e-108  +3.314159e-90  +1.987056e-78  +7.647733e-72  +1.011189e-73  +1.369917e-57  +2.874673e-52  +8.914549e-58  +9.252495e-61  +3.416490e-69  +1.760869e-88  +2.409935e-82  +9.120744e-85  +4.794243e-98  +4.769003e-83  +1.700827e-74  +8.424233e-77  +5.801165e-90  +8.035033e-96  +9.039442e-99  +1.427516e-112  +1.551659e-115  +2.200610e-127  +4.334459e-150  +4.411692e-182  +4.825002e-214  +2.395079e-255  +1.651127e-307 
+1.633174e-242  +6.806482e-187  +5.609762e-139  +5.780571e-100  +8.278171e-72  +1.729210e-54  +5.547680e-45  +4.434251e-39  +3.131362e-43  +7.563569e-31  +1.595439e-25  +7.789676e-31  +2.125885e-31  +7.849844e-40  +3.238342e-55  +8.495894e-47  +3.215927e-49  +1.691699e-62  +1.205299e-49  +4.298603e-41  +2.129108e-43  +6.011362e-56  +8.172354e-57  +9.193928e-60  +2.589973e-71  +2.630197e-72  +3.730225e-84  +9.015830e-107  +6.393907e-132  +2.281882e-162  +1.132703e-203  +7.808660e-256 
+1.692398e-208  +2.205280e-154  +1.262280e-109  +1.190473e-74  +1.561153e-46  +3.109418e-29  +2.533325e-21  +3.570815e-17  +2.029066e-21  +1.230492e-14  +1.291575e-09  +3.283618e-14  +6.783656e-13  +2.508518e-21  +7.362955e-30  +4.166675e-22  +1.584002e-24  +8.528024e-38  +4.230582e-27  +1.508803e-18  +7.477350e-21  +4.513684e-30  +1.154370e-28  +1.298669e-31  +6.063645e-39  +6.191816e-40  +8.794336e-52  +7.024416e-71  +4.193170e-91  +1.498743e-121  +7.439605e-163  +5.128738e-215 
+9.471633e-173  +6.418290e-126  +6.287972e-88  +4.566171e-54  +5.448477e-31  +8.133082e-15  +4.099725e-08  +4.007003e-06  +2.337037e-10  +7.771579e-06  +2.140205e-04  +7.129099e-06  +3.010504e-05  +9.667037e-10  +3.938767e-14  +3.061201e-08  +1.259160e-10  +6.890383e-21  +2.062510e-15  +7.354891e-07  +9.450870e-09  +6.221830e-15  +2.265666e-11  +2.547619e-14  +1.992586e-17  +2.024370e-18  +6.089259e-29  +1.486409e-41  +3.824850e-61  +1.367096e-91  +6.786124e-133  +4.678239e-185 
+7.607268e-148  +5.154913e-101  +4.851230e-65  +6.659226e-40  +4.288231e-20  +4.890634e-08  +8.592123e-05  +7.994003e-05  +2.062979e-05  +3.166203e-05  +9.579570e-05  +1.328101e-05  +9.689900e-05  +5.332171e-05  +3.708967e-09  +1.794998e-04  +3.154641e-05  +5.336503e-12  +1.061123e-10  +1.095662e-04  +1.394034e-04  +2.530853e-10  +8.732380e-05  +6.991663e-08  +1.330548e-06  +1.043520e-07  +1.386237e-13  +1.882684e-22  +4.845340e-42  +1.731845e-72  +8.596697e-114  +5.926418e-166 
+8.485364e-134  +5.749937e-87  +5.411201e-51  +7.072325e-26  +1.284114e-11  +1.933783e-05  +1.971092e-05  +2.771164e-07  +4.496885e-05  +5.143460e-05  +6.946958e-05  +3.135512e-04  +1.752671e-04  +3.226032e-04  +5.852204e-05  +9.769481e-05  +2.168012e-04  +1.023172e-05  +1.654251e-04  +5.743914e-05  +8.229956e-05  +3.449492e-08  +1.657062e-04  +1.301941e-06  +4.720526e-05  +2.352924e-04  +1.787877e-05  +3.315471e-14  +8.557172e-34  +3.092974e-64  +1.602890e-105  +1.289226e-157 
+1.073342e-119  +3.320010e-82  +2.261193e-47  +1.182721e-22  +1.996561e-08  +1.495895e-04  +1.432479e-05  +6.428397e-05  +2.195589e-04  +1.185505e-04  +2.644370e-05  +2.230823e-04  +2.090558e-05  +5.249688e-05  +1.891906e-04  +6.410207e-05  +9.061647e-05  +1.186140e-04  +1.543221e-04  +2.544948e-04  +1.007533e-04  +6.885257e-06  +1.828968e-05  +2.819506e-05  +8.882507e-05  +2.317708e-04  +5.109282e-05  +4.611764e-13  +2.291144e-31  +5.325931e-60  +1.647632e-98  +2.112957e-141 
+4.709510e-95  +1.514142e-60  +6.760980e-37  +3.247558e-20  +2.306192e-07  +1.069537e-04  +4.287223e-05  +2.168612e-04  +1.169682e-04  +1.753276e-04  +1.277449e-04  +1.111912e-04  +4.271437e-04  +5.091305e-06  +1.814046e-04  +1.766167e-04  +3.064849e-05  +2.836067e-04  +1.913487e-04  +2.600468e-04  +5.700245e-05  +1.570487e-04  +2.451947e-04  +2.187277e-04  +6.817550e-05  +2.213876e-05  +1.139977e-04  +2.217168e-10  +7.828879e-25  +7.097986e-47  +9.260742e-78  +1.839496e-119 
+2.869798e-81  +9.226615e-47  +4.119757e-23  +2.554753e-10  +2.292807e-05  +2.000341e-04  +4.886779e-05  +6.460031e-05  +1.443587e-04  +2.166881e-04  +1.503515e-04  +9.688136e-05  +1.286861e-04  +1.551849e-04  +1.939857e-04  +8.000040e-05  +1.849632e-04  +3.038746e-04  +1.323089e-04  +3.057489e-04  +3.634250e-05  +9.625284e-05  +4.068390e-05  +2.375951e-04  +6.186004e-05  +8.451237e-05  +6.781475e-05  +1.993433e-06  +7.681800e-16  +7.905891e-36  +6.570070e-64  +7.524762e-97 
+2.449899e-78  +8.050882e-44  +3.871108e-20  +3.008984e-07  +5.797440e-05  +2.994800e-05  +1.292530e-04  +1.673103e-04  +1.219001e-04  +2.675970e-04  +2.924118e-04  +2.103467e-04  +2.084958e-05  +6.865747e-08  +1.110273e-09  +5.464967e-06  +8.256876e-05  +1.943773e-04  +1.835257e-04  +1.659328e-04  +8.404068e-05  +1.302271e-04  +7.375440e-05  +2.697487e-04  +2.468763e-04  +1.816457e-04  +8.620222e-05  +6.764010e-06  +5.478224e-13  +3.247883e-24  +2.683017e-46  +3.078180e-79 
+3.051664e-83  +3.481698e-48  +5.519449e-24  +1.321619e-10  +6.232999e-05  +3.857122e-06  +1.356794e-04  +2.386886e-04  +1.093453e-04  +6.502997e-05  +1.910564e-04  +1.251411e-04  +9.736319e-05  +6.477625e-05  +4.724224e-05  +1.487436e-05  +2.621921e-04  +3.227090e-04  +3.346309e-04  +1.605505e-04  +3.285533e-04  +3.273947e-04  +4.799638e-04  +3.433171e-05  +6.904214e-04  +2.006580e-04  +3.559317e-05  +1.988558e-04  +3.260273e-06  +1.847961e-17  +1.524341e-39  +1.748774e-72 
+6.075272e-97  +6.936839e-62  +2.984046e-37  +1.202876e-19  +1.601927e-07  +1.974056e-04  +8.022027e-05  +1.199575e-04  +3.752089e-04  +1.578701e-04  +3.042830e-04  +1.591030e-04  +2.652355e-04  +1.800192e-04  +2.784350e-05  +1.440313e-04  +5.162043e-05  +1.854637e-04  +1.441110e-04  +2.601669e-04  +1.642881e-04  +2.897729e-04  +2.217039e-04  +3.123924e-05  +1.848399e-04  +1.146455e-04  +1.821710e-05  +2.810295e-07  +1.050185e-09  +1.599308e-21  +1.206201e-43  +1.379903e-76 
+1.685037e-121  +6.677854e-85  +2.968280e-52  +3.711864e-28  +9.851514e-14  +6.155743e-09  +1.562970e-12  +1.153811e-07  +9.281198e-05  +2.097916e-04  +3.526055e-04  +3.547980e-04  +2.219225e-04  +1.921423e-04  +1.182673e-04  +2.877441e-04  +1.889026e-04  +7.188361e-05  +2.436982e-04  +3.911562e-04  +4.172505e-04  +4.385413e-04  +4.119835e-04  +3.115225e-04  +4.199310e-04  +3.230453e-05  +5.697910e-09  +1.176235e-17  +5.717509e-23  +1.173337e-35  +1.568651e-58  +1.520527e-91 
+3.212276e-151  +1.977188e-105  +2.128992e-70  +1.533474e-44  +7.236949e-29  +4.805665e-24  +4.904816e-24  +8.702349e-11  +9.326361e-06  +1.023775e-04  +3.331133e-04  +3.059218e-05  +2.745041e-04  +4.027314e-04  +6.628926e-04  +3.021714e-04  +1.883935e-04  +1.738997e-04  +2.499709e-04  +2.030050e-04  +2.158594e-04  +1.812646e-04  +1.214819e-04  +1.022033e-04  +1.798715e-06  +4.738833e-09  +2.229744e-18  +1.619320e-33  +5.586915e-47  +9.972076e-60  +2.661809e-83  +3.146521e-117 
+2.552342e-180  +3.487960e-134  +4.780407e-97  +1.641320e-70  +7.848180e-55  +5.211788e-50  +5.188349e-38  +5.219667e-21  +5.088851e-10  +3.622996e-05  +2.104136e-04  +1.091815e-04  +4.236785e-04  +2.586853e-04  +1.778154e-04  +3.026383e-04  +2.611346e-04  +2.210109e-04  +2.758079e-04  +2.067726e-04  +3.054812e-04  +8.515703e-05  +1.363000e-06  +8.467915e-08  +2.260678e-14  +1.541444e-23  +7.483270e-33  +5.064752e-53  +8.980536e-80  +1.355658e-94  +3.358255e-118  +1.201110e-152 
+1.902024e-219  +2.897828e-171  +7.179915e-134  +2.472068e-107  +1.182062e-91  +1.381818e-86  +8.900740e-58  +5.286498e-36  +8.656633e-19  +1.151680e-06  +4.118206e-04  +2.518682e-04  +1.507462e-04  +3.358979e-04  +2.984514e-04  +3.656286e-04  +2.222981e-04  +2.028453e-04  +2.937049e-04  +1.599217e-04  +4.622941e-05  +9.120601e-05  +2.893027e-11  +1.787745e-21  +4.767921e-28  +1.770545e-45  +3.498517e-58  +2.368238e-78  +2.226462e-109  +2.565539e-140  +6.347728e-164  +2.182546e-198 
+3.394004e-267  +6.057925e-219  +1.501854e-181  +5.170941e-155  +2.472575e-139  +3.120647e-116  +1.008786e-81  +6.703191e-48  +6.583101e-25  +2.307926e-10  +8.410525e-05  +2.638700e-04  +1.895767e-04  +4.721565e-04  +1.651155e-04  +1.488888e-04  +1.537926e-04  +2.032090e-04  +1.567321e-04  +1.356767e-04  +6.335313e-06  +1.318773e-04  +4.676439e-10  +2.310956e-26  +1.556605e-52  +5.178130e-70  +2.272270e-94  +1.538004e-114  +1.445922e-145  +1.887863e-187  +1.668370e-220  +5.732793e-255 
+0.000000e+00  +1.759831e-277  +4.362896e-240  +1.502162e-213  +2.217177e-196  +2.117129e-143  +1.091279e-98  +6.910840e-62  +1.012730e-34  +7.943077e-18  +3.428594e-08  +8.668722e-07  +2.029202e-04  +7.110855e-05  +5.512485e-05  +1.387148e-04  +1.529352e-05  +2.645606e-09  +3.492711e-06  +2.098690e-04  +4.014791e-05  +2.622850e-06  +2.620300e-15  +1.290141e-31  +8.854259e-59  +8.439277e-97  +1.084658e-133  +1.387165e-161  +1.304114e-192  +1.702710e-234  +3.696473e-287  +2.075076e-322 
+0.000000e+00  +0.000000e+00  +1.760192e-309  +6.060408e-283  +1.066688e-226  +1.089018e-167  +8.279314e-119  +8.779820e-81  +1.094117e-51  +4.538138e-31  +2.645157e-21  +1.643857e-15  +2.019204e-09  +2.242341e-08  +9.625921e-08  +5.342077e-06  +7.036698e-10  +5.607163e-20  +7.885794e-09  +5.246783e-05  +3.361380e-05  +1.712154e-12  +3.959916e-24  +2.117731e-46  +6.865065e-75  +6.543176e-113  +8.661230e-162  +6.135632e-219  +1.633519e-250  +2.132797e-292  +0.000000e+00  +0.000000e+00 
+0.000000e+00  +0.000000e+00  +0.000000e+00  +0.000000e+00  +3.497398e-257  +1.915092e-197  +1.632590e-148  +3.836435e-107  +1.158912e-75  +4.863909e-55  +2.843171e-45  +1.196268e-31  +8.745224e-25  +2.062066e-22  +2.605865e-17  +1.424170e-15  +1.724868e-24  +2.808178e-33  +2.075084e-19  +4.125599e-12  +2.174933e-10  +1.916808e-19  +2.371466e-39  +1.159096e-63  +8.202256e-97  +7.851549e-140  +9.326119e-189  +1.714470e-248  +7.218843e-319  +0.000000e+00  +0.000000e+00  +0.000000e+00 
+0.000000e+00  +0.000000e+00  +0.000000e+00  +0.000000e+00  +8.545375e-298  +2.142088e-237  +2.623292e-184  +5.708206e-142  +1.725030e-110  +7.239880e-90  +1.836967e-75  +2.982552e-58  +6.152417e-50  +2.638413e-47  +1.008131e-37  +5.509540e-36  +4.181698e-45  +9.168697e-55  +9.723818e-40  +3.190219e-28  +2.022259e-26  +1.782439e-35  +2.181880e-55  +3.709249e-86  +6.552547e-125  +6.430985e-169  +8.791301e-224  +2.565493e-286  +0.000000e+00  +0.000000e+00  +0.000000e+00  +0.000000e+00 
+0.000000e+00  +0.000000e+00  +0.000000e+00  +0.000000e+00  +0.000000e+00  +3.461018e-283  +5.422813e-230  +1.180004e-187  +3.565992e-156  +1.496638e-135  +6.316457e-113  +1.034401e-95  +1.071446e-85  +1.423307e-81  +5.416777e-69  +2.960325e-67  +2.246859e-76  +8.955246e-87  +9.137715e-68  +4.115038e-55  +2.611625e-53  +2.301914e-62  +2.817768e-82  +4.790262e-113  +1.130971e-154  +4.420905e-207  +9.725266e-263  +0.000000e+00  +0.000000e+00  +0.000000e+00  +0.000000e+00  +0.000000e+00 
+0.000000e+00  +0.000000e+00  +0.000000e+00  +0.000000e+00  +0.000000e+00  +0.000000e+00  +1.556849e-286  +3.387703e-244  +1.023770e-212  +2.586045e-189  +3.040277e-161  +5.064024e-144  +2.640391e-132  +1.027172e-123  +4.042063e-111  +2.209029e-109  +1.676632e-118  +1.446187e-128  +1.615166e-105  +7.380453e-93  +4.684068e-91  +4.128587e-100  +5.053794e-120  +8.591553e-151  +2.028447e-192  +6.651103e-245  +3.028887e-308  +0.000000e+00  +0.000000e+00  +0.000000e+00  +0.000000e+00  +0.000000e+00 
+0.000000e+00  +0.000000e+00  +0.000000e+00  +0.000000e+00  +0.000000e+00  +0.000000e+00  +0.000000e+00  +1.350719e-311  +4.081897e-280  +1.725740e-248  +2.032326e-220  +6.205615e-203  +9.040779e-190  +1.064492e-176  +4.188930e-164  +2.289294e-162  +1.737552e-171  +1.223931e-177  +4.022826e-154  +1.838372e-141  +1.166739e-139  +1.028376e-148  +1.258832e-168  +2.140040e-199  +5.052590e-241  +1.656701e-293  +0.000000e+00  +0.000000e+00  +0.000000e+00  +0.000000e+00  +0.000000e+00  +0.000000e+00 
+0.000000e+00  +0.000000e+00  +0.000000e+00  +0.000000e+00  +0.000000e+00  +0.000000e+00  +0.000000e+00  +0.000000e+00  +0.000000e+00  +1.602112e-318  +1.886745e-290  +1.397433e-271  +4.299195e-258  +1.532077e-240  +6.028941e-228  +3.294879e-226  +2.500782e-235  +4.229193e-237  +1.391616e-213  +6.359479e-201  +4.036099e-199  +3.557460e-208  +4.354679e-228  +7.403042e-259  +1.747842e-300  +0.000000e+00  +0.000000e+00  +0.000000e+00  +0.000000e+00  +0.000000e+00  +0.000000e+00  +0.000000e+00 
+0.000000e+00  +0.000000e+00  +0.000000e+00  +0.000000e+00  +0.000000e+00  +0.000000e+00  +0.000000e+00  +0.000000e+00  +0.000000e+00  +0.000000e+00  +0.000000e+00  +0.000000e+00  +0.000000e+00  +3.062362e-315  +1.205083e-302  +6.585904e-301  +4.998639e-310  +2.031801e-307  +6.685679e-284  +3.055257e-271  +1.939046e-269  +1.709095e-278  +2.092100e-298  +0.000000e+00  +0.000000e+00  +0.000000e+00  +0.000000e+00  +0.000000e+00  +0.000000e+00  +0.000000e+00  +0.000000e+00  +0.000000e+00 
+0.000000e+00  +0.000000e+00  +0.000000e+00  +0.000000e+00  +0.000000e+00  +0.000000e+00  +0.000000e+00  +0.000000e+00  +0.000000e+00  +0.000000e+00  +0.000000e+00  +0.000000e+00  +0.000000e+00  +0.000000e+00  +0.000000e+00  +0.000000e+00  +0.000000e+00  +0.000000e+00  +0.000000e+00  +0.000000e+00  +0.000000e+00  +0.000000e+00  +0.000000e+00  +0.000000e+00  +0.000000e+00  +0.000000e+00  +0.000000e+00  +0.000000e+00  +0.000000e+00  +0.000000e+00  +0.000000e+00  +0.000000e+00 
