+0.000000e+00  +0.000000e+00  +0.000000e+00  +0.000000e+00  +0.000000e+00  +0.000000e+00  +0.000000e+00  +0.000000e+00  +0.000000e+00  +2.628151e-275  +8.097510e-233  +1.788620e-197  +1.015039e-170  +8.001454e-155  +8.759773e-150  +1.331848e-155  +2.812255e-172  +8.246934e-200  +3.358678e-238  +1.899687e-287  +0.000000e+00  +0.000000e+00  +0.000000e+00  +0.000000e+00  +0.000000e+00  +0.000000e+00  +0.000000e+00  +0.000000e+00  +0.000000e+00  +0.000000e+00  +0.000000e+00  +0.000000e+00 
+0.000000e+00  +0.000000e+00  +0.000000e+00  +0.000000e+00  +0.000000e+00  +0.000000e+00  +0.000000e+00  +0.000000e+00  +3.161381e-274  +6.975687e-221  +2.137645e-178  +1.841843e-146  +5.290648e-120  +4.170560e-104  +4.565816e-99  +6.941932e-105  +1.465819e-121  +4.298511e-149  +1.750628e-187  +9.901650e-237  +1.970711e-293  +0.000000e+00  +0.000000e+00  +0.000000e+00  +0.000000e+00  +0.000000e+00  +0.000000e+00  +0.000000e+00  +0.000000e+00  +0.000000e+00  +0.000000e+00  +0.000000e+00 
+0.000000e+00  +0.000000e+00  +0.000000e+00  +0.000000e+00  +0.000000e+00  +0.000000e+00  +0.000000e+00  +7.334649e-295  +1.165337e-230  +2.571353e-177  +7.879700e-135  +3.354155e-103  +3.849583e-80  +3.018964e-64  +3.305079e-59  +5.025090e-65  +1.061069e-81  +3.111584e-109  +1.267235e-147  +7.167977e-197  +1.708359e-225  +2.278672e-254  +7.016383e-292  +0.000000e+00  +0.000000e+00  +0.000000e+00  +0.000000e+00  +0.000000e+00  +0.000000e+00  +0.000000e+00  +0.000000e+00  +0.000000e+00 
+0.000000e+00  +0.000000e+00  +0.000000e+00  +0.000000e+00  +0.000000e+00  +0.000000e+00  +0.000000e+00  +3.754844e-262  +5.965737e-198  +1.316359e-144  +4.033873e-102  +1.716755e-70  +1.053188e-49  +3.035088e-35  +3.322640e-30  +5.051789e-36  +1.066707e-52  +3.128117e-80  +1.273969e-118  +5.050444e-144  +7.651456e-167  +1.651365e-193  +5.084808e-231  +2.174432e-279  +0.000000e+00  +0.000000e+00  +0.000000e+00  +0.000000e+00  +0.000000e+00  +0.000000e+00  +0.000000e+00  +0.000000e+00 
+0.000000e+00  +0.000000e+00  +0.000000e+00  +0.000000e+00  +0.000000e+00  +0.000000e+00  +2.333502e-315  +2.669577e-240  +4.241452e-176  +9.358898e-123  +2.867958e-80  +1.220559e-48  +7.214164e-28  +4.829560e-17  +4.638983e-12  +7.053174e-18  +1.489308e-34  +4.367394e-62  +2.897187e-84  +8.401478e-98  +7.496375e-117  +1.662043e-143  +5.117757e-181  +2.746515e-229  +6.310914e-285  +0.000000e+00  +0.000000e+00  +0.000000e+00  +0.000000e+00  +0.000000e+00  +0.000000e+00  +0.000000e+00 
+0.000000e+00  +0.000000e+00  +0.000000e+00  +0.000000e+00  +0.000000e+00  +9.634402e-300  +8.660528e-255  +1.081193e-220  +4.187965e-165  +9.240877e-112  +2.831791e-69  +1.205167e-37  +7.123136e-17  +5.855217e-07  +9.001642e-05  +1.367609e-10  +2.887765e-27  +3.205528e-46  +6.689564e-49  +8.505706e-62  +1.047822e-77  +2.323276e-104  +1.380274e-141  +5.413916e-186  +6.121135e-241  +4.069443e-304  +0.000000e+00  +0.000000e+00  +0.000000e+00  +0.000000e+00  +0.000000e+00  +0.000000e+00 
+0.000000e+00  +0.000000e+00  +0.000000e+00  +0.000000e+00  +4.830008e-281  +1.086498e-242  +5.266676e-198  +6.574990e-164  +1.140536e-140  +1.346966e-111  +4.008053e-69  +1.679774e-37  +9.867410e-17  +1.336608e-06  +2.233385e-05  +8.247946e-10  +2.702121e-20  +1.027919e-21  +2.145276e-24  +1.275561e-33  +2.034424e-49  +1.979170e-75  +8.958881e-109  +7.294519e-153  +4.167730e-201  +8.443594e-250  +1.865353e-271  +1.285821e-289  +2.334481e-315  +0.000000e+00  +0.000000e+00  +0.000000e+00 
+0.000000e+00  +0.000000e+00  +0.000000e+00  +8.176483e-271  +3.622074e-222  +2.228364e-184  +4.861452e-152  +5.552967e-118  +9.627880e-95  +9.840984e-82  +5.259402e-67  +1.142653e-35  +3.449432e-15  +1.446190e-05  +1.113071e-04  +6.893751e-06  +5.314518e-16  +4.577790e-08  +1.354977e-10  +3.444911e-16  +7.322484e-31  +2.859466e-53  +3.456632e-86  +8.441560e-120  +1.495742e-157  +1.467704e-190  +7.813641e-203  +4.816805e-219  +8.745270e-245  +2.205085e-281  +0.000000e+00  +0.000000e+00 
+0.000000e+00  +0.000000e+00  +5.089103e-270  +9.043257e-223  +3.772288e-174  +2.320778e-136  +1.983481e-109  +6.675200e-83  +1.129250e-59  +3.080875e-47  +9.193146e-40  +1.180302e-33  +2.016690e-22  +3.681919e-12  +4.447457e-05  +8.197825e-05  +4.881027e-09  +4.686862e-05  +1.918861e-04  +5.920851e-08  +1.761664e-19  +8.551741e-38  +3.379152e-60  +5.110485e-87  +1.609308e-122  +8.139922e-133  +2.329830e-144  +2.505994e-159  +4.549819e-185  +1.147219e-221  +4.017320e-269  +0.000000e+00 
+0.000000e+00  +1.938506e-276  +1.372606e-219  +1.398080e-173  +5.669096e-137  +3.356750e-99  +2.868043e-72  +3.520226e-55  +1.851729e-35  +4.453412e-23  +1.322647e-18  +5.610902e-14  +2.040926e-14  +1.303247e-10  +6.211082e-05  +1.205081e-04  +3.691811e-05  +4.845173e-05  +4.238422e-05  +1.673540e-05  +7.944780e-11  +2.675550e-22  +3.367834e-38  +7.597517e-62  +1.716488e-84  +6.269614e-86  +1.388221e-95  +1.810668e-110  +3.287404e-136  +8.289058e-173  +2.902654e-220  +1.411638e-278 
+1.464305e-304  +7.331251e-237  +5.158461e-180  +5.180665e-134  +7.666650e-99  +6.919172e-73  +5.761148e-46  +6.836215e-30  +3.343440e-19  +1.004024e-09  +1.219884e-06  +3.705286e-05  +1.748363e-05  +6.007939e-05  +5.747905e-05  +2.239431e-04  +1.324124e-04  +3.104193e-04  +3.941360e-04  +2.277078e-04  +5.462086e-06  +4.304072e-11  +7.427146e-23  +2.501432e-41  +1.836108e-48  +6.707998e-50  +1.389857e-57  +1.816919e-72  +3.298753e-98  +8.317676e-135  +2.912676e-182  +4.468516e-240 
+1.350870e-275  +3.859252e-208  +2.699254e-151  +2.681112e-105  +3.876415e-70  +8.549884e-46  +1.637765e-30  +1.907107e-14  +4.447288e-09  +6.811964e-05  +3.382307e-05  +4.511615e-05  +3.784760e-05  +4.108154e-04  +1.860169e-04  +3.876821e-04  +4.670888e-04  +1.614079e-04  +1.033661e-04  +4.631156e-05  +1.485000e-04  +1.997039e-05  +7.148318e-13  +1.343278e-25  +2.727804e-23  +1.016882e-24  +1.936842e-30  +2.532039e-45  +4.597107e-71  +1.159142e-107  +5.220956e-150  +3.069724e-193 
+1.370921e-250  +1.045829e-185  +1.128816e-131  +2.100013e-87  +2.747142e-52  +5.846720e-28  +1.982955e-14  +7.534347e-10  +1.427064e-04  +1.750670e-04  +2.523921e-04  +3.407804e-05  +7.924088e-05  +5.402654e-05  +3.718414e-05  +3.700436e-04  +4.941545e-04  +3.741295e-04  +9.710894e-05  +1.729939e-04  +3.160659e-06  +1.505237e-04  +1.594594e-06  +5.539732e-15  +5.728569e-09  +6.045441e-10  +3.748585e-14  +4.900531e-29  +8.897338e-55  +1.722599e-81  +7.292877e-114  +4.287969e-157 
+4.505600e-236  +3.437455e-171  +3.646126e-117  +5.396329e-74  +1.134782e-41  +4.284882e-20  +1.915594e-07  +1.448228e-04  +2.276572e-04  +1.339916e-04  +1.729416e-04  +2.574964e-04  +2.956948e-04  +4.108175e-04  +2.699754e-04  +4.130333e-04  +2.497945e-04  +2.202165e-04  +2.652788e-04  +5.775554e-04  +1.336466e-04  +3.573988e-04  +2.073172e-06  +5.731100e-06  +1.343086e-04  +1.589549e-04  +1.007859e-08  +1.816618e-23  +1.096219e-34  +3.341753e-56  +1.414781e-88  +8.318469e-132 
+2.226468e-232  +1.578422e-167  +1.667475e-113  +2.475537e-70  +5.240904e-38  +1.698027e-16  +1.043064e-05  +4.621993e-05  +8.690761e-05  +1.442785e-04  +6.690051e-05  +4.684392e-04  +2.245954e-04  +4.775576e-04  +2.153456e-04  +4.104761e-04  +1.408731e-04  +3.613697e-04  +2.094624e-04  +6.100458e-04  +7.177752e-05  +3.978391e-04  +1.221972e-04  +5.667160e-05  +1.175273e-04  +6.154822e-06  +8.735606e-10  +1.345510e-09  +2.953463e-20  +9.017683e-42  +4.524719e-74  +5.138490e-116 
+3.727649e-225  +1.928132e-161  +1.385085e-108  +1.381829e-66  +1.914565e-35  +3.684215e-15  +9.966198e-06  +1.594377e-05  +1.150457e-05  +7.879705e-05  +1.876465e-04  +3.818831e-04  +3.476533e-04  +4.791313e-04  +2.725022e-04  +7.250768e-04  +3.846551e-04  +3.982417e-04  +1.081637e-04  +2.181503e-04  +2.685253e-04  +3.052008e-04  +3.104741e-04  +3.102727e-04  +4.920905e-06  +3.720076e-05  +1.115958e-04  +8.537333e-06  +9.123236e-15  +3.220993e-34  +1.608872e-64  +5.614708e-105 
+1.136541e-227  +5.878775e-164  +4.223054e-111  +4.213125e-69  +5.837408e-38  +1.123243e-17  +3.115070e-08  +2.528141e-05  +2.512886e-04  +9.257253e-05  +2.708962e-04  +2.932609e-04  +2.298575e-04  +1.992996e-04  +2.970628e-04  +2.217766e-04  +2.609291e-04  +3.692697e-04  +1.812505e-04  +4.392454e-04  +4.595868e-04  +2.485787e-04  +5.132091e-05  +2.738611e-04  +1.742540e-04  +2.161368e-04  +6.298824e-05  +1.647637e-05  +9.747331e-12  +2.158968e-28  +6.643483e-56  +2.839119e-94 
+4.812525e-241  +2.489286e-177  +1.788194e-124  +1.783990e-82  +2.471770e-51  +4.760425e-31  +3.655502e-18  +2.089789e-07  +3.228560e-04  +3.382758e-04  +2.193465e-04  +2.250402e-04  +6.330866e-04  +2.122769e-04  +1.513102e-04  +1.103059e-04  +8.404667e-05  +1.090286e-04  +1.366784e-04  +1.281141e-04  +1.314640e-04  +5.260063e-04  +3.100623e-04  +1.970754e-04  +1.523172e-04  +6.221374e-05  +3.026147e-04  +6.087794e-06  +8.512979e-12  +1.886214e-28  +5.804178e-56  +2.480439e-94 
+2.830082e-265  +1.463864e-201  +1.051576e-148  +1.049103e-106  +2.471700e-72  +8.971456e-40  +4.530695e-18  +4.423213e-07  +1.691347e-04  +1.910206e-04  +1.507285e-04  +3.728327e-04  +2.604024e-04  +2.239635e-04  +7.225924e-05  +3.957934e-05  +2.660250e-05  +5.650322e-05  +1.291325e-05  +3.617454e-05  +3.332848e-04  +3.375674e-04  +1.593082e-04  +3.323921e-04  +3.435197e-04  +4.155826e-04  +1.189328e-04  +4.047629e-07  +2.641015e-17  +2.752154e-38  +7.045796e-67  +3.009618e-105 
+2.311335e-300  +1.212355e-236  +2.604247e-173  +5.616179e-119  +1.787531e-75  +1.899782e-42  +1.831635e-19  +3.786329e-07  +1.578382e-04  +4.608487e-04  +4.250718e-04  +1.616826e-04  +2.043667e-04  +1.582532e-04  +1.042831e-06  +9.250788e-14  +1.065153e-11  +1.317300e-12  +8.777006e-13  +6.290481e-05  +2.309733e-04  +8.383594e-05  +2.235115e-04  +2.282492e-04  +3.480552e-08  +1.516631e-04  +3.930712e-07  +3.833653e-16  +1.921427e-28  +1.813679e-49  +2.406569e-81  +4.439878e-124 
+2.183405e-310  +2.434865e-234  +3.770974e-169  +8.110921e-115  +2.422842e-71  +1.005144e-38  +5.795547e-17  +4.807784e-06  +3.578407e-04  +3.186505e-04  +2.483840e-04  +5.350537e-04  +3.689805e-04  +1.767593e-04  +2.386703e-10  +3.220407e-24  +9.167487e-29  +7.251034e-30  +7.126606e-13  +4.792737e-05  +2.800993e-04  +9.157741e-05  +1.074443e-04  +6.290311e-05  +8.166918e-07  +1.702304e-04  +1.081557e-09  +1.235502e-23  +2.044500e-47  +1.815418e-71  +2.402309e-103  +4.426955e-146 
+4.704085e-317  +4.903292e-241  +7.584502e-176  +1.631446e-121  +4.903552e-78  +2.859156e-45  +3.336648e-22  +2.126315e-09  +8.260826e-05  +2.386932e-04  +2.169589e-04  +4.094318e-04  +5.385788e-05  +5.119716e-07  +3.737147e-16  +8.521803e-33  +1.096148e-56  +5.533361e-39  +2.626384e-20  +1.782510e-12  +4.496588e-08  +3.767220e-05  +1.067788e-04  +1.234759e-04  +9.170075e-11  +6.793470e-12  +3.648633e-17  +5.565694e-33  +1.208130e-59  +2.751148e-96  +3.332457e-136  +6.137247e-179 
+2.449594e-302  +4.814655e-228  +1.314271e-164  +4.985983e-112  +2.679818e-70  +3.096751e-39  +3.593711e-18  +1.381398e-07  +4.086024e-05  +1.469250e-04  +2.336433e-04  +3.691772e-06  +3.175107e-10  +3.443356e-16  +2.313968e-28  +3.775105e-49  +6.114265e-77  +2.832061e-57  +1.344225e-38  +2.456177e-30  +1.721475e-20  +8.300285e-09  +1.243004e-04  +5.866217e-05  +8.700535e-11  +1.835366e-27  +1.932092e-35  +2.939236e-51  +6.326950e-78  +1.892022e-115  +7.863381e-164  +1.902181e-222 
+2.665966e-297  +5.239927e-223  +1.430322e-159  +5.422259e-107  +2.854731e-65  +2.087376e-34  +2.121445e-14  +3.073009e-05  +1.873776e-04  +1.340100e-04  +2.962952e-07  +4.852115e-14  +1.011129e-21  +1.947215e-35  +1.824753e-48  +2.036897e-71  +2.742644e-103  +2.013049e-86  +9.554850e-68  +3.771953e-48  +5.857299e-23  +1.263186e-08  +4.986837e-05  +1.983248e-05  +3.688402e-13  +7.109431e-30  +2.171376e-57  +2.155738e-80  +4.640160e-107  +1.387599e-144  +5.762823e-193  +3.323875e-252 
+4.029517e-303  +7.919971e-229  +2.161883e-165  +8.195561e-113  +4.314825e-71  +3.154900e-40  +3.203730e-20  +6.999219e-11  +1.067269e-06  +1.522718e-08  +8.452897e-13  +8.845358e-27  +1.013535e-43  +5.388484e-59  +8.522029e-79  +1.866304e-102  +3.486634e-136  +1.987210e-126  +1.894426e-92  +2.118629e-56  +6.098419e-31  +8.224821e-13  +6.212942e-05  +7.257193e-08  +2.241871e-21  +9.858951e-42  +1.313903e-70  +5.401490e-109  +4.726172e-147  +1.413318e-184  +5.869639e-233  +3.385484e-292 
+8.458404e-320  +1.662494e-245  +4.538042e-182  +1.720343e-129  +9.057316e-88  +6.622501e-57  +6.753849e-37  +2.543876e-25  +9.698088e-19  +1.958861e-22  +1.866153e-28  +1.904334e-42  +2.702547e-67  +7.321513e-92  +5.603272e-118  +1.207913e-143  +3.683530e-178  +1.434882e-148  +3.117763e-98  +9.408233e-59  +3.942857e-30  +2.294850e-12  +2.159330e-05  +1.005247e-05  +4.608731e-16  +2.935066e-37  +2.595926e-69  +3.188634e-112  +5.439451e-166  +1.288695e-230  +8.302818e-284  +0.000000e+00 
+0.000000e+00  +4.846568e-273  +1.322948e-209  +5.015213e-157  +2.640425e-115  +1.930683e-84  +3.605581e-64  +1.990072e-48  +1.237861e-41  +1.084624e-45  +5.923218e-55  +5.834884e-69  +8.277688e-94  +1.630902e-129  +1.044971e-161  +1.097852e-195  +3.128213e-219  +4.894241e-158  +1.063438e-107  +3.209056e-68  +1.344877e-39  +9.054254e-22  +2.917341e-11  +9.630606e-11  +4.416235e-21  +2.812475e-42  +2.487500e-74  +3.055452e-117  +5.212257e-171  +1.234850e-235  +4.062940e-311  +0.000000e+00 
+0.000000e+00  +1.962215e-311  +5.356180e-248  +2.030494e-195  +1.069021e-153  +7.866921e-123  +9.069376e-100  +3.518332e-82  +2.194404e-75  +1.901003e-79  +5.704528e-92  +2.482910e-106  +3.522383e-131  +6.939870e-167  +1.901648e-213  +2.876642e-253  +1.481847e-239  +2.318422e-178  +5.037551e-128  +1.520151e-88  +7.324365e-60  +1.632968e-38  +3.881519e-27  +1.281629e-26  +5.877070e-37  +3.742807e-58  +3.310334e-90  +4.066158e-133  +6.936408e-187  +1.643323e-251  +0.000000e+00  +0.000000e+00 
+0.000000e+00  +0.000000e+00  +3.011656e-297  +1.141700e-244  +6.011163e-203  +1.036475e-171  +1.930020e-144  +8.661924e-127  +5.402554e-120  +4.679745e-124  +1.272532e-138  +1.467486e-154  +2.081622e-179  +4.101255e-215  +1.122198e-261  +1.473590e-318  +9.748741e-271  +1.525238e-209  +3.314108e-159  +1.143054e-119  +1.762968e-87  +3.017351e-65  +7.173787e-54  +2.368695e-53  +1.086195e-63  +6.917419e-85  +6.118128e-117  +7.515034e-160  +1.281980e-213  +3.037174e-278  +0.000000e+00  +0.000000e+00 
+0.000000e+00  +0.000000e+00  +0.000000e+00  +8.915388e-305  +4.739257e-263  +2.119092e-228  +6.594614e-200  +2.961658e-182  +1.847225e-175  +1.600083e-179  +1.945535e-194  +1.209175e-213  +1.708462e-238  +3.366047e-274  +9.209384e-321  +0.000000e+00  +8.907003e-313  +1.393550e-251  +3.441438e-201  +3.671023e-158  +4.524033e-125  +7.744805e-103  +1.841336e-91  +6.079862e-91  +2.787997e-101  +1.775533e-122  +1.570374e-154  +1.928926e-197  +3.290531e-251  +7.795685e-316  +0.000000e+00  +0.000000e+00 
+0.000000e+00  +0.000000e+00  +0.000000e+00  +0.000000e+00  +0.000000e+00  +9.685252e-295  +3.131458e-266  +1.406350e-248  +8.771588e-242  +7.598029e-246  +9.141176e-261  +1.575958e-283  +1.947363e-308  +0.000000e+00  +0.000000e+00  +0.000000e+00  +0.000000e+00  +1.998875e-304  +1.474369e-250  +1.308283e-206  +1.612681e-173  +2.760788e-151  +6.563806e-140  +2.167287e-139  +9.938364e-150  +6.329237e-171  +5.597909e-203  +6.876038e-246  +1.172975e-299  +0.000000e+00  +0.000000e+00  +0.000000e+00 
+0.000000e+00  +0.000000e+00  +0.000000e+00  +0.000000e+00  +0.000000e+00  +0.000000e+00  +0.000000e+00  +0.000000e+00  +5.784619e-319  +4.940656e-323  +0.000000e+00  +0.000000e+00  +0.000000e+00  +0.000000e+00  +0.000000e+00  +0.000000e+00  +0.000000e+00  +0.000000e+00  +7.297153e-310  +6.476826e-266  +7.983788e-233  +1.366764e-210  +3.249498e-199  +1.072944e-198  +4.920117e-209  +3.133372e-230  +2.771318e-262  +3.404073e-305  +0.000000e+00  +0.000000e+00  +0.000000e+00  +0.000000e+00 
