+0.000000e+00  +0.000000e+00  +0.000000e+00  +0.000000e+00  +0.000000e+00  +0.000000e+00  +2.319617e-287  +4.817485e-261  +1.389513e-245  +5.565993e-241  +3.096426e-247  +2.392306e-264  +2.566911e-292  +0.000000e+00  +0.000000e+00  +0.000000e+00  +0.000000e+00  +0.000000e+00  +0.000000e+00  +0.000000e+00  +0.000000e+00  +0.000000e+00  +0.000000e+00  +0.000000e+00  +0.000000e+00  +0.000000e+00  +0.000000e+00  +0.000000e+00  +0.000000e+00  +0.000000e+00  +0.000000e+00  +0.000000e+00 
+0.000000e+00  +0.000000e+00  +0.000000e+00  +0.000000e+00  +3.811828e-299  +1.991337e-256  +3.764939e-221  +7.816271e-195  +2.254456e-179  +9.030710e-175  +5.023888e-181  +3.881468e-198  +4.164760e-226  +6.206145e-265  +1.284375e-314  +0.000000e+00  +0.000000e+00  +0.000000e+00  +0.000000e+00  +0.000000e+00  +0.000000e+00  +0.000000e+00  +0.000000e+00  +0.000000e+00  +0.000000e+00  +0.000000e+00  +0.000000e+00  +0.000000e+00  +0.000000e+00  +0.000000e+00  +0.000000e+00  +0.000000e+00 
+0.000000e+00  +0.000000e+00  +0.000000e+00  +2.778833e-294  +1.032077e-240  +5.323592e-198  +1.229385e-165  +1.761237e-139  +5.079944e-124  +2.034881e-119  +1.132028e-125  +8.746075e-143  +9.384414e-171  +1.398425e-209  +7.059676e-258  +7.026137e-298  +9.605066e-292  +1.823568e-296  +4.808190e-312  +0.000000e+00  +2.176978e-301  +1.817112e-287  +2.106430e-284  +3.391177e-292  +7.582139e-311  +0.000000e+00  +0.000000e+00  +0.000000e+00  +0.000000e+00  +0.000000e+00  +0.000000e+00  +0.000000e+00 
+0.000000e+00  +0.000000e+00  +3.907216e-311  +1.044911e-246  +3.880872e-193  +2.001784e-150  +1.436633e-118  +5.525793e-95  +1.589696e-79  +6.367870e-75  +3.542520e-81  +2.736959e-98  +2.936718e-126  +1.625042e-164  +6.897975e-205  +2.385656e-224  +3.261306e-218  +6.191746e-223  +1.632574e-238  +1.259422e-253  +6.608628e-229  +5.516185e-215  +6.394465e-212  +1.029456e-219  +2.301703e-238  +1.647771e-267  +9.730752e-302  +0.000000e+00  +0.000000e+00  +0.000000e+00  +0.000000e+00  +0.000000e+00 
+0.000000e+00  +0.000000e+00  +2.040433e-274  +5.456753e-210  +2.026675e-156  +1.045375e-113  +7.488564e-82  +9.845421e-61  +6.908975e-46  +2.767498e-41  +1.539591e-47  +1.189492e-64  +1.677990e-92  +1.680195e-122  +9.760571e-163  +1.124960e-161  +1.537873e-155  +2.919727e-160  +7.698425e-176  +4.871065e-188  +2.786163e-167  +2.325594e-153  +2.695873e-150  +4.340131e-158  +9.708403e-177  +3.420986e-203  +3.564568e-237  +1.792272e-280  +0.000000e+00  +0.000000e+00  +0.000000e+00  +0.000000e+00 
+0.000000e+00  +1.482197e-323  +1.479842e-248  +3.957557e-184  +1.469864e-130  +7.581671e-88  +5.431137e-56  +5.404689e-35  +4.244675e-23  +1.670392e-18  +9.292582e-25  +7.441555e-42  +7.893578e-62  +3.301805e-91  +7.533825e-127  +7.367225e-110  +1.007135e-103  +1.912094e-108  +5.041608e-124  +3.674662e-132  +1.631330e-116  +1.361655e-102  +1.578456e-99  +2.541183e-107  +7.997303e-126  +1.738859e-149  +2.669993e-183  +6.470570e-222  +6.254731e-266  +8.819566e-320  +0.000000e+00  +0.000000e+00 
+0.000000e+00  +1.148839e-268  +5.319594e-217  +3.986190e-169  +1.480498e-115  +7.636525e-73  +5.470432e-41  +5.442338e-20  +7.869016e-10  +1.400383e-06  +7.838161e-13  +7.152600e-23  +2.154286e-41  +9.011165e-71  +1.796470e-83  +6.700527e-69  +9.159941e-63  +1.739059e-67  +4.593981e-83  +2.397094e-86  +1.785440e-76  +1.107231e-62  +1.283523e-59  +2.066667e-67  +1.640683e-83  +1.237566e-106  +4.008004e-136  +1.164459e-170  +1.182049e-213  +1.666812e-267  +0.000000e+00  +0.000000e+00 
+7.082819e-287  +2.361498e-224  +1.093470e-172  +7.031766e-132  +6.280002e-102  +1.068229e-68  +7.652272e-37  +7.612971e-16  +1.051900e-05  +1.275872e-04  +1.250424e-05  +2.711012e-13  +8.165377e-32  +5.556197e-44  +9.038864e-49  +8.463538e-39  +1.157006e-32  +2.196639e-37  +1.042244e-51  +4.125874e-51  +3.619887e-43  +1.250395e-33  +1.449481e-30  +2.630449e-38  +1.606287e-51  +5.276443e-72  +4.205312e-97  +3.055560e-129  +3.102445e-172  +4.374772e-226  +8.567313e-291  +0.000000e+00 
+2.021961e-253  +6.741463e-191  +3.121574e-139  +2.007386e-98  +1.792777e-68  +2.223615e-49  +2.129575e-38  +6.017968e-21  +1.524406e-07  +8.718722e-05  +9.447880e-06  +2.126748e-10  +1.105040e-17  +3.611400e-20  +6.488432e-25  +1.484756e-19  +2.029629e-13  +3.962629e-18  +1.563683e-28  +1.029824e-26  +4.289685e-20  +1.961098e-15  +2.273482e-12  +4.084333e-18  +1.719660e-29  +3.366909e-45  +1.523429e-66  +1.113775e-98  +1.130865e-141  +1.594638e-195  +3.122851e-260  +0.000000e+00 
+8.048619e-231  +2.673655e-168  +1.237629e-116  +7.958596e-76  +7.107729e-46  +8.815848e-27  +1.520061e-18  +2.194127e-11  +1.824048e-11  +6.823361e-06  +6.292186e-05  +5.435561e-05  +1.681438e-06  +3.347347e-07  +2.691722e-10  +3.372825e-09  +4.946610e-05  +2.562447e-07  +3.691842e-16  +1.437445e-12  +1.841640e-07  +8.951613e-08  +5.694788e-05  +1.236679e-07  +2.065448e-14  +1.464978e-25  +7.711994e-47  +5.638220e-79  +5.724735e-122  +8.072473e-176  +1.904701e-240  +4.089572e-290 
+1.818966e-216  +5.224247e-155  +2.654293e-104  +5.446733e-64  +3.993366e-34  +4.862381e-15  +8.363637e-07  +1.195008e-05  +6.801879e-05  +1.315751e-04  +1.751942e-04  +2.075571e-04  +5.341644e-05  +4.398111e-05  +6.502667e-05  +4.946484e-05  +3.672649e-04  +4.732023e-05  +7.024566e-07  +3.405898e-05  +3.571958e-04  +1.173559e-04  +1.161416e-04  +2.421881e-04  +2.717468e-06  +1.029946e-16  +5.421917e-38  +3.963961e-70  +3.231499e-110  +2.109717e-151  +1.450618e-192  +1.678424e-228 
+1.417467e-210  +3.966048e-149  +1.541140e-98  +8.317235e-59  +6.236324e-30  +6.525209e-12  +1.001873e-04  +1.394725e-05  +4.207219e-05  +1.888484e-04  +3.603346e-04  +2.078364e-04  +2.998771e-04  +1.812566e-05  +4.722405e-05  +2.278421e-04  +1.192646e-04  +1.816666e-04  +4.691213e-05  +4.179856e-04  +1.200828e-04  +2.922036e-05  +1.068121e-04  +9.724813e-05  +1.040689e-05  +5.182518e-16  +1.838240e-33  +1.493263e-53  +1.657824e-82  +7.895690e-115  +7.000569e-142  +9.569854e-178 
+1.537781e-215  +4.302683e-154  +1.671946e-103  +9.022835e-64  +6.762414e-35  +7.094453e-17  +9.263164e-07  +2.899132e-05  +2.276534e-04  +3.127666e-04  +2.070933e-04  +1.927613e-04  +2.544733e-04  +9.785073e-05  +6.443521e-06  +6.778182e-05  +2.538080e-04  +4.472055e-04  +2.285224e-04  +4.011931e-04  +1.123302e-04  +1.910897e-04  +1.645118e-04  +2.104561e-04  +2.149413e-06  +2.297347e-09  +1.366113e-18  +3.418479e-35  +1.556625e-57  +5.666119e-77  +5.543323e-102  +7.577866e-138 
+2.316937e-231  +6.517918e-170  +2.342503e-117  +2.120272e-73  +2.694239e-40  +4.754662e-18  +1.165676e-06  +3.392456e-05  +3.660097e-04  +1.418406e-04  +3.956207e-06  +2.031861e-04  +3.440278e-05  +4.844890e-04  +4.101990e-05  +2.784078e-04  +1.387875e-04  +4.181441e-04  +1.498152e-04  +1.420026e-04  +5.855617e-04  +3.237507e-04  +4.732268e-04  +4.188968e-04  +3.208973e-04  +7.889248e-05  +1.527800e-09  +3.904593e-21  +3.834521e-33  +6.193143e-48  +6.096068e-73  +8.333483e-109 
+2.694437e-246  +1.278200e-180  +8.421099e-126  +7.728810e-82  +4.343250e-48  +6.611366e-23  +1.804324e-08  +7.997934e-05  +1.674424e-04  +1.263854e-04  +1.630899e-04  +1.829074e-04  +2.151902e-04  +1.523492e-04  +2.425954e-04  +5.951624e-04  +2.481841e-04  +3.013195e-04  +4.506055e-04  +3.435800e-04  +3.811539e-04  +2.322553e-04  +3.539606e-04  +2.498562e-04  +3.002989e-04  +3.746650e-04  +1.581978e-05  +4.899820e-09  +1.334806e-15  +9.458636e-30  +9.310378e-55  +1.272753e-90 
+6.206064e-265  +2.560062e-196  +1.877228e-138  +1.912191e-91  +2.712015e-55  +3.038831e-29  +1.262071e-11  +9.186701e-05  +8.478093e-05  +7.769265e-05  +1.754132e-04  +2.025264e-04  +5.079312e-05  +1.044476e-04  +2.338329e-04  +1.663618e-04  +2.979303e-04  +3.038093e-04  +2.102004e-04  +3.504024e-04  +4.420552e-04  +1.833395e-04  +4.536988e-04  +3.768398e-04  +1.038213e-04  +2.903579e-04  +1.836094e-04  +7.960785e-05  +2.830838e-08  +2.006245e-22  +1.974799e-47  +2.699601e-83 
+5.499188e-283  +8.790369e-213  +1.150228e-151  +2.160420e-101  +5.635578e-62  +2.042512e-33  +1.614836e-15  +5.430583e-06  +2.224441e-05  +2.332962e-04  +1.667712e-04  +1.317017e-04  +1.659835e-04  +1.028745e-04  +1.066934e-04  +2.105355e-04  +6.394146e-05  +2.033676e-04  +1.316238e-04  +5.582088e-04  +2.756723e-04  +1.563179e-04  +1.624614e-04  +2.577432e-04  +2.750810e-04  +1.336792e-04  +3.063103e-04  +2.490342e-04  +4.431472e-09  +1.994745e-24  +1.938246e-50  +9.312027e-87 
+9.875686e-300  +9.617310e-228  +1.300703e-166  +2.444733e-116  +1.201409e-76  +2.698192e-45  +1.789402e-24  +3.632396e-12  +3.343161e-06  +1.920529e-05  +7.561228e-06  +2.292698e-04  +2.316088e-04  +2.559200e-04  +1.584174e-04  +3.487155e-04  +1.776331e-04  +2.756905e-04  +2.240677e-06  +1.880725e-05  +6.120069e-09  +6.485127e-05  +2.232659e-04  +8.886634e-05  +2.538729e-04  +1.511008e-04  +1.149411e-04  +7.029143e-05  +1.688249e-10  +6.054057e-27  +4.329587e-54  +1.713641e-91 
+1.596762e-299  +8.683548e-227  +6.980340e-165  +7.908283e-114  +1.248425e-73  +2.739050e-44  +8.347337e-26  +1.519833e-16  +1.890255e-07  +4.365017e-05  +1.752812e-04  +1.060710e-04  +2.297733e-04  +3.440313e-04  +9.044777e-05  +9.352578e-05  +1.391793e-04  +1.345532e-04  +2.211112e-05  +5.823788e-14  +2.120604e-18  +6.297730e-10  +1.061389e-04  +6.317746e-05  +1.307645e-05  +1.801273e-05  +1.808055e-06  +8.909729e-12  +1.939919e-18  +6.732885e-35  +3.245318e-62  +2.172459e-100 
+1.222179e-285  +1.624513e-213  +3.164379e-152  +1.041383e-101  +7.490509e-62  +1.207611e-32  +3.385683e-14  +1.413546e-06  +7.293658e-05  +1.709311e-04  +2.155140e-04  +6.395019e-04  +3.879205e-04  +2.421253e-04  +3.009787e-04  +7.346364e-05  +1.806139e-04  +6.320032e-06  +4.793869e-08  +1.109357e-16  +4.744446e-34  +2.162267e-16  +1.504651e-09  +7.922763e-12  +3.014685e-13  +1.212945e-12  +5.765467e-18  +1.939192e-25  +3.106584e-37  +1.077035e-53  +5.191418e-81  +3.475201e-119 
+3.952113e-279  +7.656613e-208  +2.281893e-147  +1.493678e-97  +3.064278e-58  +1.342205e-29  +9.072752e-12  +1.008779e-04  +2.050283e-04  +1.897430e-04  +1.139024e-04  +1.193299e-04  +2.236409e-04  +1.658180e-04  +3.717341e-04  +2.530024e-04  +5.294779e-05  +1.226365e-09  +1.722379e-21  +3.901663e-30  +2.131626e-49  +4.396858e-32  +3.059391e-25  +5.636804e-29  +2.489809e-31  +1.618294e-30  +4.568757e-40  +8.843743e-48  +5.766269e-66  +2.392747e-83  +1.153328e-110  +7.720522e-149 
+8.929031e-276  +1.697475e-204  +4.481673e-144  +1.643293e-94  +8.368124e-56  +5.918208e-28  +5.821566e-11  +8.647332e-05  +2.030669e-04  +1.285463e-04  +1.943270e-04  +3.215507e-04  +3.379728e-04  +1.473043e-04  +3.427767e-04  +1.469736e-04  +2.210164e-04  +6.048442e-10  +3.792115e-26  +3.555194e-53  +6.150100e-74  +1.241703e-58  +8.639916e-52  +8.486307e-56  +3.919172e-60  +3.082033e-59  +3.659570e-69  +5.647261e-81  +2.618260e-99  +7.383808e-124  +3.558421e-151  +2.382052e-189 
+3.104458e-283  +8.359875e-212  +5.713585e-151  +9.041546e-101  +2.371653e-61  +8.980167e-33  +4.757401e-15  +3.565576e-08  +1.194770e-04  +3.634402e-04  +3.655283e-04  +1.847768e-04  +2.352961e-04  +2.224149e-04  +2.094953e-04  +1.873525e-05  +1.412807e-09  +6.384971e-15  +4.079603e-31  +3.621669e-58  +4.465221e-96  +4.870020e-96  +3.388618e-89  +3.275537e-93  +9.783993e-100  +8.168000e-99  +9.698809e-109  +5.008319e-125  +2.321916e-143  +1.498869e-172  +1.524755e-202  +1.020690e-240 
+5.398384e-281  +5.544905e-209  +7.909744e-148  +1.566999e-97  +4.311348e-58  +1.647429e-29  +8.765720e-12  +8.208492e-05  +2.362749e-04  +1.219268e-04  +6.430239e-05  +5.486793e-05  +2.523404e-05  +2.181976e-04  +1.017904e-04  +4.502737e-09  +3.890967e-14  +1.095138e-24  +1.388420e-45  +5.813856e-74  +2.429914e-106  +2.652868e-144  +1.845754e-137  +1.783635e-141  +3.540180e-150  +3.006722e-149  +3.570245e-159  +1.205580e-179  +2.859727e-198  +1.841327e-227  +9.090298e-265  +6.073995e-303 
+1.378207e-288  +1.415614e-216  +2.019360e-155  +4.001275e-105  +1.120920e-65  +1.200367e-36  +4.196141e-17  +9.331287e-08  +1.012525e-04  +1.227983e-04  +3.252740e-04  +8.473113e-05  +3.569276e-12  +6.137912e-05  +1.160803e-04  +1.211351e-04  +4.744609e-06  +4.151900e-16  +9.182100e-31  +4.041157e-51  +2.470232e-82  +2.097045e-124  +2.472383e-177  +1.349251e-200  +1.801347e-211  +1.537139e-210  +1.825232e-220  +3.010067e-241  +4.891486e-264  +3.149540e-293  +0.000000e+00  +0.000000e+00 
+4.886616e-307  +5.025406e-235  +8.054890e-174  +1.930372e-122  +4.967181e-81  +2.047338e-50  +7.991317e-27  +6.593209e-13  +2.197069e-09  +3.589505e-07  +1.964099e-08  +1.179253e-09  +1.684842e-17  +8.824748e-12  +3.645554e-06  +9.601181e-05  +8.462019e-05  +4.112368e-08  +1.296277e-17  +5.705475e-38  +3.487577e-69  +2.960696e-111  +3.490614e-164  +5.715414e-228  +1.296150e-283  +1.091368e-282  +1.295914e-292  +2.137072e-313  +0.000000e+00  +0.000000e+00  +0.000000e+00  +0.000000e+00 
+0.000000e+00  +2.144071e-262  +3.049655e-199  +6.108113e-147  +4.654515e-103  +1.984047e-67  +1.178822e-42  +9.727075e-29  +7.683170e-22  +1.818659e-19  +1.042713e-22  +2.857915e-25  +4.050806e-33  +4.259319e-24  +6.450070e-13  +2.013967e-11  +5.547823e-06  +1.153954e-05  +2.575773e-15  +1.119164e-35  +6.838380e-67  +5.805210e-109  +6.844248e-162  +1.120654e-225  +2.548329e-300  +0.000000e+00  +0.000000e+00  +0.000000e+00  +0.000000e+00  +0.000000e+00  +0.000000e+00  +0.000000e+00 
+0.000000e+00  +1.002810e-297  +1.534911e-233  +3.084589e-176  +9.502046e-130  +4.065138e-94  +2.415301e-69  +1.996327e-55  +5.685814e-45  +1.345733e-42  +7.886028e-48  +9.620918e-52  +1.363537e-59  +9.476331e-42  +2.076158e-30  +1.988758e-20  +9.986404e-10  +6.964462e-10  +6.751846e-21  +9.376950e-43  +3.556846e-75  +1.624776e-117  +1.865334e-170  +3.051721e-234  +6.939333e-309  +0.000000e+00  +0.000000e+00  +0.000000e+00  +0.000000e+00  +0.000000e+00  +0.000000e+00  +0.000000e+00 
+0.000000e+00  +0.000000e+00  +3.957090e-271  +8.777244e-214  +2.703824e-167  +1.156742e-131  +6.872782e-107  +3.996508e-92  +5.844480e-79  +1.383285e-76  +8.730331e-84  +4.512248e-89  +2.688610e-92  +4.238652e-70  +1.520747e-56  +5.464958e-35  +2.744190e-24  +1.913724e-24  +1.853457e-35  +2.493009e-57  +4.657032e-90  +1.208744e-133  +4.423343e-188  +3.332122e-253  +0.000000e+00  +0.000000e+00  +0.000000e+00  +0.000000e+00  +0.000000e+00  +0.000000e+00  +0.000000e+00  +0.000000e+00 
+0.000000e+00  +0.000000e+00  +1.563767e-319  +3.468625e-262  +1.068507e-215  +4.571257e-180  +2.716016e-155  +4.895861e-137  +8.343284e-124  +1.974708e-121  +7.697705e-130  +3.146255e-137  +1.670101e-131  +2.633039e-109  +5.768208e-82  +2.085596e-60  +1.047267e-49  +7.303359e-50  +7.073360e-61  +9.514082e-83  +1.777240e-115  +4.610659e-159  +1.661185e-213  +8.312163e-279  +0.000000e+00  +0.000000e+00  +0.000000e+00  +0.000000e+00  +0.000000e+00  +0.000000e+00  +0.000000e+00  +0.000000e+00 
+0.000000e+00  +0.000000e+00  +0.000000e+00  +1.902153e-321  +5.864279e-275  +2.508839e-239  +1.498536e-214  +9.705955e-193  +1.654117e-179  +3.915002e-177  +1.289317e-185  +7.229097e-196  +1.440810e-181  +1.174278e-150  +3.057188e-118  +1.105380e-96  +5.550584e-86  +3.870828e-86  +3.748928e-97  +5.042526e-119  +9.419487e-152  +2.443680e-195  +8.804389e-250  +4.405469e-315  +0.000000e+00  +0.000000e+00  +0.000000e+00  +0.000000e+00  +0.000000e+00  +0.000000e+00  +0.000000e+00  +0.000000e+00 
+0.000000e+00  +0.000000e+00  +0.000000e+00  +0.000000e+00  +0.000000e+00  +1.912264e-309  +2.291404e-283  +2.672424e-259  +4.554421e-246  +1.077951e-243  +3.543327e-252  +1.325910e-264  +4.783431e-241  +8.643508e-198  +2.250305e-165  +8.136370e-144  +4.085620e-133  +2.849201e-133  +2.759474e-144  +3.711653e-166  +6.933403e-199  +1.798720e-242  +6.480648e-297  +0.000000e+00  +0.000000e+00  +0.000000e+00  +0.000000e+00  +0.000000e+00  +0.000000e+00  +0.000000e+00  +0.000000e+00  +0.000000e+00 
