+0.000000e+00  +0.000000e+00  +0.000000e+00  +0.000000e+00  +8.934885e-274  +1.721769e-233  +4.607853e-204  +1.712617e-185  +2.466484e-172  +1.289190e-159  +3.633218e-142  +7.646641e-128  +2.235054e-124  +4.919768e-125  +5.794780e-115  +3.270409e-102  +1.531719e-88  +1.022356e-85  +9.476830e-94  +2.743219e-112  +3.178780e-135  +9.212942e-169  +3.708294e-213  +2.072945e-268  +0.000000e+00  +0.000000e+00  +0.000000e+00  +0.000000e+00  +0.000000e+00  +0.000000e+00  +0.000000e+00  +0.000000e+00 
+0.000000e+00  +0.000000e+00  +6.175821e-322  +3.322142e-266  +6.342683e-218  +1.221765e-177  +3.269727e-148  +1.215271e-129  +3.380311e-120  +1.734051e-107  +1.235285e-96  +2.599839e-82  +7.599129e-79  +2.496671e-79  +2.463465e-74  +3.551301e-63  +4.399182e-52  +2.936263e-49  +2.722447e-57  +9.755022e-73  +2.035036e-95  +5.898071e-129  +2.374028e-173  +1.496253e-228  +2.438949e-283  +0.000000e+00  +0.000000e+00  +0.000000e+00  +0.000000e+00  +0.000000e+00  +0.000000e+00  +0.000000e+00 
+0.000000e+00  +0.000000e+00  +3.166754e-271  +1.674686e-215  +1.251789e-170  +1.204175e-132  +3.222274e-103  +1.197634e-84  +6.243901e-77  +3.239251e-66  +5.856368e-62  +1.227610e-47  +3.588208e-44  +1.759608e-44  +1.465093e-44  +2.091286e-33  +1.754700e-26  +1.171186e-23  +1.662622e-31  +8.670056e-44  +1.809346e-66  +5.243962e-100  +1.511552e-141  +1.567001e-184  +2.259231e-238  +2.423030e-300  +0.000000e+00  +0.000000e+00  +0.000000e+00  +0.000000e+00  +0.000000e+00  +0.000000e+00 
+0.000000e+00  +8.688219e-298  +2.659784e-231  +1.268002e-175  +8.966413e-131  +9.271604e-97  +4.410506e-69  +1.639129e-50  +8.460842e-43  +8.403602e-36  +6.100706e-34  +8.050299e-24  +2.353041e-20  +1.722299e-20  +4.355376e-24  +1.715113e-14  +9.754529e-12  +6.490063e-09  +7.130426e-14  +1.070556e-25  +2.234149e-48  +2.597746e-75  +1.941833e-107  +2.017121e-150  +3.310246e-198  +1.229658e-253  +6.343803e-320  +0.000000e+00  +0.000000e+00  +0.000000e+00  +0.000000e+00  +0.000000e+00 
+0.000000e+00  +2.562788e-268  +5.486269e-202  +1.908003e-146  +1.086457e-101  +9.757784e-68  +1.417894e-44  +3.116633e-27  +1.608199e-19  +3.028312e-16  +2.202003e-14  +7.353070e-11  +2.143000e-07  +2.341537e-07  +2.395652e-10  +3.890140e-06  +6.471094e-06  +1.276320e-04  +1.231956e-06  +2.687961e-18  +8.622891e-31  +4.641199e-52  +8.033264e-84  +8.738741e-118  +2.337410e-162  +8.682790e-218  +4.479420e-284  +0.000000e+00  +0.000000e+00  +0.000000e+00  +0.000000e+00  +0.000000e+00 
+0.000000e+00  +1.832615e-249  +3.261665e-183  +8.506806e-128  +3.399868e-83  +2.187460e-49  +2.311235e-26  +5.862062e-14  +4.253777e-07  +2.978632e-07  +1.311456e-05  +2.363388e-05  +9.482726e-05  +1.925139e-04  +6.230720e-05  +2.197658e-05  +1.545040e-05  +1.216285e-04  +1.371335e-05  +5.520776e-08  +2.140032e-18  +3.302085e-36  +4.449544e-59  +8.569613e-93  +2.292175e-137  +8.514757e-193  +4.392736e-259  +0.000000e+00  +0.000000e+00  +0.000000e+00  +0.000000e+00  +0.000000e+00 
+1.732827e-318  +2.124769e-241  +3.634081e-175  +8.717059e-120  +2.967254e-75  +1.467673e-41  +1.098657e-18  +1.311434e-06  +3.069137e-04  +1.189047e-04  +1.725018e-04  +1.789493e-04  +2.826386e-05  +9.000756e-05  +1.881206e-04  +1.633951e-04  +8.637453e-05  +9.416690e-05  +2.425260e-04  +2.342111e-05  +4.995669e-10  +4.369859e-22  +6.060053e-45  +1.167993e-78  +3.181717e-123  +1.725635e-178  +8.017869e-244  +1.355074e-319  +0.000000e+00  +0.000000e+00  +0.000000e+00  +0.000000e+00 
+2.875462e-321  +3.515710e-244  +5.973941e-178  +1.412152e-122  +4.671489e-78  +2.424987e-44  +6.739844e-21  +1.432561e-07  +2.121155e-04  +2.788579e-04  +1.366708e-04  +3.385157e-04  +1.416067e-04  +3.202065e-05  +1.349295e-04  +1.365295e-04  +1.038438e-04  +1.758762e-04  +9.828544e-05  +5.707738e-05  +1.374778e-06  +1.469359e-17  +4.906967e-39  +2.419915e-71  +1.732994e-114  +2.090265e-168  +5.984533e-233  +4.306099e-308  +0.000000e+00  +0.000000e+00  +0.000000e+00  +0.000000e+00 
+0.000000e+00  +4.510499e-257  +1.910255e-189  +1.350642e-132  +1.335256e-86  +1.833684e-51  +3.497239e-27  +9.269397e-14  +3.403114e-06  +2.395511e-04  +1.482136e-04  +3.453269e-05  +2.715080e-04  +9.760297e-05  +2.793837e-04  +2.346741e-04  +1.686070e-04  +1.294996e-04  +2.202587e-04  +1.302234e-04  +1.660044e-05  +2.270414e-15  +4.348681e-36  +1.158546e-67  +4.287750e-110  +2.203972e-163  +1.573348e-227  +1.559847e-302  +0.000000e+00  +0.000000e+00  +0.000000e+00  +0.000000e+00 
+0.000000e+00  +3.363643e-274  +1.724484e-206  +1.227853e-149  +1.214148e-103  +1.667380e-68  +3.219563e-44  +4.037717e-24  +4.280210e-12  +1.536467e-05  +3.157928e-04  +1.454586e-04  +1.415426e-04  +1.959155e-04  +7.455712e-05  +3.669457e-04  +4.402710e-05  +5.650345e-05  +3.683552e-05  +3.060448e-05  +2.092074e-06  +4.644355e-18  +2.609457e-40  +1.488401e-72  +3.197064e-115  +1.333679e-168  +8.897069e-233  +8.645502e-308  +0.000000e+00  +0.000000e+00  +0.000000e+00  +0.000000e+00 
+0.000000e+00  +4.247744e-302  +2.177748e-234  +1.550582e-177  +1.533275e-131  +3.367074e-96  +9.278357e-64  +7.757719e-39  +3.149851e-18  +8.905592e-07  +1.816946e-04  +3.035997e-04  +3.174696e-04  +4.081726e-04  +3.261584e-04  +1.942545e-04  +3.474585e-04  +7.907004e-05  +1.469062e-04  +1.012764e-04  +6.765550e-06  +2.279680e-16  +1.155477e-37  +8.460714e-70  +8.758458e-113  +1.268940e-166  +2.561654e-231  +1.706212e-247  +9.870034e-258  +7.929436e-279  +8.847161e-311  +0.000000e+00 
+0.000000e+00  +0.000000e+00  +3.819389e-273  +2.719451e-216  +8.039008e-169  +4.475323e-125  +3.178114e-82  +3.054212e-48  +4.151070e-25  +1.051305e-11  +8.211784e-05  +2.889184e-04  +2.809728e-05  +1.164275e-04  +2.042912e-04  +2.524723e-04  +4.346218e-04  +3.934801e-04  +1.120869e-04  +3.007693e-05  +2.263499e-08  +3.722939e-19  +8.505425e-41  +2.698675e-73  +1.189210e-116  +7.278480e-171  +4.449611e-181  +1.853403e-180  +1.072150e-190  +8.613490e-212  +9.610384e-244  +1.493403e-286 
+0.000000e+00  +0.000000e+00  +9.387247e-323  +9.240953e-263  +1.082308e-199  +5.491310e-144  +3.883984e-99  +4.590713e-62  +2.029094e-33  +1.246581e-15  +1.899303e-08  +1.028352e-04  +1.006150e-04  +3.542571e-04  +2.858556e-04  +2.605194e-04  +3.264958e-04  +1.186131e-04  +1.040373e-04  +1.609737e-04  +3.644410e-10  +4.985778e-21  +6.874198e-42  +1.316288e-73  +3.500400e-116  +1.003587e-131  +6.712693e-125  +2.796048e-124  +1.617448e-134  +1.299433e-155  +1.449956e-187  +6.100525e-228 
+0.000000e+00  +0.000000e+00  +0.000000e+00  +5.101094e-294  +2.561740e-227  +1.152796e-166  +2.643950e-116  +8.421620e-77  +3.725427e-48  +2.293618e-30  +2.770457e-18  +1.075654e-10  +2.155595e-05  +1.703820e-04  +1.114486e-04  +3.823164e-04  +6.389184e-05  +2.934927e-04  +3.540764e-04  +1.732653e-04  +1.436667e-05  +1.423203e-15  +1.962264e-36  +4.497097e-68  +1.719390e-93  +9.240567e-85  +1.406402e-79  +5.858107e-79  +3.388777e-89  +2.722500e-110  +2.915127e-141  +1.208208e-177 
+0.000000e+00  +0.000000e+00  +0.000000e+00  +0.000000e+00  +1.779894e-253  +2.939413e-192  +6.741632e-142  +2.147373e-102  +9.499275e-74  +1.843985e-53  +4.848898e-35  +4.591043e-18  +3.167589e-06  +8.198821e-05  +4.556010e-05  +2.316324e-04  +9.688667e-05  +2.664761e-04  +2.679561e-04  +2.538688e-04  +6.525602e-07  +5.825393e-17  +1.743138e-27  +2.439749e-43  +1.747371e-55  +1.181661e-48  +4.092268e-45  +1.704543e-44  +9.860382e-55  +1.008563e-75  +7.209138e-102  +3.335463e-138 
+0.000000e+00  +0.000000e+00  +3.199873e-305  +2.651104e-267  +3.050414e-240  +4.874589e-224  +2.387343e-178  +7.604267e-139  +9.061071e-110  +3.311749e-77  +9.126086e-46  +8.504972e-22  +1.785492e-08  +3.150913e-05  +2.284031e-04  +3.653378e-04  +2.065840e-04  +6.524251e-04  +1.134330e-04  +9.681817e-05  +3.328333e-05  +5.092789e-07  +3.448342e-13  +1.692472e-24  +7.884229e-28  +2.099738e-23  +1.654315e-21  +6.888055e-21  +4.019164e-31  +8.296916e-48  +2.763982e-73  +1.278817e-109 
+0.000000e+00  +3.040788e-291  +1.814021e-242  +1.502921e-204  +1.729292e-177  +2.763365e-161  +6.132621e-156  +6.594155e-131  +4.694015e-87  +4.640532e-54  +6.372357e-32  +4.594297e-20  +1.502147e-08  +2.515865e-04  +2.654799e-04  +3.399610e-04  +1.463187e-04  +1.254502e-04  +1.441724e-04  +3.179765e-05  +8.117970e-05  +1.030955e-04  +7.081092e-07  +1.768523e-10  +8.019800e-11  +5.364217e-09  +9.478386e-09  +3.866722e-08  +1.843826e-15  +4.417641e-30  +1.471722e-55  +6.809246e-92 
+5.573339e-299  +2.394052e-239  +1.428202e-190  +1.183270e-152  +1.361494e-125  +2.175633e-109  +4.828293e-104  +4.273135e-107  +9.161647e-75  +9.057260e-42  +1.243536e-19  +2.402276e-08  +1.409230e-05  +5.209611e-05  +7.236032e-05  +3.241388e-04  +2.975996e-04  +1.114066e-04  +4.967569e-05  +1.153799e-04  +8.386105e-05  +1.497874e-04  +4.818166e-05  +4.605068e-05  +1.335161e-04  +8.341012e-05  +1.164731e-04  +8.185587e-05  +1.361825e-08  +3.266772e-23  +1.088314e-48  +5.035324e-85 
+6.093977e-258  +2.617695e-198  +1.561619e-149  +1.293806e-111  +1.488679e-84  +2.378872e-68  +5.279332e-63  +1.438144e-65  +1.867380e-66  +2.457298e-40  +3.370739e-18  +6.428300e-07  +1.426851e-04  +7.918649e-05  +2.335490e-04  +1.364885e-04  +2.549005e-04  +3.196208e-04  +1.904799e-04  +8.171006e-06  +2.747292e-05  +1.863957e-04  +1.754437e-04  +3.632218e-05  +1.814613e-05  +5.090602e-06  +4.817925e-09  +8.097087e-09  +1.398581e-12  +3.354943e-27  +1.117688e-52  +5.171228e-89 
+9.253887e-228  +3.975048e-168  +2.371365e-119  +1.964683e-81  +2.260604e-54  +3.612389e-38  +8.016856e-33  +6.732669e-35  +8.723802e-36  +5.747154e-28  +3.312793e-13  +2.672105e-09  +2.949667e-05  +3.443109e-04  +8.495938e-05  +2.978948e-04  +1.761113e-04  +1.908420e-04  +1.800447e-04  +6.783704e-04  +3.380187e-04  +1.540656e-04  +1.505855e-04  +4.506863e-05  +2.511473e-08  +1.690583e-16  +7.862850e-22  +1.154869e-23  +1.994766e-27  +4.785082e-42  +1.594134e-67  +7.375611e-104 
+1.951576e-208  +8.383081e-149  +5.001033e-100  +4.143371e-62  +4.767446e-35  +7.618303e-19  +1.691746e-13  +4.379642e-15  +5.699925e-16  +1.062255e-16  +3.107118e-08  +1.204412e-04  +8.063211e-05  +2.321024e-04  +5.372455e-05  +3.111388e-04  +1.716267e-04  +3.941375e-04  +1.020274e-04  +4.979494e-05  +1.455186e-04  +1.980155e-04  +2.240916e-04  +4.266002e-05  +3.009178e-05  +1.368010e-13  +8.649427e-33  +2.287573e-49  +3.951248e-53  +9.478326e-68  +3.157672e-93  +1.460967e-129 
+5.715902e-200  +2.455291e-140  +1.464735e-91  +1.213537e-53  +1.396332e-26  +2.233288e-10  +5.434949e-05  +4.104698e-06  +2.132971e-06  +3.719826e-06  +3.003892e-07  +1.679963e-04  +1.357578e-04  +2.294075e-04  +2.731095e-04  +2.735360e-04  +1.207376e-04  +2.421507e-04  +4.963622e-04  +1.675290e-04  +1.383612e-04  +4.342079e-04  +3.603854e-05  +1.003445e-04  +1.947566e-06  +6.945083e-18  +1.069899e-39  +3.677681e-70  +1.086962e-89  +2.607425e-104  +8.686547e-130  +4.019023e-166 
+2.324995e-202  +9.987117e-143  +5.957942e-94  +4.936230e-56  +5.686977e-29  +1.034707e-12  +3.270136e-06  +4.672509e-05  +1.950455e-05  +7.029041e-05  +1.634534e-04  +2.741666e-04  +1.578367e-04  +1.075010e-04  +1.886255e-04  +1.475361e-04  +2.231397e-04  +5.392202e-05  +2.061138e-04  +1.910760e-04  +1.493596e-04  +2.296020e-04  +1.278954e-04  +3.174521e-06  +3.733035e-05  +7.944265e-14  +2.350456e-33  +9.658044e-64  +5.511428e-105  +9.961664e-152  +3.318680e-177  +1.535460e-213 
+1.313400e-215  +5.641770e-156  +3.365726e-107  +2.793624e-69  +3.853475e-42  +1.171678e-24  +3.716025e-17  +4.324173e-11  +1.548805e-05  +3.318969e-05  +3.449268e-05  +1.951124e-05  +2.460536e-04  +1.197302e-04  +2.566488e-04  +6.676691e-05  +3.999885e-04  +2.326134e-06  +1.502392e-04  +5.334825e-05  +1.541202e-04  +1.248465e-04  +1.511700e-04  +1.047265e-05  +2.689692e-08  +4.492524e-18  +1.328954e-37  +5.460683e-68  +3.116176e-109  +2.469647e-161  +2.718227e-224  +8.146944e-272 
+1.030411e-239  +4.426281e-180  +2.647499e-131  +2.818932e-93  +8.147470e-65  +1.371933e-46  +7.689598e-37  +2.834242e-21  +1.449961e-15  +4.842666e-14  +7.382721e-14  +8.815665e-12  +6.329997e-05  +2.130743e-04  +1.465532e-04  +1.522631e-04  +1.861236e-04  +1.338438e-04  +4.066220e-07  +1.319185e-06  +1.141279e-05  +3.724570e-07  +1.504754e-08  +6.769879e-15  +8.982298e-18  +3.016094e-31  +1.044906e-52  +4.287881e-83  +2.446908e-124  +1.939236e-176  +2.134428e-239  +3.262649e-313 
+1.122733e-274  +4.840957e-215  +4.068632e-166  +1.097052e-126  +1.342606e-97  +2.335322e-79  +1.288860e-58  +2.592659e-42  +2.459703e-36  +2.895509e-22  +9.980625e-09  +8.617487e-06  +1.229851e-04  +2.730019e-04  +2.612860e-04  +1.920830e-04  +3.394488e-05  +4.490514e-05  +8.030433e-08  +2.336595e-17  +1.017419e-15  +5.265353e-20  +7.833666e-23  +6.094705e-31  +4.520244e-38  +1.500068e-51  +6.924877e-76  +4.720271e-109  +2.668403e-150  +2.114776e-202  +2.327637e-265  +0.000000e+00 
+1.707985e-320  +1.163611e-260  +2.857095e-210  +2.534270e-170  +3.169308e-141  +1.130558e-117  +1.637113e-90  +3.294804e-74  +3.737788e-47  +9.787119e-23  +9.834301e-09  +1.054273e-04  +1.607212e-04  +3.022611e-04  +2.545737e-04  +2.406567e-04  +9.688792e-09  +5.963420e-15  +4.733497e-18  +1.263590e-30  +1.263371e-36  +3.275409e-43  +5.723933e-48  +4.231657e-56  +3.159186e-69  +1.048391e-82  +4.831814e-107  +3.093389e-142  +4.316233e-187  +3.202849e-239  +3.525225e-302  +0.000000e+00 
+0.000000e+00  +1.437997e-315  +9.226596e-265  +8.308710e-225  +1.041136e-195  +1.994344e-160  +2.888204e-133  +7.962138e-90  +3.473187e-53  +2.104317e-27  +1.770668e-12  +8.848168e-07  +8.007759e-07  +4.055554e-05  +4.947795e-05  +3.697725e-08  +1.167619e-13  +1.289823e-28  +5.364088e-39  +1.372487e-51  +2.179638e-68  +3.784894e-75  +6.728230e-84  +4.268955e-92  +7.478974e-111  +1.017592e-124  +4.689868e-149  +3.001826e-184  +2.668469e-230  +1.003087e-286  +0.000000e+00  +0.000000e+00 
+0.000000e+00  +0.000000e+00  +0.000000e+00  +3.783669e-290  +4.685947e-252  +4.307830e-210  +9.742722e-152  +3.060478e-104  +1.335169e-67  +8.089491e-42  +9.340306e-27  +1.664127e-16  +1.523431e-16  +6.329134e-14  +1.644806e-13  +1.496070e-19  +2.196063e-29  +2.424341e-44  +4.618023e-70  +2.157817e-83  +7.740314e-107  +9.062205e-118  +4.744400e-130  +5.981449e-139  +6.177999e-158  +1.371709e-177  +6.321919e-202  +4.046447e-237  +3.596969e-283  +0.000000e+00  +0.000000e+00  +0.000000e+00 
+0.000000e+00  +0.000000e+00  +0.000000e+00  +0.000000e+00  +1.411966e-304  +2.299627e-235  +5.201497e-177  +1.633945e-129  +7.128272e-93  +4.333187e-67  +6.776262e-48  +4.450755e-37  +4.171216e-37  +1.755212e-33  +1.682361e-32  +2.284494e-39  +1.092162e-54  +6.331810e-71  +9.838012e-97  +4.713688e-126  +1.690645e-149  +3.015837e-171  +2.204883e-186  +1.163936e-196  +1.202181e-215  +2.568133e-241  +1.183519e-265  +7.575305e-301  +0.000000e+00  +0.000000e+00  +0.000000e+00  +0.000000e+00 
+0.000000e+00  +0.000000e+00  +0.000000e+00  +0.000000e+00  +0.000000e+00  +1.705074e-271  +3.856686e-213  +1.211500e-165  +5.285463e-129  +5.353393e-101  +2.516821e-79  +1.653177e-68  +1.838563e-68  +1.257980e-63  +2.973434e-62  +5.290321e-70  +2.378497e-86  +2.313944e-108  +3.568859e-134  +7.701233e-171  +5.129032e-203  +1.419413e-235  +5.037337e-253  +3.145509e-265  +3.248856e-284  +4.727014e-314  +0.000000e+00  +0.000000e+00  +0.000000e+00  +0.000000e+00  +0.000000e+00  +0.000000e+00 
+0.000000e+00  +0.000000e+00  +0.000000e+00  +0.000000e+00  +0.000000e+00  +1.755766e-318  +3.971351e-260  +1.247519e-212  +1.350284e-175  +2.745030e-143  +1.298302e-121  +8.527912e-111  +2.143313e-110  +2.393021e-104  +7.534647e-103  +1.971105e-111  +7.458757e-128  +6.162719e-155  +1.798007e-182  +3.879903e-219  +1.378860e-266  +1.076446e-301  +0.000000e+00  +0.000000e+00  +0.000000e+00  +0.000000e+00  +0.000000e+00  +0.000000e+00  +0.000000e+00  +0.000000e+00  +0.000000e+00  +0.000000e+00 
