+0.000000e+00  +0.000000e+00  +0.000000e+00  +0.000000e+00  +0.000000e+00  +0.000000e+00  +0.000000e+00  +0.000000e+00  +0.000000e+00  +0.000000e+00  +0.000000e+00  +0.000000e+00  +0.000000e+00  +0.000000e+00  +0.000000e+00  +0.000000e+00  +0.000000e+00  +0.000000e+00  +0.000000e+00  +0.000000e+00  +0.000000e+00  +7.683163e-310  +3.055633e-288  +6.195368e-274  +1.744596e-270  +6.822769e-278  +3.705650e-296  +0.000000e+00  +0.000000e+00  +0.000000e+00  +0.000000e+00  +0.000000e+00 
+0.000000e+00  +0.000000e+00  +0.000000e+00  +0.000000e+00  +0.000000e+00  +9.231456e-308  +5.227675e-279  +4.324470e-261  +5.135902e-254  +1.007887e-253  +8.520682e-254  +2.892421e-259  +1.367337e-275  +2.423731e-288  +2.238839e-309  +0.000000e+00  +0.000000e+00  +0.000000e+00  +0.000000e+00  +2.311369e-304  +2.635474e-265  +4.173370e-237  +1.041975e-217  +2.094135e-203  +5.897020e-200  +2.306207e-207  +1.252570e-225  +9.448083e-255  +9.897450e-295  +0.000000e+00  +0.000000e+00  +0.000000e+00 
+0.000000e+00  +0.000000e+00  +0.000000e+00  +1.430317e-313  +2.917456e-270  +8.387822e-238  +7.348266e-211  +6.078652e-193  +7.163188e-186  +1.080018e-185  +1.153067e-185  +3.914188e-191  +1.347239e-206  +7.627725e-217  +7.047769e-238  +3.984299e-267  +1.141654e-303  +0.000000e+00  +2.124321e-292  +1.744101e-242  +1.988663e-203  +3.149115e-175  +1.177386e-157  +9.830608e-144  +2.768268e-140  +1.082615e-147  +5.880004e-166  +4.435262e-195  +4.646211e-235  +6.759530e-286  +0.000000e+00  +0.000000e+00 
+0.000000e+00  +0.000000e+00  +2.456964e-307  +3.608551e-253  +7.360459e-210  +2.085067e-177  +1.442685e-153  +1.186642e-135  +1.390019e-128  +1.607280e-128  +2.167069e-128  +7.356306e-134  +5.049756e-146  +3.333831e-156  +3.524751e-177  +9.207190e-204  +2.644200e-240  +2.050786e-287  +2.226181e-241  +1.827730e-191  +2.084018e-152  +3.300114e-124  +7.289229e-107  +6.409077e-95  +1.804770e-91  +7.058095e-99  +3.833463e-117  +2.891565e-146  +3.029092e-186  +4.406868e-237  +8.904009e-299  +0.000000e+00 
+0.000000e+00  +7.905050e-323  +8.608695e-258  +1.264362e-203  +2.578953e-160  +7.305560e-128  +3.263005e-106  +3.217140e-89  +3.751284e-82  +3.321961e-82  +5.656252e-82  +1.920065e-87  +3.054483e-96  +2.023721e-106  +1.450854e-125  +2.961576e-151  +9.189654e-188  +3.385148e-230  +3.241408e-201  +2.660053e-151  +3.033051e-112  +4.802940e-84  +1.056293e-66  +5.806131e-57  +1.634080e-53  +6.390562e-61  +3.470905e-79  +2.618089e-108  +2.742610e-148  +3.990080e-199  +8.061895e-261  +0.000000e+00 
+0.000000e+00  +2.059283e-281  +4.190053e-219  +6.152448e-165  +1.254932e-121  +3.554922e-89  +1.398697e-67  +1.212082e-53  +1.407490e-46  +9.535466e-47  +2.050325e-46  +6.961829e-52  +2.570193e-57  +1.748870e-67  +6.397912e-84  +1.332062e-109  +3.197581e-142  +2.187865e-168  +5.352598e-165  +8.132648e-122  +6.130502e-83  +9.707858e-55  +2.134956e-37  +7.948909e-30  +2.054768e-26  +8.035789e-34  +4.364477e-52  +3.292107e-81  +3.448685e-121  +5.017312e-172  +1.013740e-233  +2.844593e-306 
+8.093849e-313  +2.889034e-243  +1.432149e-184  +1.401744e-136  +8.480765e-94  +2.402396e-61  +9.451333e-40  +1.150806e-28  +7.340947e-22  +3.801603e-22  +1.032178e-21  +4.673120e-27  +3.006121e-29  +2.865399e-38  +3.971500e-53  +5.891407e-76  +2.140468e-106  +1.961206e-115  +5.185826e-129  +1.409196e-93  +1.009427e-61  +2.725170e-36  +5.992982e-19  +1.957828e-12  +3.588313e-10  +1.403318e-17  +7.621837e-36  +5.749119e-65  +6.022557e-105  +8.761904e-156  +1.770329e-217  +4.967610e-290 
+1.580032e-285  +5.639794e-216  +2.795752e-157  +1.924740e-109  +1.840357e-72  +2.279179e-44  +8.870459e-23  +4.871206e-12  +5.346047e-08  +2.112759e-08  +7.216516e-08  +1.079937e-10  +4.906554e-12  +2.297221e-18  +2.122211e-31  +5.301963e-51  +2.179012e-66  +2.441645e-73  +2.509079e-83  +1.558645e-71  +7.161483e-44  +7.106495e-23  +2.435168e-11  +7.139448e-05  +8.703034e-05  +3.403465e-12  +1.848524e-30  +1.394334e-59  +1.460651e-99  +2.125024e-150  +4.293578e-212  +1.204794e-284 
+1.046292e-245  +3.535331e-193  +7.579643e-141  +5.218198e-93  +4.989211e-56  +6.624928e-30  +1.233276e-14  +6.385638e-06  +2.329465e-04  +2.290429e-05  +1.040687e-04  +1.485833e-04  +3.671234e-05  +1.704160e-08  +2.614057e-17  +2.972602e-29  +2.952107e-35  +4.221705e-42  +4.535345e-48  +5.615615e-44  +1.374873e-28  +5.757655e-15  +9.742134e-06  +1.132141e-04  +1.481396e-09  +1.146370e-17  +6.226276e-36  +4.696454e-65  +4.919825e-105  +7.157597e-156  +1.446195e-217  +3.327076e-278 
+8.266243e-204  +1.663938e-154  +7.709796e-115  +7.570616e-79  +1.888646e-50  +2.506095e-24  +4.621002e-09  +1.188856e-04  +1.101500e-04  +1.650707e-04  +2.107017e-04  +1.509750e-04  +2.589346e-04  +3.897587e-05  +2.094361e-08  +8.295720e-14  +6.233482e-15  +1.013843e-21  +3.062915e-23  +2.684589e-20  +8.446106e-15  +2.459763e-07  +1.365649e-04  +2.411856e-05  +1.294451e-13  +5.339725e-32  +2.912526e-52  +2.729415e-79  +2.533498e-102  +3.292449e-136  +5.942314e-181  +1.489464e-236 
+9.069935e-173  +1.825716e-123  +5.103877e-85  +2.268059e-57  +4.158057e-33  +8.380722e-19  +1.109071e-09  +2.787960e-05  +7.686732e-05  +2.156083e-04  +2.471420e-05  +2.015664e-04  +1.096289e-04  +1.338085e-05  +1.291972e-04  +1.078690e-05  +1.957454e-05  +1.428354e-11  +3.814671e-09  +2.820074e-07  +4.580067e-06  +7.954254e-05  +1.103194e-04  +1.666551e-09  +2.079364e-14  +3.897213e-22  +2.523831e-36  +1.683314e-48  +1.575164e-71  +2.047031e-105  +3.694545e-150  +9.260523e-206 
+2.840957e-151  +2.782065e-103  +7.777395e-65  +3.019528e-37  +1.630289e-20  +4.405835e-09  +1.381965e-05  +8.412431e-05  +9.436912e-06  +2.873345e-04  +1.962201e-04  +1.076637e-04  +2.144708e-04  +4.940358e-05  +2.189014e-04  +2.032182e-04  +2.842812e-04  +4.560332e-05  +1.244080e-04  +4.426442e-05  +5.133808e-05  +1.473084e-04  +4.045802e-06  +4.790420e-06  +1.993177e-05  +5.948799e-11  +2.157220e-16  +1.453478e-28  +1.360095e-51  +1.767534e-85  +3.190110e-130  +7.996488e-186 
+2.046620e-112  +6.933850e-83  +1.649532e-55  +6.398719e-28  +3.448437e-11  +2.584142e-05  +1.862839e-04  +1.219878e-04  +1.651371e-04  +1.799722e-04  +4.600105e-04  +4.443710e-05  +3.013730e-04  +4.894327e-04  +2.142682e-04  +4.489016e-04  +2.171562e-04  +1.554958e-04  +9.419054e-05  +7.669968e-05  +2.171201e-04  +1.361937e-04  +3.033776e-04  +1.626574e-04  +2.684043e-04  +3.571556e-05  +2.587409e-07  +1.749279e-19  +1.725878e-42  +4.101594e-76  +6.132015e-120  +2.325840e-174 
+2.152320e-84  +7.291958e-55  +3.431099e-36  +2.269939e-22  +1.747298e-09  +1.213488e-04  +9.561066e-05  +2.061947e-04  +6.552926e-05  +1.872069e-04  +1.853710e-04  +3.437299e-04  +2.817969e-04  +4.364763e-04  +1.793694e-04  +5.136431e-04  +2.661636e-04  +1.980448e-04  +2.509499e-05  +3.015676e-04  +8.665445e-05  +7.620381e-05  +1.954708e-04  +1.200829e-04  +6.353933e-06  +2.775310e-05  +4.981821e-06  +5.390657e-17  +8.107070e-39  +1.693342e-71  +4.912071e-115  +1.978895e-169 
+3.143508e-67  +1.065005e-37  +5.011029e-19  +3.410615e-11  +1.447952e-05  +1.378656e-04  +2.001093e-04  +3.734067e-04  +3.116615e-04  +2.622662e-04  +4.116039e-04  +1.601875e-04  +2.482649e-04  +2.707559e-04  +2.224673e-04  +3.825093e-04  +4.705704e-04  +3.393139e-04  +2.317140e-04  +3.065975e-05  +5.490078e-04  +2.882978e-04  +1.720820e-04  +4.051133e-04  +2.526703e-04  +1.315906e-04  +5.398661e-10  +6.398849e-23  +9.619167e-45  +2.009183e-77  +5.828270e-121  +2.347998e-175 
+6.376175e-61  +2.160218e-31  +1.016432e-12  +6.676591e-05  +1.889898e-04  +9.252756e-05  +1.113938e-04  +2.005152e-04  +1.595835e-04  +1.944160e-04  +1.214546e-04  +2.136270e-04  +4.324933e-04  +2.570695e-04  +2.231201e-04  +3.033201e-04  +3.039696e-04  +1.963361e-04  +3.556312e-04  +7.658012e-05  +1.179300e-04  +1.434388e-05  +1.392815e-04  +8.088354e-05  +2.215683e-04  +2.917209e-05  +8.155678e-11  +8.571492e-27  +1.251209e-53  +2.539873e-91  +9.675427e-138  +3.869106e-192 
+3.154478e-64  +1.073612e-33  +5.403315e-14  +4.696300e-05  +2.239446e-04  +2.196029e-04  +3.410805e-04  +1.971322e-04  +1.668729e-04  +2.514570e-04  +1.538629e-04  +1.732738e-04  +3.972570e-05  +2.239112e-04  +1.082034e-04  +2.812693e-04  +3.462368e-04  +1.989461e-04  +4.172255e-04  +2.881091e-04  +3.452730e-04  +2.020073e-04  +9.505511e-05  +8.148645e-05  +9.456724e-05  +6.932118e-07  +6.537672e-16  +9.666079e-36  +6.600457e-64  +1.334459e-101  +3.757189e-150  +1.469126e-209 
+2.426657e-70  +1.013672e-39  +2.725913e-19  +4.948465e-09  +5.185640e-06  +8.536098e-07  +4.503499e-05  +9.281784e-05  +1.294748e-04  +1.098198e-04  +1.427888e-06  +9.081499e-09  +2.070595e-06  +4.011955e-07  +1.736584e-04  +2.278829e-04  +2.879197e-04  +2.924022e-04  +1.913931e-04  +1.301996e-04  +6.880352e-05  +2.192233e-04  +2.163646e-04  +2.007628e-05  +1.285385e-04  +1.419976e-08  +1.166891e-21  +1.373033e-45  +5.094232e-78  +1.380431e-119  +3.266126e-171  +1.073427e-230 
+1.877225e-86  +1.791326e-54  +2.746434e-33  +1.066834e-22  +4.744821e-17  +1.208492e-17  +1.761329e-13  +6.679982e-12  +6.938462e-10  +1.001884e-09  +8.845024e-17  +2.362659e-23  +1.430838e-17  +6.902604e-09  +1.477193e-04  +2.039693e-04  +6.042646e-05  +7.369523e-05  +1.864295e-04  +2.597669e-04  +3.564246e-04  +1.814490e-04  +1.313132e-05  +5.214827e-05  +3.962209e-09  +1.929234e-16  +2.707004e-32  +2.726167e-56  +4.370760e-91  +9.732301e-137  +3.213002e-193  +1.068213e-257 
+2.667258e-111  +2.959693e-79  +4.562680e-58  +6.653047e-45  +6.570696e-39  +6.200752e-37  +9.776805e-33  +1.048564e-27  +1.151298e-25  +2.037547e-25  +2.881068e-33  +8.006952e-48  +8.762187e-30  +1.102997e-14  +2.596555e-08  +4.707816e-05  +1.480165e-04  +3.973168e-05  +6.444741e-05  +1.903602e-04  +1.610188e-04  +1.176527e-04  +6.300855e-05  +1.214043e-05  +2.141158e-07  +5.548439e-15  +2.076712e-33  +1.110006e-62  +8.462844e-103  +9.181388e-154  +9.870861e-215  +3.632518e-282 
+6.152795e-147  +6.828433e-115  +1.232228e-93  +1.280188e-77  +1.266147e-71  +4.778974e-67  +7.543545e-63  +2.904113e-54  +2.993289e-52  +5.760886e-52  +8.130542e-60  +2.306538e-72  +2.090594e-46  +1.402487e-25  +6.420089e-10  +1.838788e-04  +8.181958e-05  +2.181360e-04  +2.207778e-04  +1.698162e-04  +3.491543e-04  +1.181929e-04  +2.565619e-04  +2.861489e-04  +1.034713e-04  +2.286008e-12  +8.636677e-31  +4.720573e-60  +3.692309e-100  +4.109135e-151  +6.472005e-213  +1.435985e-285 
+1.971455e-193  +2.188035e-161  +4.844706e-138  +3.426148e-121  +3.388570e-115  +5.115318e-108  +9.667638e-104  +1.117443e-91  +1.128730e-89  +2.262623e-89  +3.193641e-97  +8.577685e-91  +1.597838e-53  +4.133654e-27  +1.485222e-11  +7.417447e-07  +5.963575e-06  +4.124195e-04  +2.304102e-04  +1.608254e-04  +1.434635e-04  +1.440132e-04  +7.003745e-05  +1.358628e-04  +3.609472e-07  +5.675340e-15  +1.571563e-33  +6.150232e-63  +3.346494e-103  +2.529064e-154  +2.654426e-216  +3.869197e-289 
+8.772825e-251  +1.008488e-218  +1.788170e-192  +1.273437e-175  +1.259476e-169  +7.604115e-160  +8.313255e-153  +5.971385e-140  +5.994355e-138  +1.234253e-137  +1.742175e-145  +3.570290e-103  +6.650679e-66  +1.720547e-39  +6.182392e-24  +6.087927e-11  +8.698555e-05  +1.107155e-04  +7.060465e-05  +1.338890e-04  +8.255036e-05  +1.629561e-04  +1.494402e-04  +1.677637e-04  +4.909431e-07  +8.415735e-16  +3.606737e-35  +2.146754e-65  +1.774550e-106  +2.037192e-158  +3.247982e-221  +7.191729e-295 
+5.421679e-319  +1.860201e-285  +9.230268e-258  +6.573348e-241  +6.515082e-235  +1.569866e-222  +6.160467e-212  +4.431624e-199  +4.440349e-197  +9.350676e-197  +1.544102e-156  +1.133233e-117  +3.922437e-88  +3.098019e-60  +1.252413e-35  +1.040351e-17  +1.069056e-07  +5.290194e-05  +3.987281e-04  +2.276622e-04  +2.879588e-04  +2.750853e-04  +9.785550e-05  +1.076400e-04  +1.481986e-05  +3.054511e-14  +1.299256e-33  +7.732374e-64  +6.391722e-105  +7.337728e-157  +1.169885e-219  +2.590377e-293 
+0.000000e+00  +0.000000e+00  +0.000000e+00  +4.712310e-317  +8.626247e-311  +4.501056e-296  +6.349495e-282  +4.567606e-269  +1.056450e-235  +4.019911e-175  +2.124329e-125  +1.559067e-86  +1.589081e-58  +3.403050e-39  +4.235451e-22  +8.329556e-11  +1.437180e-05  +1.456157e-04  +1.228809e-04  +1.012038e-09  +5.783116e-06  +9.853157e-05  +3.110949e-04  +2.323644e-04  +2.907678e-08  +3.653941e-19  +2.368564e-40  +2.518595e-72  +3.464521e-114  +3.675185e-166  +5.852202e-229  +1.295778e-302 
+0.000000e+00  +0.000000e+00  +0.000000e+00  +0.000000e+00  +0.000000e+00  +0.000000e+00  +0.000000e+00  +7.367218e-287  +2.018519e-215  +7.680689e-155  +4.058873e-105  +2.978850e-66  +3.036196e-38  +4.297844e-21  +6.449136e-12  +1.226310e-05  +2.044157e-05  +8.581991e-05  +5.746646e-08  +2.284961e-13  +7.007498e-05  +1.454307e-04  +2.784733e-05  +2.302882e-08  +5.430600e-13  +2.389419e-28  +6.620139e-54  +4.616007e-86  +5.785693e-129  +1.007396e-182  +2.475464e-247  +1.729230e-322 
+0.000000e+00  +0.000000e+00  +0.000000e+00  +0.000000e+00  +0.000000e+00  +0.000000e+00  +0.000000e+00  +1.954903e-277  +5.356172e-206  +2.038083e-145  +1.077028e-95  +7.904425e-57  +8.056594e-29  +1.140462e-11  +2.401387e-05  +1.287231e-04  +5.150327e-06  +9.808963e-07  +1.330437e-14  +2.781655e-17  +5.930765e-09  +3.377142e-07  +3.738232e-10  +1.252541e-19  +1.469721e-27  +6.465502e-43  +3.950109e-69  +3.351754e-106  +2.134819e-153  +3.028570e-207  +7.321688e-272  +0.000000e+00 
+0.000000e+00  +0.000000e+00  +0.000000e+00  +0.000000e+00  +0.000000e+00  +0.000000e+00  +0.000000e+00  +7.204184e-279  +1.973850e-207  +7.510718e-147  +3.969051e-97  +2.912929e-58  +2.969006e-30  +4.203321e-13  +1.180444e-06  +3.017692e-08  +1.620814e-14  +6.028656e-17  +3.456512e-27  +5.340929e-32  +2.622145e-23  +6.524823e-20  +2.044956e-25  +1.035859e-35  +5.547949e-53  +2.430190e-68  +1.484729e-94  +1.259772e-131  +1.484481e-179  +2.429505e-238  +3.609851e-307  +0.000000e+00 
+0.000000e+00  +0.000000e+00  +0.000000e+00  +0.000000e+00  +0.000000e+00  +0.000000e+00  +0.000000e+00  +3.687079e-291  +1.010210e-219  +3.843962e-159  +2.031348e-109  +1.490828e-70  +1.519528e-42  +2.152800e-25  +1.516078e-18  +8.912805e-20  +2.089189e-30  +3.108718e-37  +3.859269e-49  +1.426004e-57  +4.079617e-47  +1.752270e-43  +1.202395e-50  +7.719150e-62  +5.536717e-83  +1.268575e-104  +7.750380e-131  +6.576091e-168  +7.749087e-216  +1.268152e-274  +0.000000e+00  +0.000000e+00 
+0.000000e+00  +0.000000e+00  +0.000000e+00  +0.000000e+00  +0.000000e+00  +0.000000e+00  +0.000000e+00  +2.620704e-314  +7.180377e-243  +2.732213e-182  +1.443843e-132  +1.059651e-93  +1.080053e-65  +1.536827e-48  +4.986124e-41  +3.819601e-42  +4.327953e-54  +2.411921e-68  +9.291962e-81  +5.335263e-94  +1.510582e-81  +6.535395e-78  +3.928619e-85  +7.989107e-99  +5.729784e-120  +1.490584e-151  +5.618714e-178  +4.767401e-215  +5.617776e-263  +9.189621e-322  +0.000000e+00  +0.000000e+00 
+0.000000e+00  +0.000000e+00  +0.000000e+00  +0.000000e+00  +0.000000e+00  +0.000000e+00  +0.000000e+00  +0.000000e+00  +7.087952e-277  +2.697044e-216  +1.425257e-166  +1.046012e-127  +1.066160e-99  +1.556682e-82  +2.818690e-74  +2.273524e-75  +2.573844e-87  +8.266594e-110  +9.710174e-123  +5.233727e-141  +7.823873e-127  +3.385171e-123  +2.034127e-130  +1.165206e-146  +8.235448e-168  +8.203195e-200  +5.657035e-236  +4.799915e-273  +5.657052e-321  +0.000000e+00  +0.000000e+00  +0.000000e+00 
+0.000000e+00  +0.000000e+00  +0.000000e+00  +0.000000e+00  +0.000000e+00  +0.000000e+00  +0.000000e+00  +0.000000e+00  +9.733093e-322  +3.697426e-261  +1.953911e-211  +1.433996e-172  +1.461695e-144  +2.461741e-127  +2.309642e-118  +1.879428e-119  +2.127695e-131  +3.345333e-154  +1.454098e-175  +1.902280e-197  +5.628183e-183  +2.435159e-179  +1.463270e-186  +1.450324e-204  +1.643895e-226  +1.637457e-258  +2.265976e-301  +0.000000e+00  +0.000000e+00  +0.000000e+00  +0.000000e+00  +0.000000e+00 
