+0.000000e+00  +0.000000e+00  +0.000000e+00  +0.000000e+00  +0.000000e+00  +1.061209e-293  +7.859397e-236  +8.083798e-189  +1.154728e-152  +2.290771e-127  +6.311342e-113  +2.414903e-109  +1.283263e-116  +9.470427e-135  +4.447165e-151  +3.104557e-128  +3.009913e-116  +4.085139e-115  +1.584756e-119  +2.668541e-129  +1.554416e-130  +5.867754e-138  +1.580756e-149  +5.914325e-172  +3.073148e-205  +2.217684e-249  +2.384965e-304  +0.000000e+00  +0.000000e+00  +0.000000e+00  +0.000000e+00  +0.000000e+00 
+0.000000e+00  +0.000000e+00  +0.000000e+00  +0.000000e+00  +3.345813e-320  +1.784104e-251  +1.321321e-193  +1.359047e-146  +1.941327e-110  +3.851242e-85  +1.061062e-70  +4.059933e-67  +2.157421e-74  +1.592168e-92  +1.041256e-107  +7.268985e-85  +7.047386e-73  +9.760364e-72  +1.326341e-75  +7.308853e-83  +4.257123e-84  +6.308012e-90  +1.699396e-101  +6.358210e-124  +3.303795e-157  +2.563954e-201  +3.979563e-249  +1.301273e-306  +0.000000e+00  +0.000000e+00  +0.000000e+00  +0.000000e+00 
+0.000000e+00  +0.000000e+00  +0.000000e+00  +0.000000e+00  +7.811367e-289  +4.165598e-220  +3.085074e-162  +3.173158e-115  +4.532689e-79  +8.992035e-54  +2.477411e-39  +9.479295e-36  +5.037232e-43  +3.717457e-61  +7.692974e-73  +2.363665e-52  +2.291607e-40  +3.400969e-39  +1.541653e-42  +2.795063e-47  +1.619671e-48  +9.418026e-53  +2.537244e-64  +9.492979e-87  +5.316707e-120  +6.119767e-157  +1.959132e-203  +1.165718e-256  +3.120025e-320  +0.000000e+00  +0.000000e+00  +0.000000e+00 
+0.000000e+00  +0.000000e+00  +0.000000e+00  +0.000000e+00  +2.532924e-268  +1.350742e-199  +1.000370e-141  +1.028932e-94  +1.469775e-58  +2.915769e-33  +8.033284e-19  +3.073768e-15  +1.633379e-22  +1.053635e-36  +2.672355e-40  +1.067751e-30  +1.034912e-18  +1.902617e-17  +2.488657e-20  +1.569112e-22  +8.653673e-24  +1.952835e-26  +5.260994e-38  +2.126574e-60  +1.815207e-86  +1.191562e-121  +1.252180e-163  +2.413248e-216  +6.459181e-280  +0.000000e+00  +0.000000e+00  +0.000000e+00 
+0.000000e+00  +0.000000e+00  +0.000000e+00  +0.000000e+00  +1.140657e-258  +6.082827e-190  +4.504988e-132  +4.633614e-85  +6.618872e-49  +1.313065e-23  +3.617650e-09  +1.384264e-05  +8.113147e-13  +9.363747e-16  +1.299422e-18  +1.371421e-19  +6.762841e-08  +2.043240e-06  +5.673216e-09  +1.940326e-08  +9.173524e-10  +5.623530e-11  +1.640683e-22  +1.038733e-37  +2.715504e-61  +2.594344e-92  +3.600201e-134  +6.938478e-187  +1.857119e-250  +0.000000e+00  +0.000000e+00  +0.000000e+00 
+0.000000e+00  +0.000000e+00  +0.000000e+00  +0.000000e+00  +7.133886e-260  +3.804315e-191  +2.817511e-133  +2.898173e-86  +4.151482e-50  +9.097181e-25  +1.139311e-09  +1.320126e-04  +1.410882e-05  +1.200625e-05  +1.009085e-07  +2.013695e-13  +2.056900e-05  +4.965189e-05  +1.421370e-04  +2.172303e-04  +2.612677e-05  +2.790124e-06  +1.148500e-10  +1.450393e-22  +1.036730e-42  +1.035923e-73  +1.437563e-115  +2.770539e-168  +8.305100e-231  +9.091148e-296  +0.000000e+00  +0.000000e+00 
+0.000000e+00  +0.000000e+00  +0.000000e+00  +0.000000e+00  +6.236970e-272  +4.115715e-203  +2.494857e-144  +8.691516e-96  +4.635911e-58  +3.443544e-31  +3.552598e-15  +1.233134e-09  +1.074617e-05  +7.318741e-06  +1.134941e-04  +1.454867e-05  +8.879677e-09  +3.538171e-07  +3.345593e-04  +8.495499e-05  +1.926069e-05  +3.004660e-05  +1.543848e-05  +7.990615e-15  +5.749152e-35  +5.746015e-66  +6.018212e-102  +3.750455e-145  +3.245929e-199  +3.901503e-264  +0.000000e+00  +0.000000e+00 
+0.000000e+00  +0.000000e+00  +0.000000e+00  +0.000000e+00  +2.195677e-290  +4.384354e-220  +1.215891e-160  +4.682978e-112  +2.504884e-74  +1.860762e-47  +1.919779e-31  +3.477284e-19  +6.322320e-09  +7.995784e-06  +2.134771e-04  +2.236123e-04  +9.855482e-05  +2.583407e-04  +2.034800e-04  +2.413348e-04  +2.361196e-04  +3.763524e-05  +1.276867e-08  +1.125268e-16  +2.473989e-27  +7.993537e-49  +3.586890e-81  +2.235297e-124  +1.934596e-178  +2.325322e-243  +3.881627e-319  +0.000000e+00 
+0.000000e+00  +0.000000e+00  +0.000000e+00  +0.000000e+00  +1.647699e-317  +3.290254e-247  +9.124706e-188  +3.514360e-139  +1.879800e-101  +1.396417e-74  +3.998249e-54  +5.234047e-33  +1.159939e-22  +5.963600e-10  +6.296834e-05  +1.158858e-04  +1.997164e-04  +1.258694e-04  +2.496949e-04  +1.393527e-04  +8.359658e-05  +3.913531e-06  +9.432282e-06  +8.818334e-07  +2.047798e-17  +6.616497e-39  +2.968980e-71  +1.850224e-114  +1.601325e-168  +1.924741e-233  +3.212945e-309  +0.000000e+00 
+0.000000e+00  +0.000000e+00  +0.000000e+00  +0.000000e+00  +0.000000e+00  +3.429189e-285  +9.510010e-226  +3.662760e-177  +1.959178e-139  +9.012496e-111  +1.004054e-78  +3.671284e-45  +1.154605e-21  +3.053830e-08  +3.579577e-04  +3.229192e-04  +1.108975e-04  +2.202959e-04  +2.242549e-04  +2.047981e-04  +1.867792e-04  +2.911442e-04  +1.928468e-04  +3.635943e-07  +2.375744e-18  +7.606231e-40  +3.412985e-72  +2.126921e-115  +1.840799e-169  +2.212582e-234  +3.693434e-310  +0.000000e+00 
+0.000000e+00  +0.000000e+00  +0.000000e+00  +0.000000e+00  +0.000000e+00  +3.772373e-294  +8.054303e-263  +5.308157e-226  +1.758064e-179  +1.988579e-123  +3.123842e-78  +6.815116e-44  +2.064906e-20  +8.707017e-08  +1.403666e-05  +6.577740e-05  +2.628045e-04  +3.738629e-04  +3.908015e-04  +5.425859e-04  +1.366402e-04  +1.356727e-06  +3.760514e-08  +2.359401e-12  +1.958921e-25  +2.272142e-49  +9.069926e-84  +3.403658e-127  +2.938835e-181  +3.532356e-246  +5.879381e-322  +0.000000e+00 
+0.000000e+00  +0.000000e+00  +0.000000e+00  +6.990707e-289  +5.167791e-264  +2.647209e-229  +5.249848e-198  +3.765948e-171  +5.967185e-147  +6.441757e-133  +8.056437e-88  +1.757629e-53  +5.325365e-30  +7.346230e-16  +9.541257e-06  +2.021013e-04  +1.324017e-04  +2.063048e-04  +2.661880e-04  +9.094981e-05  +6.044020e-05  +3.100531e-06  +3.347021e-10  +4.560015e-21  +1.108005e-40  +2.833686e-65  +4.540337e-100  +1.010406e-145  +3.187476e-202  +9.171980e-269  +0.000000e+00  +0.000000e+00 
+0.000000e+00  +3.961184e-304  +1.518021e-257  +8.080226e-222  +5.973204e-197  +2.579882e-175  +5.116328e-144  +1.710387e-123  +4.773265e-100  +1.050386e-86  +1.147589e-76  +1.048086e-60  +2.975281e-39  +1.641182e-22  +1.148279e-11  +2.514085e-05  +3.116016e-04  +6.823595e-04  +1.673805e-04  +6.697208e-05  +2.116495e-04  +1.276179e-04  +3.380833e-05  +1.494182e-13  +2.973626e-32  +1.168018e-58  +1.009190e-95  +1.374651e-143  +1.281406e-200  +1.806926e-264  +0.000000e+00  +0.000000e+00 
+5.747017e-293  +1.397083e-244  +2.436795e-201  +1.297071e-165  +9.588434e-141  +9.855249e-127  +6.924811e-101  +1.907236e-80  +5.302732e-64  +1.166898e-50  +9.535284e-45  +5.324240e-37  +2.456247e-22  +2.429346e-11  +1.774557e-05  +1.394366e-04  +2.286365e-04  +2.424666e-04  +2.709773e-04  +2.557540e-04  +3.381310e-04  +3.441689e-05  +1.099002e-04  +2.222111e-09  +1.430738e-24  +1.261152e-48  +5.001576e-83  +6.365363e-124  +9.007366e-173  +1.770229e-232  +4.831840e-303  +0.000000e+00 
+2.215099e-240  +5.382390e-192  +1.870692e-154  +2.891627e-120  +2.137598e-95  +2.196110e-81  +1.301654e-68  +3.585022e-48  +2.193181e-38  +1.800341e-25  +6.601720e-23  +5.742439e-16  +3.156925e-11  +1.156395e-05  +1.148783e-04  +1.659340e-04  +4.771480e-04  +2.281299e-04  +2.593520e-04  +5.899823e-04  +1.644413e-04  +6.220245e-05  +1.927006e-04  +4.999297e-07  +1.045515e-19  +1.159264e-37  +8.505494e-65  +8.667937e-103  +1.244077e-151  +5.941313e-211  +9.885678e-280  +0.000000e+00 
+1.185719e-198  +2.881136e-150  +9.722631e-113  +1.352791e-85  +6.618237e-61  +6.797560e-47  +5.373626e-43  +9.358739e-27  +3.579779e-17  +3.891365e-11  +1.183097e-08  +8.860482e-06  +2.862680e-07  +6.879159e-05  +1.436439e-04  +1.873784e-04  +3.883115e-04  +2.003265e-04  +7.745308e-05  +2.859006e-04  +1.131743e-04  +3.636031e-04  +1.890977e-04  +1.249213e-05  +4.152028e-11  +2.331282e-27  +1.201002e-53  +1.081583e-89  +1.557202e-136  +3.118268e-194  +8.672143e-263  +0.000000e+00 
+8.814711e-168  +2.141856e-119  +7.227869e-82  +3.387454e-55  +2.886870e-37  +2.922372e-23  +1.585086e-19  +3.899333e-16  +1.298264e-06  +3.431679e-05  +1.113180e-04  +1.776229e-04  +8.984653e-05  +1.738248e-04  +2.828466e-04  +2.023947e-04  +6.259758e-04  +4.940424e-04  +6.935338e-04  +4.278761e-04  +1.612693e-04  +7.473071e-05  +6.543391e-05  +9.194312e-05  +3.172884e-08  +1.706508e-22  +1.275734e-47  +1.324522e-83  +1.909836e-130  +3.824469e-188  +1.063614e-256  +0.000000e+00 
+9.100734e-148  +2.211354e-99  +7.462396e-62  +3.497326e-35  +2.281899e-19  +1.801895e-10  +6.874991e-07  +1.586163e-06  +1.216776e-04  +3.981308e-04  +2.552145e-04  +2.853975e-04  +3.707788e-04  +1.964039e-04  +4.552716e-04  +3.978106e-04  +4.226636e-04  +2.655528e-04  +2.093344e-04  +2.862749e-04  +1.374939e-04  +2.317755e-04  +1.272579e-04  +4.878169e-05  +1.030398e-09  +3.379605e-25  +1.818794e-51  +3.356201e-88  +3.360064e-135  +6.528895e-193  +1.811952e-261  +0.000000e+00 
+1.335552e-138  +3.242329e-90  +1.093216e-52  +5.119260e-26  +3.329389e-10  +4.744089e-05  +1.883533e-04  +2.512461e-04  +1.523865e-04  +2.904747e-04  +2.028073e-04  +5.643536e-05  +2.189814e-04  +1.651575e-04  +3.350395e-04  +3.150448e-04  +1.507604e-04  +2.840888e-04  +2.692410e-04  +6.192755e-04  +1.879313e-04  +3.980630e-05  +6.426216e-07  +5.315503e-07  +1.418349e-11  +5.265824e-27  +2.715111e-53  +1.944226e-90  +1.933498e-138  +2.670416e-197  +5.122145e-267  +0.000000e+00 
+9.041965e-137  +1.181936e-88  +2.170257e-51  +5.643583e-25  +2.104845e-09  +1.474697e-04  +8.671609e-05  +2.145075e-04  +3.782264e-04  +1.839784e-04  +3.912406e-04  +4.074932e-04  +1.767113e-04  +2.484940e-04  +2.789688e-04  +3.158723e-04  +1.707645e-04  +2.855719e-04  +8.864308e-05  +2.299172e-04  +1.039454e-04  +8.537071e-05  +6.046640e-06  +3.364618e-12  +3.247704e-23  +1.353931e-39  +6.981084e-66  +1.159808e-101  +1.686192e-143  +3.557949e-196  +1.042631e-259  +0.000000e+00 
+2.752025e-140  +3.545072e-92  +6.342138e-55  +1.575739e-28  +5.437171e-13  +2.985002e-08  +2.725707e-10  +6.519642e-05  +3.357077e-04  +1.637967e-04  +1.972188e-04  +1.418023e-04  +4.174961e-04  +2.390365e-04  +3.237611e-04  +1.821230e-04  +1.422151e-04  +1.787975e-05  +2.319958e-07  +3.200873e-10  +6.362092e-08  +7.624424e-06  +7.324197e-05  +4.313462e-06  +3.780048e-17  +4.749435e-28  +3.741286e-48  +4.092964e-79  +6.218603e-121  +1.312157e-173  +3.845178e-237  +1.564895e-311 
+1.184719e-154  +1.526118e-106  +2.730227e-69  +6.783397e-43  +2.340641e-27  +1.207729e-22  +1.097477e-17  +7.675145e-08  +1.383430e-04  +6.099106e-05  +3.612004e-04  +3.300071e-04  +2.372560e-04  +1.534190e-04  +1.567104e-04  +1.424485e-04  +1.296294e-04  +6.517436e-05  +2.496553e-04  +3.923665e-05  +1.635771e-13  +2.166943e-09  +8.494001e-05  +1.137701e-05  +4.288696e-07  +2.432573e-16  +1.916218e-36  +2.096340e-67  +3.185053e-109  +6.720623e-162  +1.969429e-225  +8.015104e-300 
+7.082990e-180  +9.124083e-132  +1.632299e-94  +4.055537e-68  +1.399379e-52  +6.983626e-48  +2.042551e-30  +2.338274e-16  +1.558838e-08  +7.254163e-06  +1.044629e-04  +3.670704e-05  +2.827210e-05  +1.911048e-04  +3.163084e-05  +2.265095e-04  +1.113863e-04  +3.854998e-05  +6.291672e-05  +1.488842e-06  +2.297729e-16  +6.664971e-13  +2.681263e-08  +8.733405e-05  +3.052801e-06  +1.730325e-15  +1.363034e-35  +1.491158e-66  +2.265575e-108  +4.780479e-161  +1.400884e-224  +5.701262e-299 
+5.881061e-216  +7.575796e-168  +1.355311e-130  +3.367343e-104  +1.161915e-88  +1.257207e-74  +8.501460e-50  +5.229305e-32  +9.567774e-19  +3.230380e-10  +5.241220e-08  +3.956304e-05  +2.851457e-05  +1.238087e-04  +9.483083e-05  +3.688856e-05  +4.909330e-05  +1.759403e-04  +4.886710e-05  +2.022385e-12  +1.924885e-25  +2.895932e-27  +2.900418e-18  +5.246601e-12  +4.331730e-16  +1.709336e-25  +1.346500e-45  +1.473070e-76  +2.238094e-118  +4.722491e-171  +1.383891e-234  +5.632105e-309 
+6.781607e-263  +8.735852e-215  +1.562845e-177  +3.882973e-151  +1.339849e-135  +5.963679e-105  +7.060845e-77  +3.745641e-53  +1.110154e-36  +1.278432e-23  +9.541879e-11  +8.629750e-05  +1.269038e-05  +1.108694e-04  +2.342194e-04  +2.037964e-04  +1.217358e-04  +3.779686e-05  +2.918818e-10  +8.213669e-19  +3.685697e-38  +1.933515e-52  +2.423031e-36  +4.383289e-30  +1.105367e-34  +2.345505e-46  +1.847329e-66  +2.020976e-97  +3.070549e-139  +6.479014e-192  +1.898627e-255  +0.000000e+00 
+1.085956e-320  +1.399008e-272  +2.502827e-235  +6.218410e-209  +8.068982e-182  +4.849374e-143  +2.828334e-109  +1.188844e-84  +3.526107e-59  +3.190719e-31  +4.080366e-14  +7.282622e-08  +4.738967e-05  +3.123805e-04  +5.467494e-08  +1.430104e-05  +6.088493e-09  +4.821689e-11  +2.456783e-20  +5.970694e-35  +2.673308e-54  +2.174977e-82  +2.811381e-65  +5.085817e-59  +1.277740e-63  +4.914102e-78  +3.519815e-98  +3.850675e-129  +5.850483e-171  +1.234481e-223  +3.617557e-287  +0.000000e+00 
+0.000000e+00  +0.000000e+00  +5.566519e-304  +1.385138e-277  +8.701663e-231  +4.119224e-187  +4.768354e-152  +8.241261e-112  +5.464230e-73  +5.031555e-45  +6.434480e-28  +1.277848e-19  +2.917435e-10  +1.434274e-08  +9.888337e-13  +7.123746e-15  +1.013502e-22  +1.257422e-27  +5.739309e-37  +3.757427e-57  +2.694108e-81  +1.678174e-111  +4.530209e-105  +8.195196e-99  +2.058915e-103  +7.302057e-119  +9.314289e-141  +1.018944e-171  +1.548123e-213  +3.266617e-266  +0.000000e+00  +0.000000e+00 
+0.000000e+00  +0.000000e+00  +0.000000e+00  +0.000000e+00  +1.157216e-286  +9.625684e-241  +3.780496e-186  +1.804871e-136  +1.196690e-97  +1.101932e-69  +1.410402e-52  +2.008083e-35  +4.580800e-26  +3.366137e-23  +2.334726e-27  +4.930520e-35  +6.690476e-43  +5.346898e-55  +2.065141e-64  +1.317970e-84  +1.175665e-115  +2.348722e-149  +1.013806e-155  +1.833985e-149  +4.607602e-154  +1.607695e-169  +3.500730e-194  +3.744571e-225  +5.689275e-267  +1.200481e-319  +0.000000e+00  +0.000000e+00 
+0.000000e+00  +0.000000e+00  +0.000000e+00  +0.000000e+00  +0.000000e+00  +3.344875e-282  +1.149845e-221  +5.489549e-172  +3.639754e-133  +3.351547e-105  +2.708410e-82  +4.445622e-62  +1.015661e-52  +1.109747e-48  +7.697656e-53  +4.813462e-66  +6.431011e-74  +2.627182e-92  +1.032000e-102  +6.586201e-123  +5.837520e-154  +7.241588e-196  +3.150861e-217  +5.699941e-211  +1.432021e-215  +4.996506e-231  +2.595841e-257  +1.911152e-289  +0.000000e+00  +0.000000e+00  +0.000000e+00  +0.000000e+00 
+0.000000e+00  +0.000000e+00  +0.000000e+00  +0.000000e+00  +0.000000e+00  +0.000000e+00  +4.856996e-268  +2.318810e-218  +1.537448e-179  +8.461893e-151  +8.327866e-120  +1.366946e-99  +3.217814e-90  +5.081581e-85  +3.524802e-89  +3.396170e-104  +8.584982e-116  +1.617865e-134  +7.162278e-152  +4.570910e-172  +4.051315e-203  +4.986861e-245  +1.360009e-289  +2.460270e-283  +6.181044e-288  +2.156646e-303  +0.000000e+00  +0.000000e+00  +0.000000e+00  +0.000000e+00  +0.000000e+00  +0.000000e+00 
+0.000000e+00  +0.000000e+00  +0.000000e+00  +0.000000e+00  +0.000000e+00  +0.000000e+00  +0.000000e+00  +1.360290e-275  +9.019528e-237  +3.008930e-199  +3.556246e-168  +5.837265e-148  +1.977670e-138  +3.231566e-132  +2.241553e-136  +2.159349e-151  +1.591613e-168  +2.999437e-187  +6.905025e-212  +4.405633e-232  +3.904826e-263  +4.806544e-305  +0.000000e+00  +0.000000e+00  +0.000000e+00  +0.000000e+00  +0.000000e+00  +0.000000e+00  +0.000000e+00  +0.000000e+00  +0.000000e+00  +0.000000e+00 
+0.000000e+00  +0.000000e+00  +0.000000e+00  +0.000000e+00  +0.000000e+00  +0.000000e+00  +0.000000e+00  +0.000000e+00  +2.096918e-300  +1.784465e-258  +2.109054e-227  +3.461828e-207  +6.503509e-197  +2.854074e-190  +1.979708e-194  +1.907107e-209  +4.100567e-232  +7.722819e-251  +2.030536e-280  +5.897283e-303  +0.000000e+00  +0.000000e+00  +0.000000e+00  +0.000000e+00  +0.000000e+00  +0.000000e+00  +0.000000e+00  +0.000000e+00  +0.000000e+00  +0.000000e+00  +0.000000e+00  +0.000000e+00 
