+0.000000e+00  +0.000000e+00  +0.000000e+00  +0.000000e+00  +2.975654e-314  +8.242337e-266  +3.170708e-228  +1.693948e-201  +1.256846e-185  +1.295095e-180  +1.693529e-177  +5.198834e-135  +3.510025e-103  +3.291297e-82  +7.418828e-70  +6.812780e-64  +8.739117e-69  +1.556857e-84  +3.146854e-107  +8.116032e-134  +2.285496e-166  +1.362552e-209  +1.140996e-263  +2.134364e-321  +0.000000e+00  +0.000000e+00  +0.000000e+00  +0.000000e+00  +0.000000e+00  +0.000000e+00  +0.000000e+00  +0.000000e+00 
+0.000000e+00  +0.000000e+00  +0.000000e+00  +3.678621e-317  +7.336942e-258  +2.032278e-209  +7.817880e-172  +4.176696e-145  +3.098951e-129  +3.193262e-124  +4.569759e-130  +3.562272e-102  +1.289430e-70  +1.209039e-49  +3.641828e-39  +1.909554e-33  +2.449486e-38  +6.047089e-54  +1.104326e-70  +8.895477e-94  +3.818199e-126  +2.796124e-169  +1.628878e-215  +2.021284e-261  +6.300399e-314  +0.000000e+00  +0.000000e+00  +0.000000e+00  +0.000000e+00  +0.000000e+00  +0.000000e+00  +0.000000e+00 
+0.000000e+00  +0.000000e+00  +0.000000e+00  +1.259667e-271  +2.512383e-212  +6.959111e-164  +2.677070e-126  +1.430222e-99  +1.061171e-83  +1.093466e-78  +1.564815e-84  +4.274468e-71  +1.501689e-48  +6.168302e-28  +8.112885e-18  +7.433369e-14  +9.535167e-19  +7.994521e-29  +6.727446e-43  +2.063713e-64  +4.975101e-96  +5.615577e-131  +9.812405e-167  +3.246524e-212  +1.453269e-237  +3.501430e-248  +1.171610e-269  +5.444505e-302  +0.000000e+00  +0.000000e+00  +0.000000e+00  +0.000000e+00 
+0.000000e+00  +0.000000e+00  +4.171308e-307  +5.990518e-237  +1.194798e-177  +3.309500e-129  +1.273117e-91  +6.801617e-65  +5.046543e-49  +5.200125e-44  +7.441689e-50  +1.535587e-50  +3.031508e-28  +1.279882e-16  +5.691725e-07  +4.028777e-05  +1.197029e-08  +1.493459e-13  +2.152392e-24  +6.329010e-44  +5.296724e-68  +9.187545e-94  +2.188793e-128  +2.771040e-172  +4.656138e-172  +1.121826e-182  +3.753729e-204  +1.744369e-236  +1.018844e-271  +6.504796e-308  +0.000000e+00  +0.000000e+00 
+0.000000e+00  +0.000000e+00  +2.754983e-283  +3.956498e-213  +7.891162e-154  +2.185792e-105  +8.408428e-68  +4.492196e-41  +3.333040e-25  +3.434475e-20  +4.914938e-26  +2.037028e-38  +1.516140e-18  +4.208932e-07  +8.043904e-05  +5.226479e-05  +1.233981e-04  +4.376441e-06  +1.880739e-13  +1.168036e-26  +1.659202e-42  +2.846213e-66  +6.897086e-101  +1.206653e-117  +2.071780e-117  +4.991640e-128  +1.670247e-149  +1.239323e-181  +1.854426e-207  +1.600016e-243  +3.390751e-290  +0.000000e+00 
+0.000000e+00  +0.000000e+00  +2.526989e-270  +3.629071e-200  +7.238115e-141  +2.004903e-92  +7.712574e-55  +4.120436e-28  +3.057208e-12  +3.150249e-07  +4.512066e-13  +1.539392e-17  +7.443675e-13  +4.194123e-05  +1.058130e-04  +2.151502e-04  +1.855694e-04  +1.903827e-04  +8.869039e-07  +5.779450e-13  +7.145466e-26  +1.257463e-48  +4.388719e-74  +7.525545e-74  +1.280264e-73  +3.084601e-84  +1.032145e-105  +1.087171e-128  +5.591031e-154  +6.608710e-190  +4.090690e-230  +5.870849e-278 
+0.000000e+00  +0.000000e+00  +3.219527e-268  +4.625086e-198  +9.233416e-139  +2.564983e-90  +9.953769e-53  +5.458769e-26  +4.368742e-10  +5.506527e-05  +4.936172e-06  +1.967454e-07  +5.409930e-07  +8.086842e-05  +1.940468e-04  +9.835124e-05  +1.595794e-04  +2.981762e-04  +1.305014e-04  +5.283584e-07  +2.134499e-16  +3.683662e-36  +7.147125e-41  +6.570984e-41  +1.098736e-40  +2.647239e-51  +1.716022e-71  +4.064981e-86  +2.878227e-111  +6.720090e-143  +6.944047e-180  +9.965916e-228 
+0.000000e+00  +0.000000e+00  +6.281593e-273  +2.747099e-202  +1.668532e-142  +1.407469e-93  +1.648856e-55  +2.682657e-28  +6.061580e-12  +1.965337e-06  +6.609487e-05  +1.445167e-04  +1.589236e-05  +2.767134e-04  +6.676898e-04  +4.213163e-04  +9.462146e-05  +4.991587e-05  +1.604624e-04  +9.028107e-06  +1.474580e-10  +8.028512e-22  +1.618831e-18  +8.114938e-19  +1.309559e-18  +3.308447e-29  +6.143595e-40  +2.569303e-54  +2.156107e-77  +1.584165e-103  +1.637069e-140  +2.349478e-188 
+0.000000e+00  +0.000000e+00  +1.114858e-284  +4.875852e-214  +2.961553e-154  +2.498195e-105  +2.926653e-67  +4.761613e-40  +1.075911e-23  +2.026666e-15  +4.611031e-08  +1.813815e-05  +4.007570e-05  +4.424597e-05  +2.138867e-05  +2.692076e-04  +1.624898e-04  +2.549617e-04  +1.063233e-04  +6.894718e-05  +2.082184e-07  +3.754777e-08  +6.113173e-07  +2.334471e-07  +2.176822e-07  +9.224199e-14  +4.756719e-19  +4.807423e-33  +6.970499e-49  +5.186716e-75  +5.359930e-112  +7.692432e-160 
+0.000000e+00  +0.000000e+00  +2.748188e-307  +1.201925e-236  +7.300397e-177  +6.158195e-128  +7.214368e-90  +1.173765e-62  +2.827582e-46  +1.142592e-30  +1.662309e-17  +1.338696e-06  +4.668694e-05  +1.156769e-04  +1.670999e-04  +4.923384e-04  +1.084120e-04  +1.666298e-04  +8.358344e-05  +1.831761e-05  +9.793262e-05  +1.453970e-04  +1.394309e-04  +1.639779e-04  +2.350839e-04  +3.136926e-05  +1.023899e-08  +5.915868e-16  +3.169524e-31  +2.358428e-57  +2.437189e-94  +3.497791e-142 
+0.000000e+00  +0.000000e+00  +0.000000e+00  +4.114741e-270  +2.499260e-210  +2.108232e-161  +2.469808e-123  +3.458678e-90  +3.359112e-59  +1.868400e-37  +2.675391e-16  +5.942958e-06  +4.822913e-05  +2.331508e-04  +1.804819e-04  +1.309661e-04  +3.665105e-05  +1.667315e-05  +9.964294e-05  +8.584304e-05  +1.922341e-04  +1.541300e-04  +3.336027e-04  +8.800779e-05  +1.059577e-04  +1.413988e-04  +9.924559e-05  +3.739190e-09  +2.014076e-24  +1.551866e-50  +1.971978e-87  +6.370790e-135 
+0.000000e+00  +0.000000e+00  +0.000000e+00  +4.548178e-305  +1.187409e-230  +4.305281e-167  +2.167906e-114  +1.516064e-72  +1.472422e-41  +1.986027e-21  +4.034888e-12  +2.969871e-07  +7.138868e-06  +1.581761e-04  +4.398132e-06  +9.449208e-05  +1.890104e-04  +1.383752e-04  +2.370153e-05  +1.073583e-04  +8.387101e-05  +1.712500e-04  +1.875350e-04  +2.002333e-04  +4.290953e-04  +1.827924e-04  +9.828667e-05  +1.729292e-08  +6.206345e-23  +3.093557e-48  +2.141505e-84  +2.058819e-131 
+0.000000e+00  +0.000000e+00  +0.000000e+00  +2.768747e-298  +7.228469e-224  +2.620881e-160  +1.319734e-107  +9.229184e-66  +8.963512e-35  +1.209014e-14  +2.265725e-05  +2.346201e-04  +1.901006e-04  +7.144194e-06  +4.359300e-05  +2.442106e-04  +6.672031e-05  +2.528978e-04  +2.170838e-04  +2.002951e-04  +5.642503e-05  +1.644316e-04  +1.332731e-04  +2.656176e-04  +1.515790e-04  +5.027846e-05  +1.410372e-04  +2.556265e-11  +8.925668e-29  +2.165887e-55  +1.471246e-91  +1.414413e-138 
+0.000000e+00  +0.000000e+00  +0.000000e+00  +2.340880e-302  +6.112752e-228  +2.220638e-164  +1.137417e-111  +9.171457e-70  +2.129791e-38  +3.910633e-17  +4.229981e-06  +7.698509e-05  +1.547421e-05  +1.881412e-04  +1.867058e-04  +1.336279e-04  +1.202436e-05  +2.736904e-04  +1.640523e-05  +2.717871e-04  +1.572882e-04  +2.003751e-04  +6.379073e-05  +3.512156e-04  +2.044730e-04  +5.579990e-05  +5.008852e-08  +4.853975e-18  +1.685770e-35  +8.136772e-64  +5.454576e-103  +5.079546e-153 
+0.000000e+00  +0.000000e+00  +0.000000e+00  +2.868032e-306  +6.647747e-231  +2.140422e-166  +9.571108e-113  +5.943790e-70  +5.126495e-38  +6.150916e-17  +1.094613e-06  +4.229067e-05  +6.386635e-05  +5.498148e-05  +9.852886e-06  +2.245691e-04  +1.548586e-04  +2.318437e-04  +3.133923e-06  +3.790935e-04  +2.290692e-05  +3.168055e-04  +1.043845e-04  +2.725221e-04  +1.030334e-04  +1.574886e-09  +1.183239e-16  +4.254253e-30  +4.974680e-53  +2.278141e-81  +1.527183e-120  +1.421805e-170 
+0.000000e+00  +0.000000e+00  +0.000000e+00  +1.201702e-287  +1.968243e-217  +1.185130e-156  +9.910398e-107  +1.150945e-67  +1.871500e-39  +5.888904e-20  +3.165900e-09  +1.102083e-04  +2.181430e-04  +1.438989e-04  +1.455502e-04  +1.488087e-04  +4.411073e-05  +3.782335e-04  +4.137293e-05  +1.449195e-04  +7.827702e-06  +3.597965e-04  +2.766594e-04  +7.769249e-05  +1.282721e-04  +6.040131e-05  +3.623803e-09  +1.063481e-19  +5.537205e-41  +4.060873e-73  +4.142920e-116  +5.871048e-170 
+0.000000e+00  +0.000000e+00  +7.082073e-300  +1.332304e-240  +8.524148e-188  +5.600134e-145  +9.812068e-97  +1.139525e-57  +1.837916e-29  +4.117687e-12  +1.759367e-05  +1.665673e-04  +8.086261e-05  +5.556916e-05  +9.360414e-05  +7.666792e-05  +2.094082e-04  +3.870037e-04  +5.519448e-05  +1.549298e-04  +1.027940e-04  +9.540993e-05  +5.593498e-05  +1.562023e-05  +3.949378e-05  +1.212357e-05  +8.256327e-06  +2.352527e-16  +1.195863e-37  +8.750888e-70  +1.725455e-112  +1.122065e-162 
+0.000000e+00  +2.435821e-314  +1.621546e-250  +1.499174e-197  +1.364378e-151  +1.212048e-109  +8.344351e-78  +2.150651e-53  +2.530114e-30  +6.190007e-13  +1.493065e-05  +5.739302e-05  +5.339511e-05  +4.130433e-04  +3.552087e-04  +3.587338e-04  +1.916334e-04  +1.527774e-04  +1.077680e-04  +6.843200e-05  +1.491260e-04  +2.143006e-04  +2.661686e-07  +6.678605e-15  +4.541926e-09  +5.108564e-05  +1.903684e-05  +3.490208e-14  +1.027241e-31  +7.243789e-60  +7.109906e-99  +9.691898e-149 
+0.000000e+00  +6.379920e-269  +5.218975e-212  +4.767346e-159  +6.121210e-117  +2.803787e-84  +3.324107e-53  +2.484152e-32  +8.349490e-19  +1.839576e-13  +5.030219e-07  +1.541822e-04  +2.391273e-04  +1.188207e-04  +7.788985e-05  +1.466817e-04  +9.309466e-05  +1.422909e-04  +1.873891e-04  +1.310372e-04  +1.761586e-04  +1.026563e-07  +1.520648e-09  +5.309991e-22  +9.347988e-14  +2.700401e-07  +8.757883e-05  +2.432871e-11  +1.229812e-28  +8.690540e-57  +8.530071e-96  +1.162780e-145 
+1.711917e-294  +1.207172e-228  +1.182206e-173  +1.629403e-129  +2.703336e-89  +4.820594e-58  +1.357222e-37  +1.758608e-18  +1.455253e-08  +6.539366e-06  +1.500961e-04  +1.762838e-04  +6.885805e-04  +4.077244e-04  +3.763341e-04  +4.445853e-04  +1.152083e-05  +1.464040e-04  +1.610085e-04  +2.418733e-07  +1.995177e-06  +3.579616e-11  +1.409538e-22  +4.916128e-35  +7.206643e-27  +1.483538e-16  +1.157673e-12  +4.030510e-19  +2.048865e-36  +1.448013e-64  +1.421279e-103  +1.937424e-153 
+4.498570e-265  +3.172202e-199  +3.106598e-144  +4.225201e-100  +7.985994e-67  +2.964823e-41  +7.327069e-21  +4.155212e-11  +2.471758e-05  +2.057394e-04  +1.948171e-04  +1.626498e-04  +4.485708e-04  +2.638708e-04  +4.165127e-04  +1.784135e-04  +1.239575e-04  +1.060629e-07  +8.123796e-06  +4.646151e-12  +4.575404e-18  +2.211657e-24  +6.690333e-39  +6.321114e-59  +1.142987e-49  +1.367618e-35  +2.564730e-31  +9.317869e-38  +4.740996e-55  +3.350713e-83  +3.288852e-122  +4.483213e-172 
+1.641739e-246  +1.157685e-180  +1.133744e-125  +1.541974e-81  +2.912577e-48  +7.651485e-26  +2.159821e-13  +2.541607e-05  +2.729575e-04  +1.863216e-04  +1.821747e-04  +2.694153e-04  +5.123554e-04  +1.849671e-04  +5.872727e-04  +2.764218e-04  +6.401934e-05  +1.498563e-10  +2.423891e-16  +1.405158e-22  +1.285175e-39  +2.784032e-47  +3.750325e-63  +2.433118e-88  +6.968871e-80  +3.309130e-65  +8.182199e-61  +2.994005e-67  +1.523600e-84  +1.076812e-112  +1.056932e-151  +1.440762e-201 
+8.320932e-239  +5.867570e-173  +5.746224e-118  +7.815284e-74  +1.476200e-40  +3.872464e-18  +1.416055e-06  +1.275540e-04  +2.637778e-04  +6.395125e-05  +2.088754e-04  +3.795130e-04  +4.012815e-04  +2.930926e-04  +1.948387e-04  +4.955552e-05  +5.287277e-06  +1.140081e-13  +3.614289e-31  +5.968835e-44  +4.806403e-61  +1.264115e-80  +5.909092e-98  +1.862317e-123  +1.117416e-120  +1.397595e-105  +3.647447e-101  +1.336233e-107  +6.800040e-125  +4.805965e-153  +4.717238e-192  +6.430324e-242 
+1.997526e-236  +3.252385e-171  +7.354675e-117  +2.310073e-73  +1.008654e-40  +6.342120e-19  +2.396316e-07  +1.391600e-04  +7.310479e-05  +1.497117e-04  +1.257416e-04  +3.093359e-04  +2.394162e-04  +1.704801e-04  +1.795998e-04  +8.588455e-05  +2.761589e-10  +1.489739e-22  +1.201428e-43  +4.179642e-72  +2.835456e-93  +3.171785e-121  +2.033837e-142  +2.045494e-169  +4.904677e-172  +8.582376e-157  +2.260384e-152  +8.282457e-159  +4.214927e-176  +2.978923e-204  +2.923926e-243  +3.985764e-293 
+3.108904e-235  +5.061889e-170  +1.144608e-115  +3.594674e-72  +1.569793e-39  +9.828807e-18  +1.536645e-06  +5.154481e-05  +1.204729e-04  +3.131324e-05  +1.808880e-04  +2.348767e-04  +3.092137e-04  +1.851143e-04  +1.531798e-04  +8.605445e-05  +6.635718e-06  +7.783846e-17  +1.461409e-38  +3.839664e-71  +1.401575e-114  +2.598030e-164  +1.804778e-197  +9.047354e-226  +3.937310e-234  +7.376620e-219  +1.945740e-214  +7.129770e-221  +3.628329e-238  +2.564342e-266  +2.516999e-305  +0.000000e+00 
+6.724718e-245  +1.114558e-179  +3.672337e-125  +1.053615e-80  +1.107236e-46  +1.734176e-23  +3.782807e-11  +1.160644e-09  +1.509080e-08  +1.257805e-04  +8.543704e-05  +9.684930e-05  +1.670069e-04  +2.289000e-04  +1.408248e-04  +4.761476e-05  +1.951429e-09  +6.494912e-22  +1.224905e-43  +3.219485e-76  +1.175216e-119  +5.957814e-174  +4.194637e-239  +7.724965e-292  +4.651393e-307  +8.816633e-292  +2.326147e-287  +8.523737e-294  +4.337718e-311  +0.000000e+00  +0.000000e+00  +0.000000e+00 
+3.523579e-263  +1.479680e-196  +8.675485e-141  +7.065564e-96  +7.991740e-62  +1.255376e-38  +2.738700e-26  +8.303999e-25  +4.775024e-14  +1.881280e-06  +1.361577e-04  +2.842231e-05  +1.011066e-04  +8.201904e-05  +1.939949e-04  +4.191647e-05  +1.237497e-13  +2.795579e-32  +3.451138e-59  +3.749495e-92  +1.368539e-135  +6.937878e-190  +4.884657e-255  +0.000000e+00  +0.000000e+00  +0.000000e+00  +0.000000e+00  +0.000000e+00  +0.000000e+00  +0.000000e+00  +0.000000e+00  +0.000000e+00 
+3.522579e-289  +1.487447e-222  +8.722887e-167  +7.104228e-122  +8.035474e-88  +1.262246e-64  +2.753687e-52  +1.326524e-44  +2.937365e-26  +1.110906e-14  +2.375145e-06  +3.462326e-07  +3.873120e-05  +1.880664e-04  +3.217808e-04  +8.308000e-07  +8.280170e-19  +2.935097e-39  +9.871470e-70  +4.660778e-111  +2.674324e-162  +1.122034e-216  +7.899720e-282  +0.000000e+00  +0.000000e+00  +0.000000e+00  +0.000000e+00  +0.000000e+00  +0.000000e+00  +0.000000e+00  +0.000000e+00  +0.000000e+00 
+0.000000e+00  +2.077063e-259  +1.218059e-203  +9.920305e-159  +1.122069e-124  +1.762594e-101  +3.845234e-89  +9.268466e-68  +8.154018e-45  +1.426088e-25  +3.625490e-17  +2.076435e-12  +3.343711e-06  +1.531083e-04  +7.105029e-09  +6.620345e-14  +2.996643e-26  +3.565379e-49  +5.896863e-83  +2.453252e-127  +7.156265e-180  +6.458888e-243  +8.119337e-317  +0.000000e+00  +0.000000e+00  +0.000000e+00  +0.000000e+00  +0.000000e+00  +0.000000e+00  +0.000000e+00  +0.000000e+00  +0.000000e+00 
+0.000000e+00  +4.028058e-307  +2.362188e-251  +1.923850e-206  +2.176034e-172  +3.418207e-149  +5.793607e-131  +1.268034e-96  +1.652298e-66  +3.024619e-47  +7.756962e-39  +5.840903e-24  +7.592289e-13  +2.785476e-10  +1.004808e-15  +3.252510e-30  +1.920426e-44  +2.096368e-67  +3.465662e-101  +7.957318e-146  +2.537380e-201  +1.125813e-267  +0.000000e+00  +0.000000e+00  +0.000000e+00  +0.000000e+00  +0.000000e+00  +0.000000e+00  +0.000000e+00  +0.000000e+00  +0.000000e+00  +0.000000e+00 
+0.000000e+00  +0.000000e+00  +6.362071e-310  +5.181496e-265  +5.860704e-231  +9.206242e-208  +3.901571e-170  +3.692380e-129  +4.866880e-99  +8.909081e-80  +2.440748e-63  +5.584552e-42  +7.442289e-30  +7.564225e-27  +2.820924e-32  +1.487914e-48  +2.332735e-72  +1.727405e-96  +2.829859e-130  +6.497450e-175  +2.071865e-230  +9.175247e-297  +0.000000e+00  +0.000000e+00  +0.000000e+00  +0.000000e+00  +0.000000e+00  +0.000000e+00  +0.000000e+00  +0.000000e+00  +0.000000e+00  +0.000000e+00 
+0.000000e+00  +0.000000e+00  +0.000000e+00  +0.000000e+00  +2.192158e-300  +2.330445e-265  +1.591476e-213  +1.510451e-172  +1.990906e-142  +3.853335e-123  +7.933623e-93  +7.584292e-70  +1.017660e-57  +2.914510e-54  +1.099863e-59  +5.801305e-76  +4.249627e-103  +4.938084e-136  +3.212045e-170  +7.368130e-215  +2.349500e-270  +0.000000e+00  +0.000000e+00  +0.000000e+00  +0.000000e+00  +0.000000e+00  +0.000000e+00  +0.000000e+00  +0.000000e+00  +0.000000e+00  +0.000000e+00  +0.000000e+00 
