+0.000000e+00  +0.000000e+00  +0.000000e+00  +0.000000e+00  +0.000000e+00  +0.000000e+00  +0.000000e+00  +0.000000e+00  +0.000000e+00  +0.000000e+00  +0.000000e+00  +0.000000e+00  +0.000000e+00  +2.880181e-295  +5.919668e-265  +1.689714e-245  +8.201335e-230  +9.247152e-211  +2.000700e-196  +4.883246e-191  +1.657769e-196  +7.983385e-213  +3.030101e-236  +4.131280e-263  +7.824365e-301  +0.000000e+00  +0.000000e+00  +0.000000e+00  +0.000000e+00  +0.000000e+00  +0.000000e+00  +0.000000e+00 
+0.000000e+00  +0.000000e+00  +0.000000e+00  +0.000000e+00  +0.000000e+00  +0.000000e+00  +0.000000e+00  +0.000000e+00  +0.000000e+00  +0.000000e+00  +0.000000e+00  +5.110139e-315  +1.887228e-269  +9.613654e-230  +1.974308e-199  +5.635479e-180  +1.005890e-169  +1.095496e-150  +3.153813e-138  +7.700367e-133  +2.628934e-138  +1.366338e-154  +4.547128e-174  +6.201028e-201  +1.174433e-238  +3.282500e-287  +0.000000e+00  +0.000000e+00  +0.000000e+00  +0.000000e+00  +0.000000e+00  +0.000000e+00 
+0.000000e+00  +0.000000e+00  +0.000000e+00  +0.000000e+00  +0.000000e+00  +0.000000e+00  +0.000000e+00  +0.000000e+00  +0.000000e+00  +0.000000e+00  +2.436788e-294  +8.248643e-249  +8.712906e-212  +8.151119e-175  +9.144941e-145  +2.610276e-125  +1.034925e-116  +1.824275e-101  +6.932630e-91  +1.688892e-85  +5.912503e-91  +1.370770e-106  +9.478819e-123  +1.292649e-149  +2.448862e-187  +1.156488e-227  +2.765594e-275  +0.000000e+00  +0.000000e+00  +0.000000e+00  +0.000000e+00  +0.000000e+00 
+0.000000e+00  +0.000000e+00  +0.000000e+00  +0.000000e+00  +0.000000e+00  +0.000000e+00  +0.000000e+00  +0.000000e+00  +0.000000e+00  +1.472131e-292  +5.526812e-239  +1.870852e-193  +8.795136e-159  +2.449887e-128  +6.027565e-101  +1.679114e-81  +6.656313e-73  +4.219656e-63  +2.752931e-54  +5.179046e-49  +2.014264e-54  +2.794876e-66  +2.744159e-82  +3.742280e-109  +5.577413e-141  +9.603767e-178  +2.296619e-225  +7.627359e-284  +0.000000e+00  +0.000000e+00  +0.000000e+00  +0.000000e+00 
+0.000000e+00  +0.000000e+00  +0.000000e+00  +0.000000e+00  +0.000000e+00  +0.000000e+00  +9.881313e-324  +2.481569e-295  +1.936481e-262  +1.788099e-225  +1.740906e-194  +5.892973e-149  +2.770366e-114  +1.831213e-90  +1.384054e-66  +1.501165e-48  +5.946554e-40  +1.355511e-35  +2.185368e-27  +2.271797e-23  +1.266071e-28  +1.123605e-36  +1.103322e-52  +5.189496e-76  +6.432365e-102  +1.107593e-138  +2.648667e-186  +8.796556e-245  +4.057288e-314  +0.000000e+00  +0.000000e+00  +0.000000e+00 
+0.000000e+00  +0.000000e+00  +0.000000e+00  +0.000000e+00  +0.000000e+00  +2.239930e-292  +4.132650e-253  +1.058914e-224  +3.850977e-206  +3.021058e-169  +3.874368e-143  +2.577907e-115  +1.211909e-80  +7.912468e-57  +1.704865e-41  +3.258548e-26  +7.378115e-18  +1.339500e-18  +9.358206e-11  +1.557945e-08  +1.071316e-12  +6.274046e-18  +9.924382e-33  +8.309515e-48  +1.030261e-73  +1.774012e-110  +4.242323e-158  +1.408936e-216  +3.823921e-285  +0.000000e+00  +0.000000e+00  +0.000000e+00 
+0.000000e+00  +0.000000e+00  +0.000000e+00  +0.000000e+00  +9.991956e-283  +1.327415e-232  +2.449069e-193  +6.275280e-165  +2.233074e-147  +7.242744e-124  +9.090726e-98  +1.619146e-82  +7.362767e-58  +4.807186e-34  +4.364489e-21  +2.477544e-12  +1.299604e-06  +9.929259e-07  +5.820290e-05  +2.212040e-04  +6.907975e-05  +7.610498e-10  +2.070412e-15  +1.848375e-30  +2.291721e-56  +3.961017e-93  +2.169495e-139  +6.031917e-187  +2.068084e-242  +4.467185e-308  +0.000000e+00  +0.000000e+00 
+0.000000e+00  +0.000000e+00  +0.000000e+00  +1.632913e-292  +8.235982e-234  +1.092489e-183  +2.015632e-144  +5.164680e-116  +1.837864e-98  +3.524738e-88  +2.988160e-63  +5.276187e-48  +3.352753e-43  +4.060585e-22  +3.717065e-09  +8.196233e-07  +7.450268e-05  +3.832336e-05  +9.980470e-06  +3.861383e-05  +4.624674e-05  +1.177100e-04  +6.403859e-09  +2.258408e-23  +1.014610e-45  +1.418024e-74  +8.101917e-110  +7.564213e-154  +1.181280e-208  +2.562637e-274  +0.000000e+00  +0.000000e+00 
+0.000000e+00  +0.000000e+00  +9.733515e-292  +4.250378e-245  +3.913612e-192  +1.290219e-145  +2.303879e-106  +5.903256e-78  +2.100689e-60  +1.038173e-53  +8.304028e-39  +2.399724e-24  +5.906365e-20  +8.151776e-14  +2.245086e-06  +1.052254e-04  +7.121199e-05  +1.655164e-04  +4.400009e-06  +1.974530e-05  +6.376744e-07  +7.798588e-05  +3.383838e-06  +2.342398e-16  +1.217581e-30  +6.691839e-54  +5.356699e-87  +6.024897e-131  +9.411223e-186  +2.041646e-251  +0.000000e+00  +0.000000e+00 
+0.000000e+00  +2.659895e-295  +8.353347e-238  +3.643297e-191  +2.208532e-155  +1.817845e-113  +6.334804e-79  +9.370880e-51  +3.334632e-33  +1.647995e-26  +2.788092e-23  +5.009320e-11  +3.729790e-07  +7.805476e-10  +6.600498e-05  +6.239933e-05  +1.068324e-04  +2.237844e-04  +2.370579e-04  +1.015040e-04  +1.345181e-04  +1.059959e-04  +8.880140e-05  +4.656810e-08  +1.255775e-19  +7.318165e-42  +5.926829e-75  +6.666458e-119  +2.592361e-173  +1.532931e-234  +2.103989e-306  +0.000000e+00 
+2.993433e-308  +8.391208e-250  +9.956383e-195  +4.342335e-148  +2.630240e-112  +2.213718e-87  +1.628947e-56  +3.538878e-33  +7.352381e-17  +3.633123e-10  +2.495662e-14  +1.692743e-06  +1.334202e-04  +9.644797e-05  +2.491928e-04  +1.519860e-04  +4.155004e-05  +2.768467e-04  +1.395271e-04  +1.023202e-04  +8.504964e-05  +9.082696e-05  +2.306577e-04  +1.180388e-06  +7.097524e-18  +5.158187e-37  +1.876107e-65  +9.613182e-105  +6.840981e-155  +6.760947e-216  +9.279715e-288  +0.000000e+00 
+7.184390e-261  +1.288364e-204  +8.187150e-158  +7.225203e-116  +4.353736e-80  +3.662454e-55  +4.281856e-41  +2.815382e-21  +8.021497e-09  +1.118586e-04  +1.536400e-06  +1.185451e-05  +2.294537e-04  +9.929364e-05  +2.916750e-05  +1.511484e-04  +1.904440e-04  +1.084510e-04  +6.064792e-05  +4.594299e-04  +2.478441e-04  +1.399216e-04  +2.718527e-05  +6.689801e-05  +1.172442e-11  +3.114640e-29  +1.149167e-57  +5.888387e-97  +4.190324e-147  +4.141300e-208  +5.684128e-280  +0.000000e+00 
+2.399364e-224  +4.301408e-168  +1.070987e-122  +1.807213e-87  +1.965118e-58  +8.419405e-34  +9.841283e-20  +3.187563e-16  +1.716997e-07  +3.436449e-04  +2.046445e-06  +4.690602e-04  +1.780410e-04  +2.529661e-04  +2.925148e-04  +2.403139e-04  +3.438594e-04  +2.630154e-04  +3.295336e-04  +1.914228e-04  +8.453408e-05  +1.746193e-04  +1.874683e-04  +4.606757e-05  +1.425654e-13  +3.285115e-32  +9.820315e-61  +5.009584e-100  +3.564638e-150  +3.522929e-211  +4.835384e-283  +0.000000e+00 
+1.112859e-198  +1.995055e-142  +4.967150e-97  +1.717517e-62  +1.331008e-38  +4.810346e-21  +3.148673e-09  +1.178444e-05  +1.676509e-08  +2.861005e-04  +3.162837e-04  +1.890475e-04  +1.172880e-04  +6.824556e-05  +1.760161e-04  +9.603849e-05  +1.803113e-04  +2.004959e-04  +1.607353e-04  +2.802234e-04  +1.457268e-05  +9.291700e-06  +1.335640e-04  +3.747609e-07  +8.227777e-17  +8.043653e-37  +1.499658e-67  +4.020651e-109  +1.515935e-161  +1.225847e-224  +5.778141e-297  +0.000000e+00 
+7.951764e-184  +1.289597e-127  +3.199912e-82  +1.106321e-47  +5.312619e-24  +3.887043e-11  +4.578351e-05  +7.436794e-05  +9.029933e-05  +4.986810e-05  +3.082000e-04  +3.522501e-05  +2.275828e-04  +1.194450e-04  +1.304718e-04  +1.268763e-04  +1.582316e-04  +3.502948e-04  +3.558757e-04  +2.976465e-04  +3.178964e-05  +5.793204e-05  +2.077449e-05  +3.546341e-11  +1.165415e-27  +1.821392e-49  +1.137548e-80  +2.517308e-122  +9.210951e-175  +4.758019e-238  +3.418122e-312  +0.000000e+00 
+3.344260e-173  +1.919788e-118  +1.530807e-74  +1.704492e-41  +3.080992e-19  +3.726066e-07  +6.588059e-05  +6.779995e-07  +6.543690e-05  +2.453426e-04  +3.179048e-04  +1.733078e-04  +7.311994e-05  +3.162808e-04  +2.879815e-04  +3.431825e-04  +3.915764e-04  +3.450226e-04  +6.095628e-04  +3.955297e-04  +4.290312e-05  +6.562867e-05  +1.869667e-05  +2.488073e-14  +4.600560e-34  +1.804900e-64  +4.943052e-103  +5.045971e-146  +8.785045e-199  +4.111733e-262  +0.000000e+00  +0.000000e+00 
+1.982788e-172  +1.138222e-117  +9.074350e-74  +1.004713e-40  +1.545060e-18  +3.459311e-07  +1.016172e-04  +2.060472e-05  +3.384926e-04  +1.445765e-04  +2.803512e-04  +1.030665e-04  +5.385395e-05  +1.718696e-04  +2.705883e-04  +2.844872e-04  +3.665569e-04  +3.636891e-04  +4.521382e-04  +4.930976e-04  +4.571429e-04  +1.880928e-04  +6.482066e-09  +2.693536e-22  +4.748909e-42  +1.219090e-72  +4.346258e-114  +2.151956e-166  +1.481233e-229  +8.145472e-297  +0.000000e+00  +0.000000e+00 
+1.632640e-182  +9.372625e-128  +7.658744e-84  +1.197752e-49  +9.241343e-25  +1.105712e-10  +4.755304e-05  +2.189850e-04  +5.528354e-04  +5.615904e-05  +2.368023e-04  +1.519812e-04  +3.162678e-05  +2.138822e-04  +1.212775e-04  +2.499772e-04  +2.883038e-04  +8.273482e-04  +6.973628e-04  +7.006483e-04  +3.888274e-04  +1.070144e-04  +7.768257e-08  +6.208862e-21  +9.067298e-45  +1.223008e-75  +9.953631e-117  +1.125150e-168  +1.766351e-231  +3.851074e-305  +0.000000e+00  +0.000000e+00 
+1.494896e-202  +4.049490e-145  +3.312286e-98  +2.704473e-59  +6.501231e-31  +2.241095e-13  +2.125293e-05  +1.089244e-04  +3.956361e-04  +1.528545e-04  +2.055307e-04  +2.869378e-04  +2.970497e-05  +1.127543e-04  +4.483812e-05  +3.025668e-04  +3.600786e-04  +9.139603e-04  +3.707506e-04  +6.085957e-04  +4.087960e-04  +3.468057e-04  +2.029517e-06  +5.254677e-15  +2.217173e-34  +1.299429e-64  +1.057653e-105  +1.195562e-157  +1.876890e-220  +4.092075e-294  +0.000000e+00  +0.000000e+00 
+1.268801e-188  +1.206202e-132  +1.592547e-87  +2.947130e-53  +4.814853e-28  +6.863570e-11  +1.942370e-04  +1.070357e-04  +1.458676e-04  +2.360128e-04  +8.939515e-05  +7.559752e-05  +1.336599e-04  +2.008745e-04  +6.001122e-05  +3.422265e-04  +4.198264e-04  +4.926986e-04  +5.365329e-04  +7.482643e-04  +2.867643e-04  +9.548556e-05  +8.064139e-06  +7.799019e-15  +3.271955e-34  +1.917574e-64  +1.560785e-105  +1.764298e-157  +2.769738e-220  +6.038698e-294  +0.000000e+00  +0.000000e+00 
+4.760634e-179  +4.525757e-123  +5.975242e-78  +1.095615e-43  +2.790326e-20  +1.041754e-07  +2.639609e-04  +1.987511e-05  +1.035858e-04  +2.364063e-04  +3.484961e-04  +2.963509e-04  +1.955030e-05  +9.057925e-06  +3.006847e-07  +8.261589e-06  +2.639979e-04  +8.227627e-04  +7.462290e-04  +5.232567e-04  +1.509623e-04  +1.526616e-04  +2.303705e-07  +6.275615e-20  +2.771382e-43  +4.005929e-75  +3.198916e-116  +3.615843e-168  +5.676443e-231  +1.237602e-304  +0.000000e+00  +0.000000e+00 
+2.480699e-180  +2.358307e-124  +3.113613e-79  +5.709091e-45  +1.453973e-21  +6.322434e-09  +1.182428e-04  +1.805170e-10  +6.902896e-05  +2.171743e-05  +3.241166e-07  +1.031582e-04  +1.235102e-09  +4.367100e-14  +1.990318e-17  +2.561829e-06  +1.362323e-04  +9.925496e-05  +1.818131e-04  +1.992963e-04  +1.219835e-04  +8.886302e-05  +1.714157e-11  +3.692177e-28  +8.931722e-52  +4.679892e-86  +3.405518e-131  +3.452389e-187  +1.664198e-252  +0.000000e+00  +0.000000e+00  +0.000000e+00 
+1.795234e-192  +1.706663e-136  +2.255964e-91  +1.420461e-56  +5.217626e-30  +3.751870e-14  +3.747556e-09  +5.199913e-15  +1.480605e-10  +2.358790e-11  +9.412473e-12  +1.889585e-09  +1.248261e-17  +4.607437e-32  +1.145847e-21  +4.697039e-08  +8.444860e-05  +2.084823e-05  +7.412537e-06  +2.563774e-04  +1.471402e-06  +1.959715e-10  +1.344160e-18  +2.301735e-37  +1.166124e-65  +2.001042e-104  +1.792330e-150  +1.810971e-206  +2.541752e-273  +0.000000e+00  +0.000000e+00  +0.000000e+00 
+1.827249e-215  +4.610378e-158  +1.191866e-109  +4.444324e-72  +2.301602e-45  +1.655360e-29  +1.653457e-24  +2.293710e-30  +4.472729e-27  +1.018622e-27  +5.987261e-27  +1.201751e-24  +3.350564e-33  +3.422752e-52  +2.322120e-28  +2.672279e-14  +6.833271e-07  +1.929093e-05  +3.468358e-05  +4.553535e-06  +2.425402e-13  +1.598018e-26  +6.088619e-35  +5.744590e-54  +7.650430e-84  +3.294181e-124  +4.114895e-174  +1.214362e-234  +1.862361e-303  +0.000000e+00  +0.000000e+00  +0.000000e+00 
+1.406836e-243  +2.719903e-184  +7.303011e-136  +2.723256e-98  +1.410305e-71  +1.014321e-55  +1.013155e-50  +1.405447e-56  +1.912661e-54  +6.115121e-55  +5.289207e-53  +1.061639e-50  +2.959382e-59  +2.280670e-70  +1.888877e-45  +1.043846e-27  +3.722351e-17  +1.669175e-10  +9.269932e-09  +9.136184e-17  +3.928079e-24  +2.545807e-42  +3.868263e-62  +3.648971e-81  +4.780404e-111  +8.700410e-152  +2.259846e-203  +2.601450e-265  +0.000000e+00  +0.000000e+00  +0.000000e+00  +0.000000e+00 
+1.197191e-280  +2.314590e-221  +6.214736e-173  +2.317444e-135  +1.200145e-108  +8.631695e-93  +8.621771e-88  +1.196010e-93  +1.164779e-92  +5.101472e-93  +6.489197e-90  +1.302498e-87  +3.630792e-96  +2.576049e-98  +3.076611e-70  +7.895886e-49  +3.030118e-37  +1.099191e-24  +6.105141e-23  +4.709300e-32  +1.009717e-45  +6.542011e-64  +5.886557e-93  +3.219634e-119  +4.217926e-149  +7.674134e-190  +1.939102e-241  +6.808495e-304  +0.000000e+00  +0.000000e+00  +0.000000e+00  +0.000000e+00 
+0.000000e+00  +2.735475e-269  +7.344823e-221  +2.738848e-183  +1.418379e-156  +1.020128e-140  +1.018955e-135  +1.413492e-141  +1.016517e-141  +5.912866e-142  +1.105680e-137  +2.219297e-135  +6.186424e-144  +1.750958e-134  +3.230458e-102  +8.296562e-81  +2.513889e-62  +1.005381e-49  +5.584097e-48  +4.307382e-57  +4.974823e-77  +2.335443e-96  +2.101450e-125  +2.630018e-165  +5.168601e-198  +9.403800e-239  +2.376138e-290  +0.000000e+00  +0.000000e+00  +0.000000e+00  +0.000000e+00  +0.000000e+00 
+0.000000e+00  +0.000000e+00  +1.205530e-279  +4.495360e-242  +2.328032e-215  +1.674370e-199  +1.672445e-194  +2.320011e-200  +1.278281e-201  +9.520390e-202  +2.616408e-196  +5.251602e-194  +1.463915e-202  +2.549196e-177  +4.714056e-145  +1.121012e-121  +3.193311e-98  +1.277102e-85  +7.093297e-84  +5.471527e-93  +5.861474e-113  +1.157972e-139  +1.041874e-168  +1.301976e-208  +9.021954e-258  +1.600351e-298  +0.000000e+00  +0.000000e+00  +0.000000e+00  +0.000000e+00  +0.000000e+00  +0.000000e+00 
+0.000000e+00  +0.000000e+00  +0.000000e+00  +1.024706e-311  +5.306688e-285  +3.816682e-269  +3.812294e-264  +5.288405e-270  +2.324091e-272  +2.129252e-272  +8.598442e-266  +1.725862e-263  +4.849742e-272  +5.166207e-231  +9.554462e-199  +1.956265e-168  +5.633448e-145  +2.252988e-132  +1.251357e-130  +9.652541e-140  +1.034046e-159  +1.539222e-190  +7.173798e-223  +8.964722e-263  +1.555831e-313  +0.000000e+00  +0.000000e+00  +0.000000e+00  +0.000000e+00  +0.000000e+00  +0.000000e+00  +0.000000e+00 
+0.000000e+00  +0.000000e+00  +0.000000e+00  +0.000000e+00  +0.000000e+00  +0.000000e+00  +0.000000e+00  +0.000000e+00  +0.000000e+00  +0.000000e+00  +0.000000e+00  +0.000000e+00  +0.000000e+00  +1.454047e-295  +2.314170e-260  +4.792905e-226  +1.380211e-202  +5.519883e-190  +3.065860e-188  +2.364900e-197  +2.533443e-217  +3.769184e-248  +6.937831e-288  +0.000000e+00  +0.000000e+00  +0.000000e+00  +0.000000e+00  +0.000000e+00  +0.000000e+00  +0.000000e+00  +0.000000e+00  +0.000000e+00 
+0.000000e+00  +0.000000e+00  +0.000000e+00  +0.000000e+00  +0.000000e+00  +0.000000e+00  +0.000000e+00  +0.000000e+00  +0.000000e+00  +0.000000e+00  +0.000000e+00  +0.000000e+00  +0.000000e+00  +0.000000e+00  +0.000000e+00  +1.630827e-294  +4.696285e-271  +1.878187e-258  +1.043185e-256  +8.046773e-266  +8.620255e-286  +1.282497e-316  +0.000000e+00  +0.000000e+00  +0.000000e+00  +0.000000e+00  +0.000000e+00  +0.000000e+00  +0.000000e+00  +0.000000e+00  +0.000000e+00  +0.000000e+00 
+0.000000e+00  +0.000000e+00  +0.000000e+00  +0.000000e+00  +0.000000e+00  +0.000000e+00  +0.000000e+00  +0.000000e+00  +0.000000e+00  +0.000000e+00  +0.000000e+00  +0.000000e+00  +0.000000e+00  +0.000000e+00  +0.000000e+00  +0.000000e+00  +0.000000e+00  +0.000000e+00  +0.000000e+00  +0.000000e+00  +0.000000e+00  +0.000000e+00  +0.000000e+00  +0.000000e+00  +0.000000e+00  +0.000000e+00  +0.000000e+00  +0.000000e+00  +0.000000e+00  +0.000000e+00  +0.000000e+00  +0.000000e+00 
