+0.000000e+00  +0.000000e+00  +0.000000e+00  +0.000000e+00  +4.940656e-324  +3.603420e-267  +2.511731e-221  +2.431473e-186  +3.268915e-162  +6.250985e-149  +3.108280e-140  +9.094863e-141  +3.696402e-152  +1.482172e-167  +9.166441e-171  +1.530757e-160  +8.663194e-143  +1.801689e-132  +5.203785e-133  +2.087358e-144  +1.162820e-166  +8.996342e-200  +9.666235e-244  +1.442403e-298  +0.000000e+00  +0.000000e+00  +0.000000e+00  +0.000000e+00  +0.000000e+00  +0.000000e+00  +0.000000e+00  +0.000000e+00 
+0.000000e+00  +0.000000e+00  +0.000000e+00  +0.000000e+00  +7.230587e-274  +3.629055e-217  +2.529600e-171  +2.448771e-136  +3.292170e-112  +6.153011e-99  +1.292873e-91  +3.782918e-92  +1.753485e-103  +5.471087e-116  +3.356363e-118  +5.602851e-108  +9.431230e-96  +1.961412e-85  +5.665115e-86  +2.272409e-97  +1.265909e-119  +9.793909e-153  +1.052320e-196  +1.570281e-251  +3.254206e-317  +0.000000e+00  +0.000000e+00  +0.000000e+00  +0.000000e+00  +0.000000e+00  +0.000000e+00  +0.000000e+00 
+0.000000e+00  +0.000000e+00  +0.000000e+00  +3.078008e-287  +3.635145e-229  +5.077319e-178  +3.538087e-132  +3.425033e-97  +4.604674e-73  +8.597832e-60  +7.470489e-54  +2.185223e-54  +1.117450e-63  +2.804703e-75  +1.706840e-76  +2.849211e-66  +1.434502e-59  +2.966148e-49  +8.567159e-50  +3.436520e-61  +1.914428e-83  +1.481144e-116  +1.591453e-160  +2.374808e-215  +4.921543e-281  +0.000000e+00  +0.000000e+00  +0.000000e+00  +0.000000e+00  +0.000000e+00  +0.000000e+00  +0.000000e+00 
+0.000000e+00  +0.000000e+00  +1.023131e-315  +8.694432e-247  +1.026105e-188  +1.684043e-141  +7.834333e-104  +6.653029e-69  +8.944447e-45  +1.670038e-31  +6.034675e-27  +1.753087e-27  +7.892582e-34  +1.996815e-45  +1.206661e-45  +2.013331e-35  +3.595738e-33  +6.253871e-24  +1.806603e-24  +7.248013e-36  +4.038463e-58  +3.125032e-91  +3.358413e-135  +5.012510e-190  +1.039006e-255  +0.000000e+00  +0.000000e+00  +0.000000e+00  +0.000000e+00  +0.000000e+00  +0.000000e+00  +0.000000e+00 
+0.000000e+00  +0.000000e+00  +4.037304e-286  +3.410765e-217  +4.025316e-159  +6.597688e-112  +1.505876e-75  +1.315263e-49  +2.413152e-27  +4.505243e-14  +7.843530e-11  +1.960271e-11  +7.803915e-15  +1.974364e-26  +1.214238e-25  +2.002123e-15  +2.277214e-15  +1.965634e-09  +5.663931e-10  +2.278628e-21  +1.273250e-43  +9.881894e-77  +1.065258e-120  +1.594994e-175  +3.317068e-241  +9.581707e-318  +0.000000e+00  +0.000000e+00  +0.000000e+00  +0.000000e+00  +0.000000e+00  +0.000000e+00 
+0.000000e+00  +1.482197e-323  +8.280210e-252  +6.604170e-191  +2.924621e-140  +3.594472e-93  +8.182273e-57  +2.601533e-31  +3.714233e-16  +1.757579e-07  +5.413034e-05  +6.143881e-05  +1.072252e-06  +4.147297e-16  +3.064975e-13  +3.641992e-06  +7.589328e-07  +9.551933e-05  +5.100845e-06  +2.093549e-17  +1.193774e-39  +9.457082e-73  +1.040847e-116  +1.591513e-171  +3.380845e-237  +9.977703e-314  +0.000000e+00  +0.000000e+00  +0.000000e+00  +0.000000e+00  +0.000000e+00  +0.000000e+00 
+0.000000e+00  +7.015451e-298  +4.028974e-226  +3.213449e-165  +3.559477e-115  +5.475699e-76  +1.324799e-47  +1.972608e-23  +9.046180e-09  +2.486589e-04  +2.074619e-04  +1.604885e-04  +1.398729e-04  +3.336047e-08  +2.798239e-07  +1.304725e-04  +7.208300e-05  +4.884591e-05  +3.239077e-11  +1.271018e-23  +7.351357e-46  +5.905446e-79  +6.588675e-123  +1.020946e-177  +2.197184e-243  +6.567121e-320  +0.000000e+00  +0.000000e+00  +0.000000e+00  +0.000000e+00  +0.000000e+00  +0.000000e+00 
+0.000000e+00  +4.740746e-283  +2.722611e-211  +2.171513e-150  +2.405344e-100  +3.700241e-61  +7.905344e-33  +2.350782e-15  +1.167281e-06  +1.011583e-04  +1.985341e-04  +1.290603e-04  +5.027113e-05  +9.237700e-05  +9.201029e-05  +1.123619e-04  +1.046458e-05  +6.191886e-13  +1.203010e-19  +1.005221e-36  +9.829199e-63  +7.812462e-96  +8.727306e-140  +1.353979e-194  +2.917310e-260  +0.000000e+00  +0.000000e+00  +0.000000e+00  +0.000000e+00  +0.000000e+00  +0.000000e+00  +0.000000e+00 
+0.000000e+00  +4.456879e-279  +2.555140e-207  +2.037940e-146  +2.257388e-96  +3.472634e-57  +7.419075e-29  +2.201303e-11  +9.147104e-05  +1.833957e-04  +2.202993e-04  +2.308556e-04  +1.150609e-04  +2.919873e-04  +1.007800e-04  +1.208492e-04  +2.739543e-09  +1.026373e-22  +1.821697e-32  +8.065228e-53  +3.952776e-72  +5.496232e-101  +1.061372e-140  +2.846721e-191  +1.062203e-252  +1.105066e-282  +2.210087e-299  +0.000000e+00  +0.000000e+00  +0.000000e+00  +0.000000e+00  +0.000000e+00 
+1.043830e-289  +6.259948e-231  +5.221892e-183  +6.052562e-146  +7.508177e-101  +1.449423e-60  +3.898870e-31  +1.456996e-12  +7.676702e-05  +1.206640e-04  +9.317611e-05  +1.526764e-04  +1.507179e-04  +1.472225e-04  +1.251570e-04  +1.763873e-04  +6.722067e-07  +7.648997e-09  +2.317309e-18  +2.856299e-29  +2.859878e-47  +3.980128e-76  +7.825639e-116  +2.863527e-166  +2.201019e-205  +3.171871e-211  +6.358050e-228  +3.804582e-254  +5.543015e-270  +1.176441e-296  +0.000000e+00  +0.000000e+00 
+1.922161e-240  +8.506760e-191  +5.863056e-143  +6.792337e-106  +1.156247e-79  +2.357268e-59  +1.960748e-36  +9.829097e-18  +2.984383e-06  +3.855229e-04  +1.524394e-04  +3.580080e-04  +2.388032e-04  +9.045227e-05  +4.769074e-04  +2.345635e-04  +2.216087e-04  +1.562644e-05  +3.982843e-08  +2.896904e-15  +3.425419e-33  +1.966635e-61  +6.255193e-100  +1.958545e-143  +8.787411e-145  +1.270659e-150  +2.561998e-167  +1.021351e-186  +1.560849e-202  +3.318964e-229  +6.283394e-259  +4.182197e-295 
+1.779383e-191  +2.189760e-150  +2.678990e-112  +1.059140e-76  +1.704073e-50  +2.959823e-34  +1.406224e-23  +3.397502e-14  +2.493684e-06  +2.576390e-04  +2.728317e-04  +9.186154e-05  +1.291021e-04  +1.661177e-04  +1.130685e-04  +4.453368e-06  +1.682776e-04  +9.981526e-05  +1.713910e-04  +1.617774e-10  +3.228853e-27  +1.589200e-53  +1.789444e-81  +3.718565e-95  +4.908450e-95  +7.159536e-101  +1.464967e-117  +3.994182e-130  +6.103991e-146  +4.211700e-171  +1.055325e-196  +7.036229e-233 
+2.514679e-153  +2.714501e-112  +5.285786e-82  +8.752200e-55  +3.690317e-32  +8.249657e-17  +2.025507e-09  +4.409990e-06  +5.464739e-05  +3.163628e-05  +1.010376e-04  +1.669494e-04  +1.643707e-04  +4.387791e-04  +2.403384e-04  +1.225813e-04  +1.685146e-04  +9.179881e-05  +2.660616e-05  +6.902244e-11  +2.567812e-18  +2.208972e-35  +9.366512e-52  +9.808628e-58  +3.879764e-56  +5.781641e-62  +1.551491e-78  +2.169295e-84  +3.321427e-100  +5.216551e-120  +2.465732e-145  +1.644044e-181 
+8.729118e-126  +5.332373e-85  +7.987061e-55  +3.446367e-35  +5.767090e-19  +2.573727e-09  +8.457769e-05  +1.003825e-04  +2.254130e-04  +1.115053e-04  +9.622195e-06  +2.730797e-04  +1.749655e-04  +7.709540e-05  +3.543698e-05  +7.143967e-05  +9.479230e-05  +4.587114e-05  +2.528912e-04  +1.068979e-04  +5.261899e-11  +5.712846e-28  +3.429985e-25  +3.631409e-31  +4.456997e-28  +6.973297e-34  +1.567045e-44  +1.636242e-49  +4.448959e-64  +1.667064e-79  +8.001237e-105  +5.334925e-141 
+4.950780e-104  +3.491256e-66  +2.772011e-38  +4.534146e-19  +7.971350e-10  +8.560242e-05  +1.323489e-04  +3.081393e-04  +1.555877e-04  +3.844560e-04  +6.752112e-05  +7.112480e-05  +2.272243e-04  +1.557208e-04  +2.057852e-04  +1.387124e-04  +3.121985e-04  +8.167825e-05  +1.240049e-04  +1.257829e-04  +1.199286e-10  +2.730352e-11  +1.745525e-09  +2.567980e-15  +7.852772e-11  +2.344618e-16  +1.605545e-20  +1.717322e-25  +2.480234e-35  +7.510784e-50  +3.607261e-75  +3.641262e-111 
+2.111710e-82  +3.235971e-50  +6.834339e-28  +1.477651e-11  +5.443921e-05  +3.268755e-05  +1.249911e-04  +2.915956e-05  +2.076538e-04  +2.805312e-04  +3.291584e-05  +1.268806e-04  +1.673730e-04  +1.708567e-04  +1.468738e-04  +2.155209e-04  +2.093395e-04  +3.799302e-04  +1.582042e-04  +2.120343e-05  +1.094751e-04  +9.092459e-05  +1.668049e-04  +2.080201e-06  +2.297790e-04  +2.054571e-06  +2.306373e-07  +4.246552e-11  +1.366821e-16  +4.793561e-31  +1.827959e-54  +7.712822e-81 
+2.908833e-71  +4.457428e-39  +9.486102e-18  +2.803940e-07  +8.158508e-05  +9.259531e-05  +2.641435e-04  +1.046772e-04  +3.320832e-04  +2.319641e-04  +1.948253e-04  +1.012771e-04  +1.757794e-04  +6.490385e-05  +7.861960e-05  +2.045769e-04  +1.469485e-04  +3.387281e-04  +3.799708e-04  +2.923748e-04  +2.783092e-04  +1.772459e-04  +2.984264e-06  +1.614587e-04  +7.420168e-05  +1.911219e-04  +1.407350e-04  +1.975805e-04  +2.397147e-08  +5.230834e-19  +1.630366e-34  +7.099586e-61 
+5.564695e-71  +8.527653e-39  +1.826606e-17  +9.748148e-07  +2.483921e-05  +8.770488e-07  +2.266658e-04  +2.158839e-04  +2.188176e-04  +3.844113e-05  +7.288035e-05  +3.254673e-05  +9.268253e-07  +2.595415e-04  +1.742108e-05  +3.297296e-04  +2.591436e-04  +1.005721e-04  +3.517159e-04  +2.500736e-04  +2.538945e-04  +3.346050e-04  +5.103871e-04  +1.152975e-04  +7.686942e-05  +1.420748e-04  +2.046619e-04  +4.075441e-04  +3.180386e-05  +6.650102e-10  +2.084351e-25  +9.076005e-52 
+5.750955e-81  +8.195844e-47  +2.171432e-23  +8.011625e-11  +1.268723e-06  +5.054563e-05  +1.902667e-04  +1.165259e-04  +4.228536e-04  +1.936928e-04  +1.027608e-04  +9.744854e-05  +1.377598e-04  +3.472072e-05  +2.967809e-04  +1.274222e-04  +1.245444e-04  +1.780669e-04  +2.247120e-04  +6.601245e-04  +2.855173e-04  +2.036527e-04  +4.074664e-04  +2.357515e-04  +1.847532e-04  +3.013843e-04  +2.063044e-04  +1.355473e-04  +7.453810e-05  +2.220935e-10  +1.314883e-26  +2.200923e-53 
+1.084205e-95  +2.074048e-61  +5.510155e-38  +5.809214e-25  +9.220689e-13  +3.163717e-11  +3.659825e-07  +1.398903e-05  +8.671820e-05  +1.449112e-04  +6.119633e-05  +3.283979e-05  +1.101761e-04  +2.688481e-04  +3.876088e-05  +1.841720e-04  +1.186263e-04  +2.612052e-04  +2.673691e-04  +4.499876e-04  +1.511595e-04  +4.474130e-04  +5.479141e-05  +3.446849e-04  +1.234311e-04  +9.104392e-05  +1.766166e-04  +6.605421e-05  +3.588521e-08  +1.331215e-17  +9.222627e-35  +5.752184e-62 
+3.820997e-121  +7.309436e-87  +1.978185e-63  +6.384833e-42  +1.560733e-29  +3.655277e-26  +1.562696e-12  +2.729788e-05  +8.854569e-05  +2.529758e-05  +7.138408e-05  +7.873833e-06  +3.279636e-05  +2.455910e-04  +4.772744e-05  +1.378951e-04  +8.813128e-06  +1.985740e-04  +1.069935e-04  +2.788613e-04  +1.589769e-04  +3.817982e-04  +2.998902e-04  +1.552992e-04  +1.536912e-04  +1.229980e-04  +6.739569e-05  +3.524481e-05  +1.055197e-13  +6.717619e-31  +2.921255e-51  +7.968946e-81 
+1.870164e-157  +3.578233e-123  +8.527971e-93  +1.385284e-64  +6.613532e-39  +1.592204e-19  +5.380741e-07  +1.310272e-04  +1.704549e-05  +1.547063e-12  +2.437593e-13  +4.970398e-16  +9.428245e-09  +7.711667e-06  +9.064142e-06  +6.315608e-11  +1.286311e-08  +1.561535e-05  +1.390233e-06  +2.170088e-04  +1.624119e-04  +2.087999e-04  +2.280190e-04  +2.109124e-04  +2.059087e-04  +7.870804e-06  +1.426170e-04  +7.533912e-09  +2.290446e-17  +9.724266e-37  +5.733655e-67  +1.496305e-106 
+6.729731e-194  +1.199334e-135  +2.968385e-88  +1.020325e-51  +4.870736e-26  +3.229154e-11  +1.361622e-06  +7.743131e-05  +1.050932e-09  +3.090941e-21  +1.264997e-32  +1.676647e-32  +9.415262e-19  +7.395968e-16  +2.481160e-16  +1.574268e-21  +1.356406e-21  +2.284978e-15  +1.787738e-16  +1.907776e-06  +1.803953e-04  +2.425902e-04  +2.665378e-06  +7.662133e-05  +1.156457e-04  +4.755502e-06  +5.662158e-08  +1.163724e-16  +6.946226e-32  +2.931452e-51  +1.728453e-81  +1.415370e-122 
+6.883984e-192  +1.226824e-133  +3.036424e-86  +1.043712e-49  +4.982379e-24  +3.303170e-09  +3.058498e-05  +2.249715e-06  +4.142796e-16  +8.403591e-34  +4.769996e-58  +2.345126e-53  +1.317040e-39  +1.028255e-36  +1.012809e-37  +6.459238e-43  +2.134800e-42  +4.687715e-36  +2.137144e-21  +6.047419e-10  +4.118281e-06  +2.335461e-04  +3.491126e-04  +3.116739e-05  +1.736332e-04  +2.408136e-07  +1.799387e-18  +5.915284e-31  +2.284933e-50  +1.238607e-76  +7.236380e-107  +5.925622e-148 
+9.779574e-201  +1.742859e-142  +4.313626e-95  +1.482725e-58  +7.078103e-33  +4.692573e-18  +4.322860e-14  +2.974035e-16  +5.411106e-26  +1.367327e-46  +4.988436e-78  +4.555863e-85  +2.558605e-71  +1.995877e-68  +5.760537e-70  +3.682691e-75  +6.082271e-74  +4.626387e-58  +9.371650e-36  +9.655355e-24  +9.431119e-12  +4.866291e-06  +1.405043e-04  +2.528255e-04  +1.380526e-04  +3.513271e-07  +4.652821e-20  +8.558036e-44  +1.315826e-75  +8.653530e-106  +4.267027e-143  +3.445369e-184 
+1.929470e-220  +3.438589e-162  +8.510608e-115  +2.925356e-78  +1.396481e-52  +9.258253e-38  +8.524764e-34  +5.461040e-37  +9.934288e-47  +2.510283e-67  +8.809408e-99  +1.229173e-127  +6.903123e-114  +5.384241e-111  +4.556064e-113  +2.916012e-118  +4.338409e-116  +2.817469e-83  +5.731289e-61  +3.693231e-40  +1.170959e-24  +9.860669e-16  +1.227219e-09  +3.112353e-09  +6.062359e-08  +5.727218e-12  +7.583969e-25  +1.394937e-48  +3.563287e-83  +1.264110e-128  +6.383370e-183  +2.842517e-231 
+5.286814e-251  +9.421853e-193  +2.331936e-145  +8.015577e-109  +3.826405e-83  +2.536793e-68  +2.335711e-64  +1.395109e-68  +2.532943e-78  +6.400463e-99  +2.246133e-130  +1.094706e-172  +2.586580e-167  +2.017426e-164  +5.007456e-167  +3.206648e-172  +1.633734e-152  +2.382963e-119  +2.810633e-90  +8.109826e-65  +2.083133e-46  +2.616780e-32  +3.727387e-24  +6.906020e-24  +1.491841e-21  +1.318350e-27  +1.716782e-40  +3.157717e-64  +8.066206e-99  +2.861563e-144  +1.409858e-200  +9.646844e-268 
+2.011815e-292  +3.585340e-234  +8.873819e-187  +3.050203e-150  +1.456079e-124  +9.653372e-110  +8.888148e-106  +5.043165e-111  +8.969165e-121  +2.266408e-141  +7.953568e-173  +3.876359e-215  +1.345997e-231  +1.049820e-228  +7.645568e-232  +4.897241e-237  +1.918997e-199  +4.129498e-162  +1.487134e-126  +1.881801e-97  +4.742659e-76  +1.271155e-59  +2.023830e-49  +7.676580e-49  +5.162483e-46  +1.171726e-53  +5.397254e-67  +9.927267e-91  +2.535863e-125  +8.996215e-171  +4.432327e-227  +3.032786e-294 
+0.000000e+00  +1.894795e-286  +4.689672e-239  +1.611984e-202  +7.695146e-177  +5.101654e-162  +4.697243e-158  +3.024839e-164  +4.410792e-174  +1.114558e-194  +3.911349e-226  +1.906288e-268  +9.727481e-307  +7.587015e-304  +1.621475e-307  +2.980646e-301  +1.201489e-255  +1.303515e-209  +3.307104e-170  +8.114916e-141  +2.693873e-114  +1.582381e-96  +1.529408e-85  +2.541408e-84  +2.481265e-81  +3.690816e-89  +2.357248e-104  +4.334352e-128  +1.107185e-162  +3.927844e-208  +1.935202e-264  +0.000000e+00 
+0.000000e+00  +0.000000e+00  +3.442012e-302  +1.183125e-265  +5.647896e-240  +3.744388e-225  +3.447569e-221  +6.064079e-228  +3.012445e-238  +7.612111e-259  +2.671340e-290  +0.000000e+00  +0.000000e+00  +0.000000e+00  +0.000000e+00  +0.000000e+00  +4.315452e-314  +1.121288e-264  +1.576293e-224  +1.308169e-190  +2.149106e-163  +1.597394e-143  +1.605157e-132  +1.576272e-130  +1.656250e-127  +2.451860e-135  +1.479293e-152  +2.628189e-176  +6.713556e-211  +2.381698e-256  +1.173434e-312  +0.000000e+00 
+0.000000e+00  +0.000000e+00  +0.000000e+00  +0.000000e+00  +5.756978e-314  +3.816706e-299  +3.514154e-295  +4.650603e-302  +2.857325e-313  +0.000000e+00  +0.000000e+00  +0.000000e+00  +0.000000e+00  +0.000000e+00  +0.000000e+00  +0.000000e+00  +0.000000e+00  +0.000000e+00  +1.329626e-288  +1.434585e-250  +5.548629e-223  +2.327633e-201  +2.339644e-190  +1.443735e-187  +1.535383e-184  +2.272832e-192  +5.875855e-211  +2.213245e-235  +5.653573e-270  +2.005659e-315  +0.000000e+00  +0.000000e+00 
+0.000000e+00  +0.000000e+00  +0.000000e+00  +0.000000e+00  +0.000000e+00  +0.000000e+00  +0.000000e+00  +0.000000e+00  +0.000000e+00  +0.000000e+00  +0.000000e+00  +0.000000e+00  +0.000000e+00  +0.000000e+00  +0.000000e+00  +0.000000e+00  +0.000000e+00  +0.000000e+00  +0.000000e+00  +2.183770e-321  +6.545595e-292  +4.711767e-270  +4.736091e-259  +1.855186e-255  +1.976720e-252  +2.926145e-260  +6.029748e-279  +2.590140e-305  +0.000000e+00  +0.000000e+00  +0.000000e+00  +0.000000e+00 
