+0.000000e+00  +0.000000e+00  +0.000000e+00  +0.000000e+00  +0.000000e+00  +0.000000e+00  +0.000000e+00  +0.000000e+00  +0.000000e+00  +0.000000e+00  +1.475417e-315  +8.490739e-248  +6.786007e-191  +7.532187e-145  +1.161090e-109  +2.485699e-85  +7.390420e-72  +3.051601e-69  +1.749944e-77  +1.393666e-96  +1.541456e-126  +2.367781e-167  +2.079709e-188  +2.339241e-196  +3.654141e-215  +7.950211e-245  +1.232505e-281  +0.000000e+00  +0.000000e+00  +0.000000e+00  +0.000000e+00  +0.000000e+00 
+0.000000e+00  +0.000000e+00  +0.000000e+00  +0.000000e+00  +0.000000e+00  +0.000000e+00  +0.000000e+00  +0.000000e+00  +0.000000e+00  +0.000000e+00  +1.254270e-283  +7.218084e-216  +5.768870e-159  +6.403207e-113  +9.870570e-78  +2.113124e-53  +6.282689e-40  +2.594204e-37  +1.487650e-45  +1.184773e-64  +1.310411e-94  +1.298445e-133  +1.035316e-130  +1.164515e-138  +1.819105e-157  +4.035170e-186  +1.970979e-220  +1.481964e-265  +1.546425e-321  +0.000000e+00  +0.000000e+00  +0.000000e+00 
+0.000000e+00  +0.000000e+00  +0.000000e+00  +0.000000e+00  +0.000000e+00  +0.000000e+00  +0.000000e+00  +0.000000e+00  +0.000000e+00  +0.000000e+00  +1.945990e-262  +8.561618e-195  +6.811381e-138  +7.559836e-92  +1.165351e-56  +2.494821e-32  +7.417541e-19  +3.062799e-16  +1.756366e-24  +1.398780e-43  +1.547113e-73  +8.837849e-87  +7.157823e-84  +8.051065e-92  +1.278405e-110  +8.087129e-136  +4.378218e-170  +3.291948e-215  +3.437532e-271  +0.000000e+00  +0.000000e+00  +0.000000e+00 
+0.000000e+00  +0.000000e+00  +0.000000e+00  +0.000000e+00  +0.000000e+00  +0.000000e+00  +0.000000e+00  +0.000000e+00  +0.000000e+00  +1.778636e-322  +1.100580e-245  +9.397938e-180  +1.115587e-124  +1.959432e-80  +2.330596e-46  +4.103980e-22  +1.216279e-08  +5.021936e-06  +2.879834e-14  +2.293522e-33  +5.578639e-55  +8.485798e-51  +6.872695e-48  +7.730583e-56  +6.520364e-73  +2.494785e-96  +1.350675e-130  +1.015563e-175  +7.709393e-219  +9.772797e-261  +1.388041e-310  +0.000000e+00 
+0.000000e+00  +0.000000e+00  +0.000000e+00  +0.000000e+00  +0.000000e+00  +0.000000e+00  +0.000000e+00  +0.000000e+00  +0.000000e+00  +5.881837e-316  +3.616426e-239  +3.088048e-173  +3.662068e-118  +6.031242e-74  +1.379511e-40  +4.382184e-18  +1.935966e-06  +1.438401e-05  +1.377465e-11  +2.967083e-19  +2.570993e-33  +1.131561e-25  +9.164551e-23  +1.128501e-30  +2.741872e-44  +1.068869e-67  +5.786900e-102  +8.523866e-134  +2.869769e-167  +2.934508e-206  +4.167916e-256  +8.221303e-317 
+0.000000e+00  +0.000000e+00  +0.000000e+00  +0.000000e+00  +0.000000e+00  +0.000000e+00  +0.000000e+00  +0.000000e+00  +0.000000e+00  +2.684259e-320  +1.650347e-243  +1.409223e-177  +1.671176e-122  +2.752343e-78  +6.295365e-45  +1.999762e-22  +1.135203e-10  +2.983065e-05  +3.154892e-05  +6.575369e-09  +5.539292e-20  +2.153731e-11  +1.697507e-08  +5.831177e-14  +1.631450e-26  +6.382249e-50  +1.820626e-70  +1.683298e-95  +1.196587e-123  +1.223742e-162  +1.738095e-212  +3.428430e-273 
+0.000000e+00  +0.000000e+00  +0.000000e+00  +0.000000e+00  +3.014569e-309  +5.786677e-296  +1.113681e-287  +1.048913e-278  +1.101939e-264  +1.607731e-261  +1.045946e-258  +8.931278e-193  +1.059146e-137  +1.744361e-93  +3.996223e-60  +8.425625e-33  +1.548734e-13  +3.954967e-05  +1.257214e-05  +3.383126e-05  +3.058727e-12  +1.779390e-05  +7.536781e-05  +4.807808e-07  +4.873861e-19  +8.286889e-29  +1.908080e-44  +9.410850e-63  +6.930055e-91  +7.087326e-130  +1.006621e-179  +1.985582e-240 
+0.000000e+00  +1.394885e-315  +5.581714e-279  +3.115800e-253  +3.811232e-235  +6.254159e-223  +9.281805e-215  +1.774929e-209  +1.864657e-195  +2.720538e-192  +5.512500e-200  +3.494067e-203  +1.963108e-146  +1.531776e-100  +1.659975e-65  +8.574928e-40  +1.537992e-20  +5.645522e-09  +1.102108e-04  +1.234689e-04  +3.720510e-06  +7.553889e-09  +1.349973e-04  +2.655742e-05  +1.893558e-07  +9.904014e-14  +1.427546e-23  +7.569363e-41  +5.574002e-69  +5.700500e-108  +8.096488e-158  +1.597273e-218 
+3.447907e-297  +2.308145e-250  +8.527432e-214  +4.750273e-188  +7.051653e-172  +3.235498e-160  +1.074340e-152  +4.171486e-151  +4.382058e-137  +6.393431e-134  +1.295471e-141  +1.992409e-151  +9.563180e-131  +7.461966e-85  +8.086157e-50  +1.216944e-25  +2.834803e-12  +5.483225e-06  +2.924047e-05  +2.059649e-04  +1.074545e-04  +5.688062e-05  +1.337771e-04  +3.504984e-04  +2.603250e-04  +4.181535e-06  +1.594623e-12  +8.455298e-30  +6.258285e-58  +7.179949e-96  +1.863675e-142  +7.371356e-200 
+1.134520e-241  +1.236587e-195  +1.878693e-159  +1.006770e-133  +9.426256e-119  +6.640712e-108  +1.726991e-101  +1.832848e-103  +1.430195e-89  +2.086658e-86  +4.228100e-94  +5.276545e-101  +1.077846e-92  +1.925696e-79  +5.470640e-45  +8.233165e-21  +1.726288e-07  +2.866051e-04  +1.627026e-04  +1.180952e-04  +2.582894e-04  +2.161895e-04  +1.803595e-04  +1.398758e-04  +3.741822e-05  +4.600379e-05  +9.337525e-10  +9.901177e-24  +1.463245e-48  +3.074427e-84  +1.520197e-130  +8.439653e-187 
+6.406378e-197  +4.642140e-151  +9.710670e-116  +3.017294e-90  +2.299456e-75  +2.219738e-66  +3.855568e-61  +1.053169e-63  +6.482619e-53  +9.458154e-50  +1.919007e-57  +1.940702e-61  +3.058084e-58  +2.124787e-45  +4.085466e-39  +7.736646e-27  +1.767477e-13  +9.285740e-07  +1.028347e-04  +2.271678e-04  +1.838235e-04  +2.195008e-04  +1.107878e-04  +1.863791e-04  +5.744574e-05  +2.361470e-05  +2.549592e-07  +8.147090e-20  +3.695937e-43  +2.330231e-77  +2.040430e-122  +2.481319e-178 
+5.100074e-163  +3.588901e-117  +3.722667e-82  +1.684166e-57  +9.453443e-43  +1.043467e-35  +1.195942e-31  +3.263384e-34  +4.080784e-27  +5.953872e-24  +5.429839e-31  +9.913038e-33  +7.244333e-30  +4.488270e-22  +1.638383e-17  +2.134472e-18  +1.068043e-08  +3.298207e-05  +2.329260e-04  +1.933307e-04  +4.152516e-04  +8.546531e-05  +1.470897e-04  +1.912381e-05  +1.186477e-05  +5.952115e-07  +1.059237e-09  +3.462596e-22  +1.571987e-45  +9.911378e-80  +8.678748e-125  +1.055402e-180 
+5.861483e-137  +8.587658e-94  +3.886273e-59  +5.942358e-35  +6.302546e-21  +7.378984e-16  +5.189309e-13  +1.407963e-15  +3.567622e-12  +5.205138e-09  +9.749018e-13  +7.037176e-15  +5.169170e-12  +1.317106e-09  +1.140527e-06  +9.065116e-07  +2.802034e-08  +2.797921e-04  +1.830869e-04  +2.529306e-04  +3.177946e-04  +1.819347e-04  +2.070499e-04  +1.365384e-04  +2.392790e-05  +2.873183e-06  +5.460812e-12  +1.271884e-27  +4.122330e-54  +1.914029e-91  +5.242601e-138  +6.234453e-194 
+3.503875e-119  +2.772343e-76  +3.052291e-44  +1.275938e-22  +1.939688e-09  +5.569701e-06  +4.417800e-05  +4.960063e-07  +1.224815e-06  +9.473175e-05  +4.351715e-05  +1.047863e-07  +8.257695e-05  +6.609775e-07  +9.747049e-05  +1.378778e-04  +2.091202e-04  +2.051377e-04  +1.852445e-04  +2.585012e-04  +1.603179e-04  +1.314636e-04  +2.823437e-05  +2.356466e-06  +2.553745e-05  +5.306919e-05  +6.401714e-10  +1.493951e-25  +4.841968e-52  +2.179443e-89  +1.362408e-137  +1.182787e-196 
+2.911680e-112  +2.303780e-69  +2.531491e-37  +3.863240e-16  +8.238052e-06  +2.432125e-04  +2.109705e-04  +2.284092e-04  +1.934351e-04  +2.021764e-04  +1.548523e-04  +2.534754e-04  +6.997832e-05  +1.835788e-04  +2.141948e-04  +1.981187e-04  +1.173497e-04  +1.717142e-04  +4.803156e-04  +3.712365e-04  +3.233276e-04  +4.670851e-04  +1.189852e-04  +1.258426e-06  +3.315162e-12  +1.800508e-11  +1.045648e-18  +2.437043e-34  +7.898576e-61  +3.555269e-98  +2.222460e-146  +1.929450e-205 
+3.360289e-116  +2.658729e-73  +2.921524e-41  +4.458440e-20  +9.507199e-10  +1.291033e-06  +1.786559e-05  +3.555427e-04  +1.580134e-04  +3.714555e-04  +3.480907e-04  +2.433624e-04  +1.799349e-04  +8.628742e-05  +3.292686e-04  +2.061168e-04  +5.034984e-04  +3.612622e-04  +1.876272e-04  +2.939059e-04  +2.218847e-04  +2.348131e-04  +1.970614e-04  +6.611192e-06  +2.867273e-16  +3.551686e-28  +5.080616e-38  +5.521159e-54  +1.789426e-80  +8.054476e-118  +5.034993e-166  +4.371177e-225 
+5.385767e-131  +4.261328e-88  +4.682528e-56  +7.145855e-35  +2.144642e-24  +2.977389e-12  +6.541934e-05  +4.445594e-04  +1.538629e-04  +2.827826e-04  +1.230593e-04  +3.274912e-04  +2.047830e-04  +3.614782e-04  +2.829205e-04  +2.134404e-04  +3.488017e-04  +3.284564e-04  +2.865777e-04  +7.206380e-04  +3.424915e-04  +7.673703e-05  +3.299017e-04  +2.824499e-07  +2.807935e-19  +4.838941e-42  +7.470509e-66  +1.745046e-84  +5.630104e-111  +2.534195e-148  +1.584169e-196  +1.375312e-255 
+1.198827e-156  +9.485361e-114  +1.042292e-81  +2.136461e-56  +1.246873e-28  +1.016630e-11  +3.251328e-05  +2.241777e-04  +1.800071e-04  +4.280384e-04  +3.415816e-04  +1.806776e-04  +2.819579e-04  +3.199665e-04  +5.105639e-04  +3.920544e-04  +3.502710e-04  +5.054799e-04  +1.624670e-04  +3.491483e-04  +1.387495e-04  +3.342534e-04  +1.080135e-04  +1.416339e-10  +2.962665e-24  +1.009049e-48  +5.022573e-84  +3.783829e-125  +2.460170e-152  +1.107340e-189  +6.922172e-238  +6.009549e-297 
+3.705982e-193  +2.932355e-150  +3.279492e-105  +1.352176e-65  +5.696362e-35  +3.705311e-15  +3.357053e-06  +1.337538e-05  +2.139381e-04  +1.175103e-04  +1.910094e-04  +2.582437e-04  +3.676192e-04  +5.475499e-04  +3.797518e-04  +4.951770e-04  +1.457123e-04  +4.246042e-04  +5.336705e-04  +2.344283e-04  +1.486984e-04  +1.589176e-04  +8.492026e-05  +5.916832e-09  +9.793820e-24  +2.270585e-49  +7.312920e-86  +3.271045e-133  +2.031984e-191  +6.719849e-242  +4.200694e-290  +0.000000e+00 
+6.145471e-233  +1.073946e-169  +2.608472e-117  +9.888642e-76  +8.982527e-43  +1.017699e-19  +1.608706e-07  +7.935478e-05  +1.823714e-04  +2.779275e-04  +2.202787e-04  +2.426279e-04  +1.993976e-04  +2.392202e-04  +2.757467e-04  +2.188009e-04  +1.711810e-04  +1.287979e-04  +3.006658e-04  +5.679875e-05  +1.047014e-04  +1.277866e-04  +7.801505e-06  +9.906526e-12  +5.797478e-28  +4.729482e-55  +5.906349e-93  +3.466707e-141  +1.653852e-199  +1.411710e-268  +0.000000e+00  +0.000000e+00 
+4.156045e-253  +1.082881e-186  +4.600874e-131  +2.715071e-86  +2.225155e-52  +2.948942e-29  +2.669106e-12  +2.379440e-05  +1.412860e-04  +2.555224e-04  +7.632250e-05  +4.077386e-05  +4.947056e-05  +1.440635e-05  +3.096948e-04  +5.250803e-05  +1.108263e-04  +1.681943e-04  +1.777559e-04  +1.923777e-05  +6.638120e-07  +5.636551e-05  +2.855304e-07  +1.587396e-17  +5.136639e-38  +1.210280e-66  +1.363620e-104  +2.137573e-153  +4.653593e-213  +1.407146e-283  +0.000000e+00  +0.000000e+00 
+1.223120e-273  +3.742260e-207  +1.590147e-151  +1.130527e-106  +6.390339e-68  +4.014579e-39  +6.247131e-19  +2.061326e-07  +7.330214e-05  +5.781250e-05  +1.491584e-04  +7.277401e-05  +5.714518e-05  +2.581926e-04  +1.021827e-04  +3.378756e-05  +4.696944e-08  +1.823662e-04  +9.364209e-05  +1.636664e-04  +1.107818e-09  +2.037064e-10  +9.097326e-13  +5.642743e-26  +5.785601e-50  +4.047356e-82  +2.456347e-124  +7.819069e-176  +1.657283e-235  +5.010716e-306  +0.000000e+00  +0.000000e+00 
+1.265466e-302  +1.237702e-227  +1.689039e-163  +3.201113e-110  +8.425591e-68  +3.079907e-36  +1.563555e-15  +1.102662e-05  +4.018021e-05  +5.808796e-06  +1.343079e-04  +1.113904e-04  +1.086602e-04  +1.536738e-04  +1.965727e-06  +5.799854e-05  +4.620149e-08  +3.898326e-07  +4.943035e-08  +1.021559e-04  +3.194008e-06  +1.449211e-17  +5.333824e-29  +3.308206e-42  +2.849603e-66  +3.409004e-101  +6.295065e-147  +5.333722e-201  +6.225603e-265  +0.000000e+00  +0.000000e+00  +0.000000e+00 
+5.057280e-310  +4.969383e-235  +6.781502e-171  +1.285249e-117  +3.382880e-75  +1.236585e-43  +6.277704e-23  +5.521787e-12  +8.382401e-05  +1.891511e-04  +2.428204e-04  +8.791503e-05  +3.190619e-05  +2.485189e-07  +2.968262e-06  +2.146522e-04  +1.526544e-05  +2.637300e-15  +8.201574e-06  +7.747568e-05  +5.735036e-10  +4.809310e-19  +4.436109e-38  +5.952441e-68  +2.320317e-93  +2.775729e-128  +4.611528e-174  +1.064041e-230  +3.632257e-298  +0.000000e+00  +0.000000e+00  +0.000000e+00 
+0.000000e+00  +2.770937e-253  +3.781378e-189  +7.166572e-136  +1.886301e-93  +3.122732e-60  +1.332822e-31  +8.083756e-14  +7.781744e-07  +4.264949e-05  +9.692976e-06  +1.613880e-04  +1.440628e-04  +1.727964e-04  +1.093741e-04  +4.971506e-05  +3.708379e-09  +3.154535e-20  +1.791363e-11  +1.034390e-04  +5.778854e-05  +3.837807e-13  +3.540184e-32  +4.535304e-62  +8.069098e-103  +1.993800e-154  +5.214966e-212  +1.203238e-268  +0.000000e+00  +0.000000e+00  +0.000000e+00  +0.000000e+00 
+0.000000e+00  +2.145798e-282  +2.928290e-218  +2.080151e-162  +4.694449e-112  +1.475274e-72  +6.438706e-44  +3.914350e-26  +4.146695e-15  +2.050950e-12  +2.798664e-10  +1.181182e-09  +2.237285e-06  +6.207368e-07  +4.179605e-07  +1.507738e-12  +3.867551e-20  +4.737284e-34  +1.267003e-17  +7.571675e-11  +6.403894e-10  +4.253483e-18  +3.923624e-37  +5.026527e-67  +8.943069e-108  +2.209750e-159  +7.582939e-222  +3.613849e-295  +0.000000e+00  +0.000000e+00  +0.000000e+00  +0.000000e+00 
+0.000000e+00  +7.283812e-319  +8.542711e-247  +1.391899e-185  +3.149617e-135  +9.897960e-96  +4.320194e-67  +8.088613e-47  +2.871542e-33  +1.420379e-30  +1.129904e-25  +1.300121e-23  +2.790464e-16  +2.452280e-17  +1.355702e-19  +3.998500e-27  +1.395448e-38  +2.998430e-52  +1.267362e-34  +9.500856e-28  +9.856888e-26  +6.547029e-34  +6.039305e-53  +7.736910e-83  +1.376531e-123  +3.401282e-175  +1.167178e-237  +5.562493e-311  +0.000000e+00  +0.000000e+00  +0.000000e+00  +0.000000e+00 
+0.000000e+00  +0.000000e+00  +7.959885e-281  +1.296937e-219  +2.934735e-169  +9.222689e-130  +3.426225e-100  +7.754458e-76  +2.761854e-62  +1.369178e-59  +6.335341e-52  +9.326807e-47  +5.091667e-37  +4.460691e-38  +6.107059e-43  +1.800928e-50  +8.938475e-68  +4.165184e-80  +1.760604e-62  +5.439192e-55  +2.107061e-52  +1.399529e-60  +1.290995e-79  +1.653884e-109  +2.942548e-150  +7.270765e-202  +2.495023e-264  +0.000000e+00  +0.000000e+00  +0.000000e+00  +0.000000e+00  +0.000000e+00 
+0.000000e+00  +0.000000e+00  +0.000000e+00  +1.678293e-264  +3.797676e-214  +1.412175e-174  +4.038910e-140  +1.035798e-115  +3.689133e-102  +4.208139e-99  +4.933290e-89  +2.045635e-78  +1.290310e-68  +1.130405e-69  +3.820793e-77  +1.126684e-84  +4.614351e-103  +8.035867e-119  +3.396761e-101  +1.327874e-92  +6.255362e-90  +4.154868e-98  +3.832656e-117  +4.909988e-147  +8.735726e-188  +2.158517e-239  +7.407131e-302  +0.000000e+00  +0.000000e+00  +0.000000e+00  +0.000000e+00  +0.000000e+00 
+0.000000e+00  +0.000000e+00  +0.000000e+00  +3.016271e-320  +6.855549e-270  +4.057650e-226  +7.492470e-191  +1.921482e-166  +6.843617e-153  +2.580853e-147  +5.335313e-137  +7.198861e-121  +4.541152e-111  +3.978380e-112  +3.367973e-122  +9.789171e-130  +4.009112e-148  +2.153126e-168  +9.102727e-151  +5.397954e-141  +2.579086e-138  +1.713052e-146  +1.580204e-165  +2.024388e-195  +3.601740e-236  +8.899568e-288  +0.000000e+00  +0.000000e+00  +0.000000e+00  +0.000000e+00  +0.000000e+00  +0.000000e+00 
+0.000000e+00  +0.000000e+00  +0.000000e+00  +0.000000e+00  +0.000000e+00  +1.045324e-287  +1.930298e-252  +4.950349e-228  +1.763133e-214  +3.871121e-206  +8.549733e-195  +3.518631e-174  +2.219606e-164  +1.944537e-165  +2.766445e-177  +1.181212e-185  +4.837599e-204  +8.012332e-229  +3.395625e-211  +3.088008e-200  +1.476785e-197  +9.808936e-206  +9.048250e-225  +1.159165e-254  +2.062357e-295  +0.000000e+00  +0.000000e+00  +0.000000e+00  +0.000000e+00  +0.000000e+00  +0.000000e+00  +0.000000e+00 
+0.000000e+00  +0.000000e+00  +0.000000e+00  +0.000000e+00  +0.000000e+00  +0.000000e+00  +0.000000e+00  +1.771223e-300  +6.308447e-287  +8.074512e-276  +5.258447e-259  +2.388480e-238  +1.506690e-228  +1.319970e-229  +1.606659e-241  +1.979463e-252  +8.106803e-271  +8.751480e-300  +1.821489e-282  +2.455509e-270  +1.174374e-267  +7.800298e-276  +7.195382e-295  +0.000000e+00  +0.000000e+00  +0.000000e+00  +0.000000e+00  +0.000000e+00  +0.000000e+00  +0.000000e+00  +0.000000e+00  +0.000000e+00 
