+0.000000e+00  +0.000000e+00  +0.000000e+00  +0.000000e+00  +0.000000e+00  +0.000000e+00  +0.000000e+00  +0.000000e+00  +0.000000e+00  +0.000000e+00  +0.000000e+00  +0.000000e+00  +0.000000e+00  +0.000000e+00  +9.428621e-308  +1.679404e-272  +4.154321e-248  +1.427194e-234  +6.809319e-232  +4.511931e-240  +4.152017e-259  +5.306325e-289  +0.000000e+00  +0.000000e+00  +0.000000e+00  +0.000000e+00  +0.000000e+00  +0.000000e+00  +0.000000e+00  +0.000000e+00  +0.000000e+00  +0.000000e+00 
+0.000000e+00  +0.000000e+00  +0.000000e+00  +0.000000e+00  +0.000000e+00  +2.771708e-321  +4.177326e-288  +8.750701e-266  +2.545805e-254  +1.028598e-253  +1.845096e-257  +1.063154e-255  +8.507919e-265  +3.696273e-278  +5.557180e-243  +9.898319e-208  +2.448535e-183  +8.411805e-170  +4.013377e-167  +2.659309e-175  +2.447178e-194  +3.127520e-224  +5.551020e-265  +1.368306e-316  +0.000000e+00  +0.000000e+00  +0.000000e+00  +0.000000e+00  +0.000000e+00  +0.000000e+00  +0.000000e+00  +0.000000e+00 
+0.000000e+00  +0.000000e+00  +0.000000e+00  +0.000000e+00  +6.450357e-287  +3.443175e-253  +3.819096e-220  +8.000277e-198  +2.327488e-186  +9.403895e-186  +3.861750e-189  +2.224839e-187  +1.780433e-196  +1.120520e-206  +4.548820e-189  +8.102251e-154  +2.004244e-129  +6.885468e-116  +3.285143e-113  +2.176772e-121  +2.003133e-140  +2.560026e-170  +4.543777e-211  +1.120025e-262  +0.000000e+00  +0.000000e+00  +0.000000e+00  +0.000000e+00  +0.000000e+00  +0.000000e+00  +0.000000e+00  +0.000000e+00 
+0.000000e+00  +0.000000e+00  +4.446591e-323  +3.202972e-268  +3.258065e-224  +4.602642e-191  +4.849105e-163  +1.015793e-140  +2.955205e-129  +1.194011e-128  +1.123407e-131  +6.466047e-130  +5.174469e-139  +4.717511e-146  +5.171077e-146  +9.210600e-111  +2.278415e-86  +7.827367e-73  +3.734535e-70  +2.474544e-78  +2.277152e-97  +2.910225e-127  +5.165344e-168  +1.273239e-219  +4.358714e-282  +0.000000e+00  +0.000000e+00  +0.000000e+00  +0.000000e+00  +0.000000e+00  +0.000000e+00  +0.000000e+00 
+0.000000e+00  +0.000000e+00  +3.904813e-269  +2.246821e-216  +2.285460e-172  +3.228629e-139  +1.488497e-116  +1.791197e-94  +5.211055e-83  +2.105494e-82  +4.562568e-85  +2.609859e-83  +2.088646e-92  +2.758318e-96  +1.048526e-106  +1.454159e-78  +3.597109e-54  +1.235765e-40  +5.895989e-38  +3.906748e-46  +3.595110e-65  +4.594591e-95  +8.154915e-136  +2.010381e-187  +4.581651e-237  +1.303872e-293  +0.000000e+00  +0.000000e+00  +0.000000e+00  +0.000000e+00  +0.000000e+00  +0.000000e+00 
+0.000000e+00  +2.823587e-278  +4.024799e-220  +7.996799e-173  +2.226536e-131  +3.145357e-98  +6.170976e-76  +4.386529e-59  +1.276150e-47  +5.157518e-47  +2.661166e-49  +1.462971e-47  +1.253068e-56  +2.239823e-57  +8.514294e-68  +3.207480e-57  +7.893775e-33  +2.709865e-19  +1.292774e-16  +8.565933e-25  +7.882617e-44  +1.007407e-73  +1.264661e-112  +1.839616e-147  +3.769659e-193  +1.072791e-249  +5.785298e-294  +0.000000e+00  +0.000000e+00  +0.000000e+00  +0.000000e+00  +0.000000e+00 
+3.969889e-309  +4.074282e-240  +5.807319e-182  +1.150057e-134  +3.183076e-98  +4.255720e-68  +8.349148e-46  +3.766823e-34  +4.340260e-23  +1.761114e-22  +2.603257e-24  +1.139327e-22  +1.014150e-29  +2.525929e-29  +9.601877e-40  +4.851483e-46  +3.778710e-22  +8.929346e-09  +3.982956e-06  +2.612788e-14  +2.401496e-33  +1.340964e-55  +1.424649e-79  +2.102060e-114  +4.307448e-160  +1.052718e-201  +7.549022e-226  +7.518270e-261  +2.496398e-303  +0.000000e+00  +0.000000e+00  +0.000000e+00 
+7.955503e-282  +8.164689e-213  +1.163740e-154  +2.304051e-107  +6.350725e-71  +2.508093e-45  +1.568998e-26  +4.275325e-15  +2.050112e-09  +9.316246e-09  +7.316683e-10  +1.258742e-08  +3.401411e-12  +3.956109e-12  +1.543578e-22  +1.301088e-41  +3.890121e-20  +1.949529e-07  +2.476082e-05  +2.389758e-10  +2.789389e-20  +2.127967e-33  +2.260809e-57  +3.338500e-92  +4.452396e-131  +1.907722e-144  +1.368024e-168  +6.988436e-203  +7.555859e-241  +1.409303e-289  +0.000000e+00  +0.000000e+00 
+2.214088e-265  +2.272305e-196  +3.238763e-138  +6.411602e-91  +1.764697e-54  +6.841374e-29  +4.340953e-14  +1.118369e-06  +2.587512e-05  +1.681246e-04  +3.727831e-05  +8.411051e-05  +8.728410e-05  +1.174650e-05  +7.626954e-13  +5.453553e-24  +2.362909e-26  +7.693224e-11  +2.915369e-05  +8.737229e-06  +6.130565e-09  +4.693122e-22  +7.841285e-44  +3.702025e-69  +9.298554e-85  +4.801269e-98  +3.467445e-122  +2.365869e-151  +3.177406e-189  +5.926500e-238  +6.059502e-295  +0.000000e+00 
+3.718962e-259  +1.799346e-190  +1.663324e-132  +2.733362e-85  +7.035982e-49  +2.646748e-23  +1.518339e-08  +2.327873e-04  +1.143340e-04  +5.667413e-06  +2.492119e-04  +7.502247e-05  +1.960652e-04  +1.306106e-04  +9.448988e-06  +3.603282e-14  +4.904056e-29  +3.426040e-12  +1.515577e-05  +1.051164e-05  +3.748876e-06  +4.795619e-14  +4.042263e-28  +2.919009e-43  +3.250082e-49  +1.678186e-62  +1.430006e-83  +1.381710e-110  +1.855904e-148  +1.521845e-193  +1.343850e-245  +1.648420e-308 
+9.774310e-257  +3.144334e-188  +1.404783e-130  +8.716210e-84  +7.510766e-48  +8.988331e-23  +1.493870e-08  +4.043464e-05  +1.593810e-05  +1.329864e-04  +2.116850e-04  +9.782024e-06  +2.054668e-04  +1.973434e-04  +4.730172e-06  +3.569872e-15  +4.190738e-21  +1.256113e-09  +9.815056e-08  +9.674990e-05  +1.035058e-04  +5.727238e-08  +3.806066e-13  +6.120101e-22  +1.577652e-24  +2.478908e-37  +1.158876e-53  +1.122293e-80  +7.387419e-114  +4.698131e-155  +4.149581e-207  +5.090042e-270 
+4.634049e-265  +1.490744e-196  +6.660145e-139  +4.132398e-92  +3.561696e-56  +1.172901e-30  +9.782640e-13  +4.090327e-05  +6.349178e-05  +2.662175e-04  +2.711707e-04  +1.565838e-04  +3.560277e-04  +1.035550e-04  +8.458245e-11  +4.765668e-15  +9.363479e-13  +1.534041e-05  +1.936392e-04  +6.798922e-05  +2.163746e-04  +1.320258e-04  +1.957093e-07  +4.073422e-08  +1.067326e-10  +1.874710e-18  +1.326368e-34  +6.917881e-56  +3.167929e-86  +2.014729e-127  +1.779491e-179  +2.182794e-242 
+7.973235e-279  +4.321877e-207  +3.253498e-146  +3.401496e-96  +4.939035e-57  +9.961425e-29  +2.792339e-11  +1.193458e-04  +1.126980e-04  +1.225609e-04  +3.336918e-04  +3.870096e-04  +3.920402e-04  +1.765169e-04  +1.521871e-04  +2.634921e-07  +9.716406e-05  +1.481056e-04  +5.147306e-04  +3.526097e-04  +3.466966e-04  +3.539995e-04  +2.247230e-04  +1.871051e-04  +5.909195e-05  +3.460355e-10  +1.249976e-19  +4.120275e-39  +1.886724e-69  +1.199910e-110  +1.060608e-162  +1.643564e-225 
+5.897305e-285  +3.196634e-213  +2.406413e-152  +2.515854e-102  +3.652908e-63  +7.372207e-35  +1.765163e-16  +6.594598e-06  +7.668453e-05  +8.419504e-05  +1.283609e-04  +2.232870e-04  +4.024015e-04  +2.250580e-04  +2.924825e-04  +8.044813e-05  +2.250211e-04  +6.750586e-05  +2.848394e-04  +2.954841e-04  +1.675433e-04  +5.537629e-04  +1.520489e-04  +8.923501e-05  +5.898716e-05  +5.559906e-05  +1.083514e-13  +7.054989e-33  +3.706583e-61  +6.932138e-99  +5.081536e-147  +5.347948e-206 
+6.057763e-302  +3.283674e-230  +2.863134e-169  +3.377789e-116  +4.064799e-73  +6.941302e-41  +1.780231e-19  +8.615576e-09  +2.027913e-04  +2.740146e-04  +2.433055e-04  +2.943005e-04  +2.419224e-04  +3.310385e-04  +3.661117e-04  +1.286718e-04  +1.438324e-04  +4.200179e-04  +3.480772e-04  +4.562634e-04  +4.187668e-04  +3.405344e-04  +2.455252e-04  +2.318693e-04  +6.541109e-05  +1.462851e-04  +4.509358e-10  +1.165515e-25  +4.574413e-52  +2.497466e-89  +1.893713e-137  +1.994192e-196 
+0.000000e+00  +9.654378e-249  +5.990304e-184  +5.170837e-130  +6.242517e-87  +1.078515e-54  +2.756926e-30  +1.348387e-12  +5.655318e-05  +1.711020e-04  +4.185318e-04  +1.253580e-04  +3.806373e-04  +1.039498e-04  +5.474057e-04  +1.806445e-04  +1.389074e-04  +3.551838e-04  +4.129475e-04  +3.432764e-04  +4.900867e-04  +2.256484e-04  +1.345721e-04  +9.846141e-05  +6.570316e-06  +1.052347e-06  +2.128656e-11  +6.025678e-27  +2.368889e-53  +1.293367e-90  +9.807005e-139  +1.032736e-197 
+0.000000e+00  +2.052604e-273  +1.273845e-208  +1.100591e-154  +7.294445e-108  +1.159009e-67  +2.701344e-38  +2.798727e-18  +1.667183e-06  +8.045676e-05  +2.003590e-04  +3.214031e-04  +3.274056e-04  +2.830892e-04  +4.671416e-04  +5.537471e-04  +1.076006e-04  +4.068854e-04  +4.041030e-04  +3.127784e-04  +3.748748e-04  +2.422926e-04  +1.118025e-04  +9.024792e-06  +8.622084e-05  +4.483746e-05  +1.084898e-13  +3.647258e-33  +1.719905e-63  +9.412534e-103  +7.053379e-151  +7.427615e-210 
+0.000000e+00  +2.027837e-298  +5.642246e-224  +2.180263e-160  +1.170049e-107  +8.720408e-66  +9.026329e-35  +1.298798e-14  +2.893643e-05  +3.486726e-05  +8.855396e-05  +1.173062e-04  +2.042398e-04  +3.289001e-04  +3.457080e-04  +4.734099e-04  +1.390064e-04  +2.700890e-04  +3.889966e-04  +4.426189e-04  +2.245568e-04  +1.416467e-04  +1.954474e-04  +1.168698e-04  +2.867102e-05  +1.246471e-10  +2.981502e-19  +1.002333e-38  +4.679797e-69  +3.034449e-110  +2.732566e-162  +3.417429e-225 
+0.000000e+00  +1.906083e-304  +5.303477e-230  +2.049357e-166  +1.099797e-113  +8.196822e-72  +8.484371e-41  +1.220741e-20  +8.117449e-11  +4.198255e-06  +1.074283e-05  +2.648307e-04  +3.052939e-04  +6.687020e-04  +3.431935e-04  +1.741713e-04  +1.972090e-04  +3.513558e-06  +2.961011e-05  +1.527247e-04  +1.728941e-06  +2.527757e-09  +2.548880e-08  +5.829085e-10  +2.514204e-13  +1.712797e-21  +1.137958e-35  +3.825569e-55  +1.786122e-85  +1.158148e-126  +1.042929e-178  +1.304318e-241 
+0.000000e+00  +2.490091e-321  +6.923208e-247  +2.675250e-183  +1.435685e-130  +1.070021e-88  +1.107557e-57  +3.678738e-37  +3.084684e-16  +7.353042e-06  +9.466696e-05  +8.677419e-05  +1.369825e-04  +1.084153e-04  +2.216489e-04  +2.614754e-04  +2.685526e-05  +2.430319e-04  +4.112649e-05  +2.171688e-04  +6.466717e-05  +1.760839e-11  +1.086031e-21  +4.064227e-26  +1.912573e-30  +1.862942e-40  +1.975697e-59  +2.027768e-82  +9.467451e-113  +6.138835e-154  +5.528112e-206  +6.913621e-269 
+0.000000e+00  +0.000000e+00  +1.255140e-274  +4.850081e-211  +2.602819e-158  +4.684455e-116  +2.442240e-73  +3.018259e-41  +5.376089e-20  +6.305382e-08  +2.176792e-04  +8.324487e-05  +2.777516e-04  +1.329311e-04  +7.170216e-05  +2.316367e-04  +1.850776e-04  +3.289614e-04  +1.471446e-04  +5.123999e-06  +4.639820e-05  +3.421658e-13  +1.568480e-31  +3.953183e-53  +1.829964e-57  +2.825823e-70  +2.983442e-89  +4.542128e-119  +6.969362e-151  +4.519037e-192  +4.069460e-244  +5.089388e-307 
+0.000000e+00  +0.000000e+00  +3.160200e-313  +3.386452e-249  +9.989775e-185  +6.400905e-131  +5.817705e-88  +1.680332e-54  +4.382116e-30  +7.412667e-16  +4.103650e-07  +1.222976e-07  +2.993962e-05  +2.856312e-04  +1.634272e-04  +1.840528e-04  +6.909457e-05  +3.831401e-05  +5.574007e-05  +1.481389e-04  +5.883137e-06  +6.738661e-15  +4.002107e-34  +3.344407e-64  +2.463001e-95  +2.179733e-110  +6.258720e-130  +9.215412e-160  +9.009538e-200  +4.620020e-241  +4.160396e-293  +0.000000e+00 
+0.000000e+00  +0.000000e+00  +0.000000e+00  +7.013242e-275  +3.275553e-210  +2.832804e-155  +2.612667e-109  +6.757181e-74  +3.200528e-48  +3.837717e-28  +8.601792e-19  +9.562464e-12  +2.042324e-05  +1.205902e-04  +1.068264e-04  +1.106875e-04  +3.102025e-04  +2.478606e-04  +2.917676e-04  +1.672499e-04  +8.467241e-07  +1.201330e-18  +2.368164e-41  +8.532871e-75  +2.357467e-116  +2.972722e-159  +1.823705e-181  +2.684853e-211  +5.490195e-252  +6.575227e-301  +0.000000e+00  +0.000000e+00 
+0.000000e+00  +0.000000e+00  +0.000000e+00  +2.610544e-310  +1.094868e-242  +8.538242e-186  +2.253771e-139  +6.203130e-102  +6.924401e-71  +1.117528e-50  +3.818940e-37  +2.814536e-16  +2.941708e-06  +1.665167e-04  +4.284635e-05  +3.099317e-04  +3.062107e-04  +2.636435e-04  +1.789993e-04  +7.933621e-07  +9.613600e-15  +1.319920e-26  +2.601633e-49  +7.121683e-83  +2.707429e-127  +1.429452e-182  +8.069264e-244  +1.086336e-273  +2.221424e-314  +0.000000e+00  +0.000000e+00  +0.000000e+00 
+0.000000e+00  +0.000000e+00  +0.000000e+00  +0.000000e+00  +5.774595e-284  +1.594449e-226  +2.894074e-177  +2.409726e-135  +2.800308e-104  +3.596804e-78  +1.931706e-46  +3.258034e-25  +2.907104e-11  +4.947101e-05  +1.048699e-04  +1.134832e-04  +7.009536e-05  +8.597715e-06  +9.286601e-05  +1.976119e-06  +4.487906e-17  +1.459268e-38  +3.976463e-68  +1.086709e-101  +4.131309e-146  +2.181223e-201  +1.599375e-267  +0.000000e+00  +0.000000e+00  +0.000000e+00  +0.000000e+00  +0.000000e+00 
+0.000000e+00  +0.000000e+00  +0.000000e+00  +0.000000e+00  +0.000000e+00  +2.686132e-274  +1.617443e-221  +1.353410e-179  +6.614820e-141  +2.598101e-98  +2.832589e-64  +1.397556e-38  +1.630978e-20  +3.360183e-13  +3.936485e-10  +4.020275e-05  +3.692832e-05  +2.782083e-05  +4.137237e-05  +3.432976e-13  +4.707177e-26  +1.418614e-47  +6.405951e-80  +4.017513e-123  +9.104920e-176  +4.622411e-231  +3.389370e-297  +0.000000e+00  +0.000000e+00  +0.000000e+00  +0.000000e+00  +0.000000e+00 
+0.000000e+00  +0.000000e+00  +0.000000e+00  +0.000000e+00  +0.000000e+00  +0.000000e+00  +1.261620e-276  +2.346823e-225  +2.327972e-171  +8.571716e-125  +1.127194e-86  +1.200756e-57  +1.786722e-39  +3.895222e-32  +1.622668e-14  +2.443871e-06  +4.521020e-05  +6.414242e-08  +4.268671e-10  +1.432975e-19  +6.713775e-40  +2.301668e-67  +8.649202e-100  +5.423855e-143  +4.724106e-197  +5.714381e-262  +0.000000e+00  +0.000000e+00  +0.000000e+00  +0.000000e+00  +0.000000e+00  +0.000000e+00 
+0.000000e+00  +0.000000e+00  +0.000000e+00  +0.000000e+00  +0.000000e+00  +0.000000e+00  +0.000000e+00  +1.344723e-264  +8.853027e-207  +2.218668e-156  +1.711595e-116  +1.834009e-87  +2.729245e-69  +8.266521e-45  +1.564727e-22  +8.510829e-09  +7.534182e-06  +7.579951e-07  +1.007812e-17  +3.849573e-35  +1.791771e-55  +1.158288e-86  +1.064498e-128  +1.017193e-173  +8.857444e-228  +1.071415e-292  +0.000000e+00  +0.000000e+00  +0.000000e+00  +0.000000e+00  +0.000000e+00  +0.000000e+00 
+0.000000e+00  +0.000000e+00  +0.000000e+00  +0.000000e+00  +0.000000e+00  +0.000000e+00  +0.000000e+00  +2.171699e-309  +8.471099e-248  +4.706129e-197  +3.631006e-157  +3.890704e-128  +1.005986e-92  +2.983557e-57  +1.229150e-32  +7.032609e-19  +6.888184e-16  +1.244626e-16  +1.654825e-27  +3.055649e-49  +1.453494e-81  +4.330470e-113  +3.887768e-155  +4.847341e-208  +2.316238e-269  +0.000000e+00  +0.000000e+00  +0.000000e+00  +0.000000e+00  +0.000000e+00  +0.000000e+00  +0.000000e+00 
+0.000000e+00  +0.000000e+00  +0.000000e+00  +0.000000e+00  +0.000000e+00  +0.000000e+00  +0.000000e+00  +0.000000e+00  +2.495763e-299  +1.386528e-248  +1.069774e-208  +5.420836e-160  +1.157881e-113  +3.434787e-78  +1.415056e-53  +8.096275e-40  +9.397967e-37  +2.838240e-37  +3.773657e-48  +6.968090e-70  +1.786911e-102  +6.364226e-146  +2.018672e-192  +2.516917e-245  +4.358229e-309  +0.000000e+00  +0.000000e+00  +0.000000e+00  +0.000000e+00  +0.000000e+00  +0.000000e+00  +0.000000e+00 
+0.000000e+00  +0.000000e+00  +0.000000e+00  +0.000000e+00  +0.000000e+00  +0.000000e+00  +0.000000e+00  +0.000000e+00  +0.000000e+00  +5.673249e-311  +5.635249e-249  +8.667084e-192  +1.851274e-145  +5.491697e-110  +2.262457e-85  +1.294470e-71  +1.967494e-68  +8.988709e-69  +1.195118e-79  +2.206795e-101  +5.659151e-134  +2.015480e-177  +9.968819e-232  +1.815667e-293  +0.000000e+00  +0.000000e+00  +0.000000e+00  +0.000000e+00  +0.000000e+00  +0.000000e+00  +0.000000e+00  +0.000000e+00 
+0.000000e+00  +0.000000e+00  +0.000000e+00  +0.000000e+00  +0.000000e+00  +0.000000e+00  +0.000000e+00  +0.000000e+00  +0.000000e+00  +0.000000e+00  +1.251290e-291  +1.924499e-234  +4.110697e-188  +1.219414e-152  +5.023715e-128  +2.874330e-114  +6.413549e-111  +3.953516e-111  +5.256503e-122  +9.706178e-144  +2.489072e-176  +8.864714e-220  +4.384599e-274  +0.000000e+00  +0.000000e+00  +0.000000e+00  +0.000000e+00  +0.000000e+00  +0.000000e+00  +0.000000e+00  +0.000000e+00  +0.000000e+00 
