+0.000000e+00  +0.000000e+00  +0.000000e+00  +0.000000e+00  +0.000000e+00  +0.000000e+00  +0.000000e+00  +0.000000e+00  +0.000000e+00  +0.000000e+00  +6.128513e-261  +3.863970e-202  +3.383377e-154  +4.114386e-117  +6.948604e-91  +1.629777e-75  +5.308802e-71  +2.401613e-77  +1.508854e-94  +1.317439e-122  +2.015776e-137  +6.305230e-160  +1.317723e-191  +1.986538e-232  +4.039119e-270  +4.668168e-294  +0.000000e+00  +0.000000e+00  +0.000000e+00  +0.000000e+00  +0.000000e+00  +0.000000e+00 
+0.000000e+00  +0.000000e+00  +0.000000e+00  +0.000000e+00  +0.000000e+00  +0.000000e+00  +0.000000e+00  +0.000000e+00  +0.000000e+00  +4.581335e-298  +2.079854e-228  +1.311329e-169  +1.148228e-121  +1.396313e-84  +2.358171e-58  +5.531028e-43  +1.801666e-38  +8.150434e-45  +5.120650e-62  +2.784651e-80  +6.161184e-92  +6.217406e-114  +4.789592e-144  +1.190705e-180  +3.671824e-202  +1.121221e-225  +4.793174e-260  +2.781751e-303  +0.000000e+00  +0.000000e+00  +0.000000e+00  +0.000000e+00 
+0.000000e+00  +0.000000e+00  +0.000000e+00  +0.000000e+00  +0.000000e+00  +0.000000e+00  +0.000000e+00  +0.000000e+00  +0.000000e+00  +2.159274e-276  +9.802764e-207  +6.180552e-148  +5.411827e-100  +6.581100e-63  +1.111453e-36  +2.606883e-21  +8.491610e-17  +3.841461e-23  +2.413538e-40  +1.181051e-45  +2.890442e-57  +2.236749e-77  +6.588223e-105  +8.126136e-129  +1.215060e-144  +3.740022e-168  +2.013975e-202  +1.598550e-240  +8.548741e-289  +0.000000e+00  +0.000000e+00  +0.000000e+00 
+0.000000e+00  +0.000000e+00  +0.000000e+00  +0.000000e+00  +0.000000e+00  +0.000000e+00  +0.000000e+00  +0.000000e+00  +0.000000e+00  +1.413388e-265  +6.416559e-196  +4.045581e-137  +3.542400e-89  +4.307767e-52  +7.275196e-26  +1.706378e-10  +5.558323e-06  +2.514496e-12  +4.370155e-21  +6.991015e-22  +2.154439e-32  +8.576089e-51  +7.505205e-72  +2.075418e-84  +5.628618e-98  +1.733794e-121  +3.347417e-151  +1.288956e-188  +6.893089e-237  +5.119502e-296  +0.000000e+00  +0.000000e+00 
+0.000000e+00  +0.000000e+00  +0.000000e+00  +0.000000e+00  +0.000000e+00  +0.000000e+00  +0.000000e+00  +0.000000e+00  +1.315252e-318  +9.377706e-254  +5.834980e-196  +3.681974e-137  +3.245333e-89  +4.118975e-52  +8.894189e-26  +5.110181e-10  +8.292307e-05  +1.530258e-09  +3.575706e-08  +9.154637e-09  +2.159806e-17  +1.108011e-28  +1.351011e-41  +1.690564e-49  +3.621273e-62  +1.363064e-83  +3.748434e-110  +1.443403e-147  +7.719046e-196  +5.732940e-255  +0.000000e+00  +0.000000e+00 
+0.000000e+00  +0.000000e+00  +0.000000e+00  +0.000000e+00  +0.000000e+00  +0.000000e+00  +0.000000e+00  +0.000000e+00  +1.088532e-280  +7.761208e-216  +7.685207e-162  +1.056866e-118  +4.590515e-86  +3.750971e-51  +7.613693e-27  +5.120772e-13  +8.099689e-06  +1.429376e-04  +1.990200e-05  +1.087508e-04  +3.157396e-07  +3.621130e-15  +5.843886e-19  +1.460074e-24  +4.288732e-37  +2.102508e-53  +5.829583e-80  +2.244788e-117  +1.200470e-165  +8.915897e-225  +9.196453e-295  +0.000000e+00 
+0.000000e+00  +0.000000e+00  +0.000000e+00  +0.000000e+00  +0.000000e+00  +0.000000e+00  +5.929329e-315  +9.367351e-277  +2.094209e-243  +8.920721e-189  +8.833366e-135  +1.214760e-91  +2.320025e-59  +6.153649e-38  +5.399234e-21  +1.725494e-07  +9.353284e-05  +5.175993e-05  +1.430498e-04  +1.092479e-04  +1.250087e-04  +4.272574e-06  +3.624296e-07  +1.813076e-10  +2.274620e-18  +4.541122e-34  +1.259108e-60  +4.848451e-98  +2.651716e-146  +2.171873e-203  +3.080387e-269  +0.000000e+00 
+0.000000e+00  +0.000000e+00  +0.000000e+00  +0.000000e+00  +0.000000e+00  +6.729591e-300  +7.655296e-251  +1.209409e-212  +3.191544e-185  +2.951621e-156  +1.410726e-118  +1.939235e-75  +3.703445e-43  +9.822951e-22  +3.618424e-11  +2.945771e-07  +1.100282e-04  +7.463390e-05  +2.602630e-04  +1.559303e-04  +1.337817e-04  +1.481880e-04  +7.123767e-05  +4.779437e-05  +6.823923e-10  +1.381419e-25  +2.444240e-50  +4.683997e-84  +4.887778e-127  +2.461185e-179  +1.764316e-242  +1.756524e-316 
+0.000000e+00  +0.000000e+00  +0.000000e+00  +0.000000e+00  +1.473153e-306  +1.206655e-246  +1.372639e-197  +2.168541e-159  +4.757917e-132  +1.053127e-109  +8.023753e-91  +1.204636e-68  +4.174244e-37  +3.521934e-16  +8.770214e-06  +5.884500e-05  +3.919684e-04  +3.429233e-04  +2.859795e-04  +2.832935e-04  +4.394195e-04  +8.677109e-05  +8.186402e-06  +1.108383e-04  +5.194886e-07  +8.050526e-19  +5.908775e-39  +1.579514e-69  +5.870662e-111  +3.030323e-163  +2.172344e-226  +2.162750e-300 
+0.000000e+00  +0.000000e+00  +0.000000e+00  +5.441333e-306  +6.502091e-263  +3.004799e-204  +3.418131e-155  +5.400077e-117  +1.184811e-89  +4.132083e-73  +3.975897e-55  +4.223018e-47  +3.857346e-37  +1.546156e-16  +8.608850e-07  +7.909556e-05  +3.809092e-04  +1.611464e-04  +1.205074e-05  +2.350342e-04  +1.739848e-04  +4.471462e-05  +1.288923e-04  +4.320595e-05  +3.790197e-05  +5.237209e-14  +1.009224e-33  +2.700931e-64  +1.003870e-105  +5.181782e-158  +3.714658e-221  +3.698253e-295 
+0.000000e+00  +0.000000e+00  +1.443224e-300  +1.171717e-246  +1.321142e-203  +2.172696e-171  +1.182113e-123  +1.867541e-85  +4.097505e-58  +1.248552e-41  +2.736100e-30  +2.895167e-22  +1.793564e-18  +8.921349e-21  +8.539513e-17  +3.673026e-07  +1.498831e-04  +4.798377e-04  +4.478817e-04  +1.888416e-04  +2.927474e-04  +7.430002e-05  +9.612054e-06  +3.674735e-08  +3.589094e-10  +1.244070e-19  +2.396894e-39  +6.415874e-70  +2.386170e-111  +1.234468e-163  +8.918516e-227  +9.117556e-301 
+0.000000e+00  +7.383090e-317  +4.316076e-252  +3.504112e-198  +3.950979e-155  +6.186849e-123  +1.402241e-101  +8.969712e-65  +1.968012e-37  +5.996735e-21  +2.902816e-15  +2.767439e-08  +7.839449e-07  +2.014098e-08  +1.539869e-11  +5.544575e-05  +2.030597e-04  +1.180327e-05  +2.274567e-04  +2.272828e-04  +1.609088e-04  +2.442777e-04  +2.005933e-04  +8.452056e-05  +5.934509e-06  +2.814700e-14  +1.882635e-33  +1.748791e-63  +2.256046e-104  +4.041996e-156  +1.005731e-218  +3.475405e-292 
+0.000000e+00  +3.066418e-279  +1.792596e-214  +1.455363e-160  +1.640960e-117  +2.569584e-85  +5.588117e-64  +1.758910e-53  +1.312726e-27  +4.000010e-11  +1.698362e-05  +8.416991e-05  +6.554037e-05  +6.783573e-05  +1.385301e-05  +1.476322e-04  +6.328371e-05  +2.404486e-06  +5.138072e-04  +1.208852e-04  +2.208359e-04  +1.865567e-04  +2.203554e-04  +1.488062e-05  +8.433051e-07  +4.056317e-15  +2.713101e-34  +2.520217e-64  +3.251231e-105  +5.824997e-157  +1.449378e-219  +5.008473e-293 
+0.000000e+00  +1.768734e-252  +1.033983e-187  +8.394646e-134  +9.465187e-91  +1.482156e-58  +3.223270e-37  +9.735511e-27  +6.906906e-20  +1.338165e-09  +7.316711e-05  +1.710918e-04  +8.514393e-05  +2.758930e-04  +2.803202e-04  +2.937056e-04  +2.736921e-04  +4.558543e-05  +5.272872e-04  +2.317827e-04  +2.934241e-04  +4.590143e-05  +2.989443e-05  +2.576834e-06  +1.670557e-14  +8.118389e-27  +5.430049e-46  +5.044008e-76  +6.507073e-117  +1.165826e-168  +2.900811e-231  +1.002405e-304 
+3.366036e-312  +1.416876e-236  +8.282905e-172  +6.724679e-118  +7.582255e-75  +1.187307e-42  +2.582058e-21  +7.803818e-11  +1.546902e-10  +1.857917e-05  +1.519988e-05  +3.085043e-04  +3.162187e-04  +2.313846e-04  +1.313365e-04  +2.237884e-04  +1.932239e-04  +1.713000e-04  +5.013398e-04  +8.794141e-05  +4.687904e-05  +1.747935e-04  +1.496751e-05  +1.876240e-14  +2.301927e-25  +2.074358e-44  +1.509317e-68  +1.402011e-98  +1.808679e-139  +3.240480e-191  +8.062973e-254  +0.000000e+00 
+3.744777e-307  +1.576300e-231  +9.214889e-167  +7.481349e-113  +8.435494e-70  +1.320963e-37  +2.873150e-16  +8.768365e-06  +1.236821e-04  +1.037393e-04  +1.841615e-04  +2.400564e-04  +4.518095e-04  +7.614718e-04  +4.108320e-04  +3.560822e-04  +2.289343e-04  +1.775408e-04  +4.076935e-04  +2.336192e-04  +2.259425e-04  +9.894461e-05  +1.305507e-05  +2.038975e-13  +4.440230e-32  +1.343045e-61  +4.968412e-96  +5.412180e-132  +6.981926e-173  +1.250901e-224  +3.112497e-287  +0.000000e+00 
+4.664907e-312  +7.196671e-236  +1.657344e-170  +5.404057e-116  +2.459199e-72  +1.557064e-39  +1.390676e-17  +2.405928e-06  +3.505492e-04  +3.226605e-04  +3.860577e-04  +1.969573e-04  +4.144022e-04  +9.086994e-04  +4.065718e-04  +2.951816e-04  +1.230342e-04  +1.231447e-04  +2.857362e-04  +5.644839e-05  +1.380753e-04  +2.760146e-04  +4.981400e-06  +1.219347e-16  +4.152163e-38  +2.434311e-70  +1.996216e-111  +1.157046e-162  +3.743615e-217  +6.706174e-269  +0.000000e+00  +0.000000e+00 
+1.416486e-320  +2.410197e-244  +5.696044e-179  +1.873037e-124  +8.942885e-81  +1.191349e-47  +1.581336e-24  +2.622821e-10  +4.520851e-05  +2.076643e-04  +3.617620e-04  +2.256313e-04  +4.250242e-04  +5.676920e-04  +4.003650e-04  +3.392446e-04  +1.000274e-04  +1.608773e-04  +2.694753e-04  +2.109709e-04  +1.799023e-04  +5.390016e-09  +1.798884e-13  +4.404313e-24  +1.499212e-45  +7.087377e-78  +4.653140e-121  +4.242723e-175  +5.372605e-240  +9.499843e-316  +0.000000e+00  +0.000000e+00 
+0.000000e+00  +1.167298e-263  +3.145853e-198  +4.126686e-143  +3.854946e-98  +2.383282e-62  +1.909021e-35  +1.518894e-16  +3.402903e-07  +1.994462e-04  +4.741024e-04  +7.148787e-04  +5.599779e-04  +4.882282e-04  +1.700462e-04  +3.786338e-04  +2.683565e-04  +4.031526e-04  +1.346707e-04  +3.364254e-04  +2.473197e-04  +2.635079e-05  +8.344395e-12  +8.142657e-28  +3.817904e-50  +2.712605e-83  +2.676616e-127  +3.667951e-182  +6.980700e-248  +0.000000e+00  +0.000000e+00  +0.000000e+00 
+0.000000e+00  +9.026135e-293  +4.975658e-226  +1.131383e-168  +4.287520e-120  +1.741483e-79  +1.949659e-47  +1.785501e-23  +3.354784e-10  +6.396296e-05  +3.458440e-05  +4.660772e-04  +2.785607e-04  +1.485594e-04  +3.615139e-04  +2.311248e-04  +6.167603e-05  +2.452719e-04  +2.342608e-04  +1.689048e-04  +8.955002e-05  +2.149013e-05  +5.322259e-07  +1.960341e-18  +1.002894e-40  +7.125523e-74  +7.030987e-118  +9.635046e-173  +1.833704e-238  +4.846661e-315  +0.000000e+00  +0.000000e+00 
+0.000000e+00  +0.000000e+00  +4.982116e-259  +1.075416e-196  +1.586220e-141  +7.392014e-96  +4.800621e-61  +9.435278e-37  +1.005843e-18  +1.336469e-07  +6.579897e-07  +7.820012e-06  +8.698990e-05  +2.064264e-04  +3.336072e-05  +4.256672e-04  +1.494305e-04  +5.053559e-05  +2.822240e-05  +1.980043e-04  +5.611660e-05  +6.032753e-05  +1.961885e-08  +7.151738e-20  +3.658678e-42  +2.599478e-75  +2.564998e-119  +3.515019e-174  +6.689751e-240  +1.768228e-316  +0.000000e+00  +0.000000e+00 
+0.000000e+00  +0.000000e+00  +6.750010e-290  +1.630594e-222  +5.470703e-166  +2.562012e-120  +1.812471e-84  +7.537837e-52  +7.320994e-30  +9.874880e-19  +3.373141e-18  +3.695944e-10  +2.245080e-04  +1.222778e-04  +2.076733e-04  +2.699302e-04  +3.244393e-05  +7.230597e-05  +6.406442e-05  +1.295132e-04  +2.054661e-04  +3.888380e-05  +1.787090e-06  +1.301156e-17  +1.456029e-39  +2.264868e-72  +4.892796e-116  +1.467943e-170  +6.116448e-236  +3.539381e-312  +0.000000e+00  +0.000000e+00 
+0.000000e+00  +0.000000e+00  +0.000000e+00  +7.812658e-258  +2.659726e-201  +2.197922e-150  +1.106709e-106  +7.739615e-74  +7.516977e-52  +1.013923e-40  +1.325416e-32  +1.162713e-14  +7.392159e-06  +9.554252e-05  +1.425596e-04  +1.462351e-05  +2.795416e-04  +2.892082e-04  +3.616646e-05  +6.782876e-07  +7.385110e-08  +7.586167e-05  +7.220143e-09  +5.738158e-20  +6.427036e-42  +9.997397e-75  +2.159738e-118  +6.479675e-173  +2.699873e-238  +1.562325e-314  +0.000000e+00  +0.000000e+00 
+0.000000e+00  +0.000000e+00  +0.000000e+00  +3.852525e-303  +8.643441e-238  +3.133983e-183  +1.578137e-139  +1.103648e-106  +1.890887e-82  +4.383590e-47  +1.419388e-22  +6.384598e-09  +8.638673e-05  +1.416360e-04  +1.078507e-04  +1.471261e-04  +1.941597e-04  +9.872639e-05  +2.188811e-05  +5.561676e-05  +8.666242e-07  +1.634432e-12  +2.239911e-18  +3.560794e-33  +3.939968e-55  +6.128708e-88  +1.323985e-131  +3.972238e-186  +1.655104e-251  +0.000000e+00  +0.000000e+00  +0.000000e+00 
+0.000000e+00  +0.000000e+00  +0.000000e+00  +0.000000e+00  +1.711732e-281  +6.206486e-227  +3.129714e-183  +5.317982e-129  +8.927752e-83  +2.081495e-47  +6.739791e-23  +3.031918e-09  +8.067157e-05  +5.060498e-06  +6.476674e-05  +5.651378e-05  +1.638161e-05  +6.161440e-07  +4.577464e-08  +3.243384e-06  +2.343816e-04  +8.306517e-09  +8.885830e-24  +1.322418e-49  +3.388495e-79  +5.217818e-112  +1.127205e-155  +3.381857e-210  +1.409111e-275  +0.000000e+00  +0.000000e+00  +0.000000e+00 
+0.000000e+00  +0.000000e+00  +0.000000e+00  +0.000000e+00  +0.000000e+00  +3.333140e-265  +2.901168e-197  +3.506955e-140  +5.887425e-94  +1.372646e-58  +4.566383e-34  +2.426505e-16  +8.301699e-08  +2.246622e-04  +9.118377e-05  +5.008795e-05  +6.719333e-05  +1.190897e-04  +9.760298e-05  +5.388840e-05  +4.806598e-05  +8.086959e-12  +1.115729e-28  +1.364714e-54  +2.818977e-91  +8.090910e-139  +1.332788e-190  +3.998647e-245  +1.666108e-310  +0.000000e+00  +0.000000e+00  +0.000000e+00 
+0.000000e+00  +0.000000e+00  +0.000000e+00  +0.000000e+00  +0.000000e+00  +3.052634e-287  +2.657015e-219  +3.211821e-162  +5.392342e-116  +4.090106e-79  +5.697532e-49  +1.179564e-29  +8.165123e-17  +1.516929e-09  +1.143574e-06  +5.595292e-07  +6.756274e-07  +1.096886e-05  +4.249075e-07  +6.485568e-07  +4.192834e-13  +3.649839e-20  +9.081912e-38  +3.138796e-66  +1.546759e-105  +1.259535e-154  +4.621284e-213  +2.557748e-282  +0.000000e+00  +0.000000e+00  +0.000000e+00  +0.000000e+00 
+0.000000e+00  +0.000000e+00  +0.000000e+00  +0.000000e+00  +0.000000e+00  +3.882862e-320  +3.379507e-252  +4.420003e-195  +2.494992e-144  +2.581841e-103  +3.733163e-73  +2.595303e-50  +1.345709e-33  +1.247706e-21  +2.060956e-18  +1.656349e-19  +1.200570e-18  +4.551314e-14  +1.194277e-15  +2.858354e-19  +3.677476e-26  +2.314265e-39  +5.756701e-57  +1.989447e-85  +9.548370e-125  +6.364498e-175  +5.892566e-236  +8.083280e-308  +0.000000e+00  +0.000000e+00  +0.000000e+00  +0.000000e+00 
+0.000000e+00  +0.000000e+00  +0.000000e+00  +0.000000e+00  +0.000000e+00  +0.000000e+00  +5.704093e-294  +3.028404e-231  +2.256566e-179  +2.337509e-138  +1.906106e-105  +4.377770e-79  +2.659389e-58  +3.122554e-44  +5.158440e-41  +6.811076e-43  +5.669119e-41  +2.639314e-33  +6.925578e-35  +1.749684e-42  +2.251076e-49  +4.042640e-67  +5.067668e-87  +1.751325e-115  +8.405502e-155  +5.602713e-205  +5.186460e-266  +0.000000e+00  +0.000000e+00  +0.000000e+00  +0.000000e+00  +0.000000e+00 
+0.000000e+00  +0.000000e+00  +0.000000e+00  +0.000000e+00  +0.000000e+00  +0.000000e+00  +0.000000e+00  +3.804019e-277  +2.834966e-225  +2.751215e-182  +4.731528e-146  +2.556013e-116  +9.124924e-92  +1.085423e-77  +1.793111e-74  +3.889745e-77  +1.162603e-72  +2.125615e-63  +5.577629e-65  +1.690676e-76  +1.913681e-83  +3.419359e-101  +6.280418e-128  +2.141111e-156  +1.027628e-195  +6.849687e-246  +6.340791e-307  +0.000000e+00  +0.000000e+00  +0.000000e+00  +0.000000e+00  +0.000000e+00 
+0.000000e+00  +0.000000e+00  +0.000000e+00  +0.000000e+00  +0.000000e+00  +0.000000e+00  +0.000000e+00  +0.000000e+00  +8.009193e-281  +4.708623e-234  +1.257221e-194  +5.143822e-161  +4.405097e-136  +5.239933e-122  +8.656332e-119  +3.085208e-122  +1.258350e-113  +2.377477e-104  +6.238515e-106  +2.275199e-118  +2.259367e-128  +4.037030e-146  +1.001797e-174  +3.635381e-208  +1.744803e-247  +1.163004e-297  +0.000000e+00  +0.000000e+00  +0.000000e+00  +0.000000e+00  +0.000000e+00  +0.000000e+00 
+0.000000e+00  +0.000000e+00  +0.000000e+00  +0.000000e+00  +0.000000e+00  +0.000000e+00  +0.000000e+00  +0.000000e+00  +0.000000e+00  +2.027045e-294  +5.677401e-252  +3.448165e-216  +2.953387e-191  +3.513100e-177  +5.803616e-174  +3.399460e-178  +1.954604e-165  +3.693055e-156  +9.690602e-158  +3.531455e-170  +3.704606e-184  +6.619378e-202  +1.642594e-230  +6.518077e-270  +4.114287e-310  +0.000000e+00  +0.000000e+00  +0.000000e+00  +0.000000e+00  +0.000000e+00  +0.000000e+00  +0.000000e+00 
