+0.000000e+00  +0.000000e+00  +0.000000e+00  +0.000000e+00  +0.000000e+00  +4.468427e-313  +5.051445e-275  +7.930756e-248  +2.736600e-227  +1.774705e-208  +3.558342e-195  +1.000459e-192  +3.906512e-201  +4.393794e-205  +1.358101e-209  +5.829919e-225  +3.475608e-251  +2.877644e-288  +0.000000e+00  +0.000000e+00  +0.000000e+00  +0.000000e+00  +0.000000e+00  +0.000000e+00  +0.000000e+00  +0.000000e+00  +0.000000e+00  +0.000000e+00  +0.000000e+00  +0.000000e+00  +0.000000e+00  +0.000000e+00 
+0.000000e+00  +0.000000e+00  +0.000000e+00  +0.000000e+00  +4.447825e-298  +3.620517e-249  +4.092904e-211  +6.425849e-184  +9.335900e-167  +9.520133e-150  +9.265218e-137  +2.604998e-134  +1.017178e-142  +1.539463e-144  +4.758409e-149  +2.042642e-164  +1.217757e-190  +1.008247e-227  +1.159341e-275  +0.000000e+00  +0.000000e+00  +0.000000e+00  +0.000000e+00  +0.000000e+00  +0.000000e+00  +0.000000e+00  +0.000000e+00  +0.000000e+00  +0.000000e+00  +0.000000e+00  +0.000000e+00  +0.000000e+00 
+0.000000e+00  +0.000000e+00  +0.000000e+00  +8.552769e-305  +5.004971e-245  +4.074033e-196  +4.605593e-158  +7.230768e-131  +1.579795e-114  +2.007364e-100  +3.350455e-89  +9.420051e-87  +3.678268e-95  +7.490952e-95  +2.315418e-99  +9.939392e-115  +5.925543e-141  +4.906078e-178  +5.641293e-226  +9.008674e-285  +0.000000e+00  +0.000000e+00  +0.000000e+00  +0.000000e+00  +0.000000e+00  +0.000000e+00  +0.000000e+00  +0.000000e+00  +0.000000e+00  +0.000000e+00  +0.000000e+00  +0.000000e+00 
+0.000000e+00  +0.000000e+00  +4.700046e-320  +1.787806e-256  +8.765997e-203  +6.366730e-154  +7.197429e-116  +1.129994e-88  +2.463846e-72  +1.113515e-61  +1.683581e-52  +4.730827e-50  +1.847482e-58  +5.062238e-56  +1.564714e-60  +6.716846e-76  +4.004366e-102  +3.315431e-139  +3.812276e-187  +4.724500e-238  +7.851059e-278  +4.742606e-305  +0.000000e+00  +0.000000e+00  +0.000000e+00  +0.000000e+00  +0.000000e+00  +0.000000e+00  +0.000000e+00  +0.000000e+00  +0.000000e+00  +0.000000e+00 
+0.000000e+00  +0.000000e+00  +8.592338e-280  +3.268327e-216  +1.726544e-163  +1.404862e-121  +1.562096e-84  +2.452484e-57  +5.347404e-41  +8.810203e-34  +1.248394e-26  +3.299581e-24  +1.309740e-32  +4.751012e-28  +1.468515e-32  +6.303894e-48  +3.758177e-74  +3.114263e-111  +3.400043e-152  +4.068344e-181  +1.789763e-216  +1.190360e-232  +5.715086e-257  +2.888605e-280  +1.191832e-311  +0.000000e+00  +0.000000e+00  +0.000000e+00  +0.000000e+00  +0.000000e+00  +0.000000e+00  +0.000000e+00 
+0.000000e+00  +1.482197e-323  +2.181509e-250  +8.297913e-187  +4.383499e-134  +3.215962e-92  +3.281425e-61  +7.392668e-37  +1.611799e-20  +4.976233e-15  +9.208646e-11  +3.196088e-09  +4.030361e-17  +6.192525e-11  +1.914080e-15  +8.217413e-31  +2.034259e-56  +5.110647e-88  +4.066145e-106  +4.865386e-135  +6.238470e-155  +4.149323e-171  +1.466013e-190  +7.847082e-214  +3.576684e-242  +5.323627e-264  +5.415390e-267  +7.650501e-281  +1.501025e-305  +0.000000e+00  +0.000000e+00  +0.000000e+00 
+0.000000e+00  +5.401832e-275  +1.339522e-217  +6.392498e-168  +1.553074e-115  +1.134086e-73  +1.155371e-42  +1.634912e-22  +6.779219e-11  +2.054710e-05  +1.217594e-04  +4.926054e-05  +1.994538e-10  +1.162273e-04  +4.786788e-09  +1.726731e-20  +3.150731e-42  +7.838339e-53  +6.753370e-71  +7.114080e-99  +3.020056e-104  +2.023047e-120  +5.232747e-135  +1.794205e-156  +1.493219e-183  +2.037397e-194  +2.072515e-197  +2.927911e-211  +5.744548e-236  +1.565280e-271  +5.923328e-318  +0.000000e+00 
+7.152028e-302  +7.584673e-235  +1.117171e-178  +4.435866e-133  +6.928746e-95  +9.251235e-64  +2.964070e-34  +8.877731e-15  +1.577696e-05  +5.599566e-05  +3.351796e-05  +5.690974e-05  +1.356215e-08  +1.911091e-04  +3.802552e-06  +4.890672e-17  +2.914346e-21  +1.808005e-28  +1.557744e-46  +4.239639e-59  +2.030439e-64  +7.127475e-78  +2.610759e-90  +1.024937e-108  +8.657748e-136  +1.082883e-135  +1.101549e-138  +1.556194e-152  +3.053246e-177  +8.319512e-213  +3.148269e-259  +1.654565e-316 
+1.396665e-272  +1.481153e-205  +2.181451e-149  +4.462017e-104  +1.338328e-69  +3.178689e-43  +2.254927e-25  +2.788841e-12  +6.276098e-05  +1.739020e-04  +2.614023e-05  +3.257735e-05  +5.060127e-05  +1.054540e-04  +1.714180e-06  +2.758496e-10  +9.337081e-08  +5.792860e-15  +5.170100e-33  +3.958601e-30  +1.895845e-35  +4.897537e-44  +1.535438e-55  +8.252987e-72  +1.091990e-95  +7.993288e-88  +8.131068e-91  +1.148703e-104  +2.253750e-129  +6.141037e-165  +2.323891e-211  +1.221315e-268 
+3.790933e-254  +4.016990e-187  +5.916247e-131  +1.210124e-85  +3.437572e-51  +1.360869e-27  +2.882143e-13  +2.903940e-06  +9.385007e-05  +2.108305e-04  +4.045509e-04  +1.386097e-04  +3.002234e-04  +1.971568e-04  +6.466952e-07  +6.405456e-05  +1.228187e-04  +1.791561e-11  +1.358298e-15  +5.133253e-12  +2.476242e-17  +4.685996e-21  +1.517547e-29  +9.229296e-46  +1.118724e-58  +8.194214e-51  +8.335457e-54  +1.177578e-67  +2.310402e-92  +6.295404e-128  +2.382306e-174  +1.252015e-231 
+3.313944e-207  +1.526603e-163  +2.941647e-121  +4.557989e-78  +1.294763e-43  +5.108220e-20  +2.838344e-07  +1.656671e-04  +4.839393e-05  +2.174407e-04  +5.268483e-05  +2.509302e-04  +2.000760e-04  +4.005332e-04  +3.497013e-04  +1.512936e-04  +1.933477e-04  +1.449405e-04  +1.588003e-05  +9.357204e-05  +2.412216e-07  +1.159845e-08  +2.356615e-14  +1.433388e-30  +1.593090e-32  +1.166614e-24  +1.186723e-27  +1.676522e-41  +3.289330e-66  +8.962794e-102  +3.391699e-148  +1.782499e-205 
+4.960061e-168  +2.277761e-124  +1.478887e-91  +3.778154e-62  +4.546515e-36  +1.616042e-19  +1.778039e-10  +4.398311e-06  +2.989788e-05  +4.355434e-04  +1.833180e-04  +1.856237e-04  +1.095918e-04  +9.375832e-05  +1.352629e-04  +5.655694e-04  +4.267351e-04  +1.066632e-04  +3.577061e-04  +2.495948e-04  +2.450835e-04  +1.184736e-04  +5.083026e-10  +1.521300e-22  +1.801447e-15  +2.306670e-09  +2.346427e-12  +3.314875e-26  +6.503770e-51  +1.772153e-86  +6.706179e-133  +3.524415e-190 
+1.031019e-139  +4.734651e-96  +3.019585e-63  +2.959060e-41  +6.866544e-24  +1.416681e-10  +4.220162e-05  +6.604088e-05  +1.618204e-04  +2.554636e-04  +1.293827e-04  +1.937076e-04  +2.349129e-04  +2.977331e-04  +2.208321e-04  +3.418981e-04  +5.670521e-04  +3.547701e-04  +5.228934e-04  +2.239665e-04  +2.757892e-04  +5.215429e-06  +3.730671e-12  +1.454871e-08  +1.218807e-05  +7.984057e-05  +6.443580e-08  +9.102545e-22  +1.785915e-46  +4.866277e-82  +1.841496e-128  +9.677936e-186 
+2.976481e-122  +1.366807e-78  +8.716958e-46  +7.720800e-24  +1.545598e-12  +1.026955e-06  +4.723473e-05  +1.337349e-04  +1.169220e-04  +1.168466e-04  +2.870238e-04  +2.780432e-04  +2.347728e-04  +4.136287e-04  +3.449990e-04  +2.145858e-04  +3.574690e-04  +3.565910e-04  +3.717888e-04  +1.881220e-04  +3.694380e-04  +2.466246e-06  +8.152098e-05  +2.013435e-04  +5.110437e-05  +1.102862e-06  +2.676679e-13  +3.478778e-28  +6.810747e-53  +1.855797e-88  +7.022706e-135  +3.690765e-192 
+2.452744e-113  +8.692288e-71  +7.268879e-39  +3.338296e-17  +3.829339e-06  +3.059012e-05  +4.866883e-06  +2.568956e-05  +4.251031e-05  +1.936580e-04  +1.893824e-04  +3.213999e-06  +6.571223e-05  +3.135516e-04  +2.270781e-04  +3.137456e-04  +1.978175e-04  +4.088564e-04  +3.068371e-04  +5.236846e-04  +9.408913e-05  +1.495009e-04  +1.841974e-04  +1.039898e-05  +3.927524e-10  +2.442622e-18  +2.256372e-25  +6.927270e-43  +3.900960e-70  +9.829011e-106  +3.719428e-152  +1.954736e-209 
+6.516463e-111  +2.174364e-68  +1.007605e-36  +6.484668e-16  +5.796109e-06  +7.197992e-07  +1.753347e-16  +7.112874e-14  +6.444472e-14  +1.353344e-05  +4.730759e-05  +5.345670e-12  +7.891335e-08  +1.201529e-04  +2.736207e-04  +2.809287e-04  +9.639632e-05  +3.981329e-04  +2.956430e-04  +6.430421e-04  +6.025711e-05  +2.337787e-04  +1.727960e-04  +5.844935e-06  +4.029553e-15  +1.921414e-34  +2.908585e-48  +8.905909e-66  +3.787427e-94  +2.959550e-133  +2.737643e-180  +1.437797e-237 
+2.416171e-119  +8.062096e-77  +3.735994e-45  +2.404376e-24  +2.149000e-14  +2.667525e-15  +4.598525e-27  +2.749019e-33  +5.105583e-23  +4.721843e-12  +7.582827e-10  +1.730611e-18  +2.435294e-13  +1.207366e-05  +9.576314e-05  +1.613972e-04  +5.618157e-04  +5.076054e-04  +3.623946e-04  +1.949276e-04  +3.630030e-04  +2.052295e-06  +6.076125e-05  +5.352696e-06  +5.109358e-14  +3.330063e-31  +1.084259e-58  +5.076917e-97  +6.779880e-128  +4.004021e-167  +3.311976e-217  +1.506148e-276 
+1.244175e-138  +4.151468e-96  +1.923800e-64  +1.238101e-43  +1.106599e-33  +1.373606e-34  +2.367948e-46  +4.095794e-62  +1.038326e-40  +1.157423e-27  +1.902017e-25  +5.828745e-33  +1.769092e-14  +8.494418e-07  +1.277113e-04  +3.898678e-04  +2.977530e-04  +2.921143e-04  +2.395768e-04  +1.957434e-04  +1.208380e-04  +6.209187e-05  +7.275485e-05  +1.158676e-04  +1.915725e-10  +4.635066e-27  +1.558409e-54  +7.276929e-93  +4.719030e-142  +4.250062e-202  +8.164943e-262  +9.387247e-323 
+8.897605e-169  +2.968885e-126  +1.375788e-94  +8.854167e-74  +7.913741e-64  +9.823221e-65  +1.693417e-76  +4.648753e-91  +3.407485e-67  +4.031906e-54  +6.625786e-52  +4.837681e-34  +7.180578e-17  +2.166368e-06  +5.937602e-05  +2.764038e-04  +4.769621e-04  +7.417925e-04  +3.996131e-04  +2.678862e-04  +3.004646e-04  +1.077188e-04  +3.492951e-05  +2.469965e-05  +1.800418e-13  +2.138742e-32  +3.435032e-61  +1.453830e-99  +9.423401e-149  +8.486904e-209  +1.061524e-279  +0.000000e+00 
+8.836956e-210  +2.948648e-167  +1.366410e-135  +8.793815e-115  +7.859799e-105  +9.756263e-106  +1.681874e-117  +1.934927e-128  +1.648475e-104  +1.409674e-85  +8.950370e-52  +1.233453e-27  +8.794332e-11  +1.367478e-04  +4.181003e-05  +3.673455e-04  +4.648497e-04  +3.055671e-04  +1.531449e-04  +3.484295e-04  +1.464108e-04  +2.314201e-05  +1.609639e-04  +1.644729e-05  +6.469906e-15  +3.564098e-35  +2.727729e-66  +2.901080e-108  +4.338457e-161  +1.150159e-224  +3.115304e-297  +0.000000e+00 
+1.218906e-261  +4.067153e-219  +1.884728e-187  +1.212956e-166  +1.084124e-156  +1.345709e-157  +2.319856e-169  +9.813997e-173  +4.821834e-118  +3.290932e-74  +3.128854e-41  +4.501616e-19  +2.899883e-07  +2.440250e-04  +4.410943e-04  +3.503306e-04  +5.087680e-04  +2.003039e-04  +4.790515e-04  +1.903606e-04  +3.351003e-05  +2.049736e-04  +1.160594e-04  +6.936595e-09  +2.318788e-18  +1.277799e-38  +9.779299e-70  +1.039419e-111  +1.534305e-164  +3.145363e-228  +8.955043e-303  +0.000000e+00 
+0.000000e+00  +7.791051e-282  +3.610391e-250  +2.323541e-229  +2.076752e-219  +2.577844e-220  +4.443935e-232  +3.972937e-172  +1.952244e-117  +1.332277e-73  +1.262690e-40  +1.665298e-18  +4.627364e-07  +4.153698e-04  +4.372368e-04  +1.128582e-04  +4.088658e-04  +3.296191e-04  +5.149340e-04  +1.532929e-04  +4.258569e-05  +1.486140e-05  +2.884415e-04  +2.265463e-08  +5.384526e-22  +2.103779e-46  +1.149452e-81  +5.261956e-126  +7.639611e-179  +1.566137e-242  +4.458889e-317  +0.000000e+00 
+0.000000e+00  +0.000000e+00  +9.881313e-324  +6.181500e-303  +5.524946e-293  +6.858041e-294  +6.655375e-237  +6.155378e-175  +7.909485e-124  +1.124607e-81  +1.140243e-46  +4.369462e-22  +5.000232e-08  +3.024502e-04  +2.398678e-04  +1.886324e-04  +3.050362e-04  +4.920697e-04  +2.897823e-04  +2.376217e-06  +1.215175e-04  +1.014277e-04  +3.044662e-06  +2.732370e-13  +1.233773e-28  +8.278717e-55  +3.516054e-91  +2.152648e-137  +2.250493e-194  +3.279690e-262  +0.000000e+00  +0.000000e+00 
+0.000000e+00  +0.000000e+00  +0.000000e+00  +0.000000e+00  +0.000000e+00  +9.573845e-293  +6.375741e-220  +5.896752e-158  +7.574135e-107  +1.351111e-66  +3.347731e-37  +1.803520e-18  +1.777720e-07  +1.864222e-04  +1.229125e-04  +4.534099e-04  +2.755634e-04  +1.055108e-04  +6.042678e-06  +7.792930e-09  +7.782176e-08  +2.429762e-08  +3.199938e-15  +1.684499e-25  +1.444733e-43  +9.085874e-70  +7.942730e-107  +9.650119e-155  +1.703316e-213  +1.510048e-282  +0.000000e+00  +0.000000e+00 
+0.000000e+00  +0.000000e+00  +0.000000e+00  +0.000000e+00  +0.000000e+00  +1.273745e-286  +8.482556e-214  +7.845289e-152  +1.007695e-100  +1.797576e-60  +4.453325e-31  +1.532563e-12  +7.516173e-05  +2.343229e-04  +2.577843e-05  +3.114492e-04  +4.240329e-05  +1.842461e-07  +4.140205e-13  +5.230944e-21  +4.824154e-20  +1.515636e-20  +6.620409e-32  +2.556982e-45  +1.878454e-66  +1.479910e-95  +1.292027e-132  +1.568583e-180  +2.644729e-239  +6.192936e-309  +0.000000e+00  +0.000000e+00 
+0.000000e+00  +0.000000e+00  +0.000000e+00  +0.000000e+00  +0.000000e+00  +2.353513e-291  +1.567331e-218  +1.449583e-156  +1.861953e-105  +3.326555e-65  +9.847034e-36  +8.125929e-16  +9.186579e-06  +2.228356e-04  +1.229029e-06  +5.991422e-08  +3.739012e-10  +4.857991e-19  +1.845335e-28  +7.782996e-43  +4.180847e-43  +1.313525e-43  +5.731260e-55  +5.749162e-76  +3.963361e-97  +4.041939e-129  +2.924598e-169  +3.543664e-217  +5.974839e-276  +0.000000e+00  +0.000000e+00  +0.000000e+00 
+0.000000e+00  +0.000000e+00  +0.000000e+00  +0.000000e+00  +0.000000e+00  +2.773102e-304  +2.428486e-229  +2.959892e-165  +5.010271e-112  +1.177837e-69  +3.845548e-38  +1.746278e-17  +3.142419e-07  +1.571906e-04  +3.370892e-07  +5.570543e-20  +3.551400e-25  +6.235739e-35  +3.982526e-52  +2.696671e-70  +5.032059e-77  +1.580955e-77  +6.898132e-89  +4.180050e-111  +1.162812e-138  +1.184883e-170  +1.677714e-213  +1.115118e-264  +1.976263e-323  +0.000000e+00  +0.000000e+00  +0.000000e+00 
+0.000000e+00  +0.000000e+00  +0.000000e+00  +0.000000e+00  +0.000000e+00  +1.263960e-316  +1.109284e-241  +1.352042e-177  +2.288630e-124  +5.380456e-82  +1.891274e-50  +1.016540e-27  +1.049502e-14  +6.469767e-11  +3.709094e-14  +5.234220e-27  +8.922029e-50  +1.188696e-61  +2.100926e-81  +1.013098e-105  +8.411337e-122  +2.642646e-122  +1.153057e-133  +6.987160e-156  +5.927530e-189  +4.827897e-223  +6.832242e-266  +1.343266e-319  +0.000000e+00  +0.000000e+00  +0.000000e+00  +0.000000e+00 
+0.000000e+00  +0.000000e+00  +0.000000e+00  +0.000000e+00  +0.000000e+00  +0.000000e+00  +7.037127e-265  +8.577162e-201  +1.456473e-147  +2.127607e-104  +9.629989e-70  +7.208350e-46  +7.570194e-33  +5.121017e-28  +8.912464e-32  +7.031451e-45  +1.608345e-68  +4.194432e-99  +5.547856e-119  +1.409588e-149  +1.953209e-177  +6.134741e-178  +2.676752e-189  +1.622026e-211  +1.365041e-244  +2.747941e-286  +0.000000e+00  +0.000000e+00  +0.000000e+00  +0.000000e+00  +0.000000e+00  +0.000000e+00 
+0.000000e+00  +0.000000e+00  +0.000000e+00  +0.000000e+00  +0.000000e+00  +0.000000e+00  +6.200728e-299  +9.191229e-235  +4.580880e-179  +1.773044e-133  +9.557428e-99  +7.154880e-75  +8.321526e-62  +5.914916e-56  +6.267100e-60  +1.361858e-73  +2.979837e-97  +9.543940e-132  +2.034883e-167  +5.006880e-198  +3.043468e-237  +1.977841e-244  +8.629852e-256  +5.229416e-278  +4.400895e-311  +0.000000e+00  +0.000000e+00  +0.000000e+00  +0.000000e+00  +0.000000e+00  +0.000000e+00  +0.000000e+00 
+0.000000e+00  +0.000000e+00  +0.000000e+00  +0.000000e+00  +0.000000e+00  +0.000000e+00  +0.000000e+00  +2.253250e-275  +6.297062e-219  +2.444118e-173  +1.317481e-138  +9.863198e-115  +2.452462e-101  +9.551227e-95  +9.074621e-99  +4.466082e-113  +7.681840e-137  +2.454884e-171  +1.092393e-216  +2.550114e-257  +8.715392e-299  +8.843775e-322  +0.000000e+00  +0.000000e+00  +0.000000e+00  +0.000000e+00  +0.000000e+00  +0.000000e+00  +0.000000e+00  +0.000000e+00  +0.000000e+00  +0.000000e+00 
+0.000000e+00  +0.000000e+00  +0.000000e+00  +0.000000e+00  +0.000000e+00  +0.000000e+00  +0.000000e+00  +0.000000e+00  +1.205534e-269  +4.679114e-224  +2.522237e-189  +1.888857e-165  +3.400053e-151  +2.143933e-144  +1.999545e-148  +3.757741e-163  +2.782853e-187  +8.770257e-222  +3.902230e-267  +2.470328e-323  +0.000000e+00  +0.000000e+00  +0.000000e+00  +0.000000e+00  +0.000000e+00  +0.000000e+00  +0.000000e+00  +0.000000e+00  +0.000000e+00  +0.000000e+00  +0.000000e+00  +0.000000e+00 
