+0.000000e+00  +0.000000e+00  +0.000000e+00  +0.000000e+00  +0.000000e+00  +0.000000e+00  +1.063541e-318  +7.394846e-292  +7.140728e-276  +9.576214e-271  +1.783541e-276  +4.613286e-293  +1.657096e-320  +0.000000e+00  +0.000000e+00  +0.000000e+00  +0.000000e+00  +0.000000e+00  +0.000000e+00  +1.702828e-309  +9.533415e-288  +4.957168e-267  +3.092159e-252  +2.678725e-248  +3.222792e-255  +5.384859e-273  +1.249552e-301  +0.000000e+00  +0.000000e+00  +0.000000e+00  +0.000000e+00  +0.000000e+00 
+0.000000e+00  +0.000000e+00  +0.000000e+00  +0.000000e+00  +0.000000e+00  +8.289890e-286  +4.150364e-248  +2.885769e-221  +2.786602e-205  +3.737028e-200  +6.960102e-206  +1.800292e-222  +6.468334e-250  +1.597821e-287  +0.000000e+00  +0.000000e+00  +0.000000e+00  +2.010045e-303  +7.828057e-271  +3.138414e-238  +1.757035e-216  +9.894800e-200  +6.172051e-185  +5.346822e-181  +6.432798e-188  +1.074836e-205  +2.494155e-234  +2.862040e-273  +8.101985e-318  +0.000000e+00  +0.000000e+00  +0.000000e+00 
+0.000000e+00  +0.000000e+00  +0.000000e+00  +0.000000e+00  +1.246292e-274  +4.492822e-226  +2.249348e-188  +1.563983e-161  +1.510238e-145  +2.025335e-140  +3.772125e-146  +9.756970e-163  +3.774665e-190  +2.737769e-225  +3.854146e-270  +0.000000e+00  +7.444797e-278  +1.138938e-236  +2.420036e-206  +8.033184e-178  +4.497361e-156  +2.797759e-143  +1.710941e-128  +1.482181e-124  +1.783222e-131  +2.979529e-149  +7.053036e-178  +3.941740e-213  +1.583111e-257  +2.218058e-306  +0.000000e+00  +0.000000e+00 
+0.000000e+00  +0.000000e+00  +0.000000e+00  +3.613820e-285  +9.380546e-226  +3.381642e-177  +1.693032e-139  +1.177174e-112  +1.136721e-96  +1.524422e-91  +2.839191e-97  +7.354820e-114  +8.301514e-140  +8.152742e-174  +1.148449e-218  +9.464576e-274  +5.858483e-222  +8.962572e-181  +1.904232e-150  +2.861257e-128  +1.598723e-106  +1.300412e-95  +6.586865e-83  +5.706173e-79  +6.865135e-86  +1.147255e-103  +3.725001e-130  +1.049074e-163  +4.149634e-203  +2.912952e-250  +2.839875e-308  +0.000000e+00 
+0.000000e+00  +0.000000e+00  +2.021107e-317  +3.777573e-247  +9.805607e-188  +3.534875e-139  +1.769748e-101  +1.230515e-74  +1.188229e-58  +1.593498e-53  +2.967929e-59  +1.223088e-75  +3.326517e-99  +3.373841e-133  +4.752623e-178  +6.022216e-213  +6.429271e-177  +9.794977e-136  +2.081118e-105  +6.143487e-86  +7.892717e-68  +6.151998e-57  +3.522122e-48  +3.050889e-44  +3.670550e-51  +1.282642e-68  +1.366091e-91  +1.497705e-121  +7.568399e-158  +5.312903e-205  +5.179617e-263  +0.000000e+00 
+0.000000e+00  +0.000000e+00  +2.934091e-290  +5.483997e-220  +1.423504e-160  +5.131665e-112  +2.569188e-74  +1.786369e-47  +1.724982e-31  +2.313322e-26  +4.358263e-32  +2.628606e-46  +1.911672e-69  +1.939028e-103  +2.731448e-148  +2.663326e-162  +1.385192e-130  +1.504239e-101  +3.158863e-71  +9.328845e-52  +5.415416e-40  +4.208365e-29  +2.783905e-24  +2.265405e-20  +2.748907e-27  +3.436823e-41  +1.049088e-61  +3.792718e-87  +1.917081e-123  +1.345762e-170  +1.312001e-228  +1.776388e-297 
+0.000000e+00  +0.000000e+00  +5.915561e-274  +1.105655e-203  +2.869995e-144  +1.034619e-95  +5.179861e-58  +3.601584e-31  +3.477818e-15  +4.665046e-10  +4.841330e-15  +2.089212e-27  +1.525846e-50  +1.547681e-84  +2.180170e-129  +1.635802e-122  +8.504366e-91  +7.226220e-70  +6.886307e-48  +1.971818e-28  +8.405698e-20  +4.018730e-12  +1.192969e-09  +2.336364e-07  +1.732091e-12  +1.649908e-23  +3.665836e-38  +1.334212e-63  +6.743958e-100  +4.734158e-147  +4.615392e-205  +6.249026e-274 
+0.000000e+00  +2.677688e-314  +3.284035e-256  +4.740235e-192  +1.753834e-138  +2.896952e-90  +1.450368e-52  +1.008449e-25  +9.737983e-10  +1.422224e-04  +4.406143e-07  +2.315866e-19  +1.691400e-42  +1.715604e-76  +2.146911e-120  +1.395324e-93  +7.254139e-62  +5.239861e-41  +1.077719e-28  +6.396595e-16  +2.759243e-07  +7.429065e-06  +1.587785e-04  +1.092424e-04  +3.446093e-06  +6.834161e-11  +1.790958e-25  +6.518345e-51  +3.294786e-87  +2.312891e-134  +2.254867e-192  +3.052985e-261 
+8.485566e-294  +4.614731e-250  +1.138892e-210  +1.180993e-171  +2.945258e-119  +8.199570e-77  +3.170333e-45  +1.734068e-24  +4.377474e-12  +8.332328e-05  +7.891371e-08  +5.282716e-21  +4.705589e-42  +1.983522e-64  +1.277494e-80  +1.652941e-75  +8.593461e-44  +6.204651e-23  +7.362286e-13  +2.432474e-07  +6.893602e-05  +1.725348e-04  +1.365151e-04  +3.337919e-04  +9.383013e-05  +4.687766e-09  +1.215326e-23  +4.422708e-49  +2.235515e-85  +1.569298e-132  +1.529929e-190  +2.071453e-259 
+4.467318e-237  +2.427797e-193  +3.706663e-160  +1.982935e-128  +2.545337e-98  +3.529715e-68  +1.364699e-36  +7.328319e-16  +5.815377e-06  +4.009936e-05  +1.381906e-05  +1.257952e-15  +3.982924e-30  +1.847078e-35  +1.189616e-51  +2.272983e-57  +1.413801e-36  +1.020792e-15  +1.024095e-05  +2.235239e-04  +9.312556e-05  +1.685309e-04  +3.185152e-04  +3.000084e-04  +3.559097e-06  +2.277899e-12  +7.156022e-29  +3.163494e-56  +3.998217e-94  +1.494666e-141  +1.441835e-199  +1.951929e-268 
+3.266261e-191  +1.775074e-147  +1.339738e-114  +2.126591e-89  +3.631239e-66  +1.208418e-46  +8.278064e-35  +6.929862e-15  +2.572838e-05  +5.799345e-05  +5.393746e-07  +1.011951e-16  +5.155217e-12  +2.390085e-17  +2.208273e-33  +5.955308e-29  +5.034340e-34  +4.857074e-19  +5.480048e-07  +1.763339e-04  +6.667566e-05  +1.973076e-04  +1.101695e-04  +3.181694e-04  +9.699434e-05  +3.360535e-13  +1.731753e-32  +1.302460e-62  +1.435763e-103  +3.446255e-155  +1.167084e-215  +1.906396e-286 
+3.316599e-156  +1.802430e-112  +1.360385e-79  +1.426635e-57  +4.647841e-40  +2.384740e-25  +1.106535e-16  +1.433247e-11  +1.059710e-04  +9.533285e-05  +1.647844e-05  +5.030461e-06  +1.122416e-04  +4.922087e-10  +2.851542e-15  +2.167002e-11  +1.831966e-16  +7.875369e-14  +7.383524e-07  +4.171632e-05  +1.317035e-04  +2.725219e-04  +2.017055e-05  +5.068326e-04  +1.331759e-04  +2.017870e-12  +5.458747e-31  +2.135550e-60  +1.190150e-100  +3.507597e-146  +8.269636e-198  +2.707710e-260 
+1.632167e-131  +2.541849e-88  +1.918412e-55  +2.010869e-33  +5.040026e-22  +2.038529e-12  +3.039251e-06  +3.000353e-08  +8.911580e-06  +3.451319e-04  +2.114798e-04  +2.253036e-04  +2.076703e-04  +4.634077e-05  +9.416501e-06  +1.164518e-04  +3.373868e-08  +2.488977e-05  +1.346032e-05  +3.160700e-04  +2.236091e-04  +4.782793e-04  +5.329600e-04  +4.632764e-04  +1.996941e-07  +5.151116e-16  +2.232909e-30  +2.868110e-50  +3.505810e-80  +5.951525e-121  +1.403156e-172  +4.594327e-235 
+1.089869e-108  +6.230339e-70  +8.703456e-42  +3.938285e-20  +5.752927e-09  +1.505045e-05  +4.139348e-04  +1.763161e-05  +2.346732e-04  +2.812068e-04  +2.063354e-04  +3.294472e-04  +2.517511e-04  +1.555399e-04  +1.956088e-04  +9.600383e-05  +3.238964e-06  +1.437657e-04  +4.515182e-04  +3.069873e-04  +8.754730e-05  +9.379047e-05  +3.508689e-04  +2.588010e-04  +2.156541e-05  +4.731067e-08  +7.678649e-17  +6.758404e-36  +8.261256e-66  +1.402445e-106  +3.306464e-158  +1.082629e-220 
+1.416647e-96  +8.098331e-58  +6.429356e-30  +7.088984e-13  +2.650192e-06  +1.061661e-04  +2.164077e-04  +1.117535e-04  +2.005502e-04  +2.460772e-04  +2.465293e-04  +2.298474e-04  +2.837794e-04  +7.958690e-05  +8.165485e-05  +2.198252e-04  +1.298762e-04  +1.079703e-04  +2.216941e-04  +3.064271e-04  +2.487767e-04  +4.468973e-04  +5.139682e-04  +1.844362e-04  +5.150085e-05  +4.016662e-05  +2.513344e-13  +2.211777e-32  +2.703596e-62  +4.589671e-103  +1.082080e-154  +3.543032e-217 
+2.557330e-95  +1.461910e-56  +1.160632e-28  +1.280443e-11  +2.644791e-05  +2.357079e-04  +2.998598e-04  +2.322689e-04  +1.524611e-04  +2.009694e-04  +3.934137e-04  +2.543017e-04  +3.638553e-04  +1.713402e-04  +3.314460e-04  +2.673831e-04  +3.767006e-04  +3.670919e-04  +5.009835e-04  +3.659844e-04  +2.685928e-04  +1.870049e-04  +1.336317e-05  +1.504402e-04  +7.792419e-05  +7.963822e-06  +2.501377e-16  +3.289486e-37  +9.107494e-69  +2.356780e-110  +4.931009e-162  +1.610393e-224 
+1.419036e-104  +6.753649e-64  +8.065164e-34  +1.438453e-14  +1.586299e-05  +3.992673e-05  +1.870367e-04  +9.061583e-05  +1.919419e-04  +4.038711e-05  +6.232602e-04  +1.285069e-04  +2.707790e-04  +1.109070e-04  +3.526674e-04  +2.197654e-04  +5.840532e-04  +2.614159e-04  +1.960568e-04  +6.822905e-05  +2.011918e-04  +3.203113e-04  +3.721951e-04  +2.151902e-04  +5.335565e-05  +1.020196e-07  +8.160989e-20  +1.400402e-41  +3.444109e-74  +1.176564e-117  +5.588130e-172  +3.726511e-237 
+2.032547e-115  +5.555514e-74  +2.657717e-42  +2.497645e-21  +3.283922e-11  +7.725911e-09  +9.621277e-05  +1.369609e-04  +1.895431e-04  +2.300286e-04  +2.436800e-04  +2.564238e-04  +2.058943e-04  +7.489510e-05  +3.628300e-04  +3.347994e-04  +6.413446e-04  +1.235808e-04  +4.467057e-04  +4.067484e-04  +1.696212e-04  +3.259876e-04  +1.078414e-04  +8.697493e-06  +1.456828e-11  +1.463845e-14  +3.911574e-28  +1.456720e-52  +2.013131e-87  +4.326363e-131  +2.049811e-185  +1.350450e-250 
+2.817177e-133  +1.382665e-90  +9.426681e-59  +8.925665e-38  +3.510479e-22  +7.619923e-09  +2.284404e-05  +5.343194e-05  +5.487520e-05  +7.830069e-05  +7.479573e-05  +2.496515e-05  +2.085313e-04  +1.312755e-04  +1.545699e-04  +2.565744e-04  +1.669696e-04  +3.786084e-05  +6.144992e-05  +7.862345e-05  +1.961634e-04  +1.801136e-07  +6.529313e-12  +6.846761e-15  +6.510758e-23  +3.135658e-32  +8.378810e-46  +3.109381e-70  +1.602521e-105  +1.147241e-151  +1.244755e-208  +7.046436e-275 
+1.398027e-160  +6.863117e-118  +4.679134e-86  +3.083248e-57  +4.806625e-33  +1.236204e-19  +6.119277e-10  +5.704110e-08  +6.263889e-11  +1.904543e-07  +7.055734e-05  +8.963732e-05  +1.226047e-04  +1.544297e-04  +2.140317e-04  +8.770695e-05  +3.561902e-04  +6.243548e-06  +2.219699e-04  +9.482149e-05  +3.247484e-04  +4.621046e-06  +5.328907e-17  +1.685264e-34  +2.003170e-44  +1.104265e-60  +2.492610e-74  +9.250089e-99  +4.767333e-134  +3.412267e-180  +3.391943e-237  +4.682701e-305 
+9.637400e-199  +4.731786e-156  +5.223103e-114  +5.863007e-79  +9.218598e-55  +1.343896e-35  +6.247609e-24  +1.938878e-21  +6.806844e-18  +2.425752e-06  +2.812680e-05  +1.055950e-04  +9.434869e-05  +1.085501e-04  +2.182864e-04  +3.572932e-05  +1.885012e-04  +1.172695e-05  +8.234440e-05  +7.890577e-06  +3.775800e-06  +1.800169e-08  +1.505601e-21  +2.367851e-45  +3.965458e-75  +3.189788e-94  +1.029827e-113  +3.821693e-138  +1.969633e-173  +1.409785e-219  +1.401388e-276  +0.000000e+00 
+9.519841e-248  +1.706572e-192  +1.379363e-146  +1.548986e-111  +7.661549e-83  +2.487109e-61  +2.822313e-48  +6.813548e-42  +6.363072e-19  +8.284194e-07  +1.268609e-04  +5.244247e-05  +1.212161e-04  +7.301761e-06  +9.470846e-05  +1.981963e-04  +3.220506e-04  +1.898717e-06  +4.603393e-05  +1.525373e-09  +1.378375e-16  +6.117806e-19  +5.104974e-32  +5.916015e-56  +9.521462e-91  +2.388339e-136  +6.132932e-164  +2.192824e-188  +1.130143e-223  +8.089111e-270  +0.000000e+00  +0.000000e+00 
+1.075466e-292  +6.259108e-236  +5.059117e-190  +8.575594e-152  +1.084703e-119  +8.082152e-97  +8.138216e-83  +5.637872e-49  +2.591828e-24  +6.364709e-10  +1.486754e-05  +1.864263e-04  +2.866838e-04  +2.071471e-04  +1.757228e-04  +1.486966e-04  +3.832193e-04  +1.288866e-04  +1.347357e-06  +1.370690e-14  +1.321115e-32  +2.887504e-40  +2.409463e-53  +2.792262e-77  +4.493966e-112  +1.004480e-157  +3.118116e-214  +1.747389e-249  +9.005733e-285  +0.000000e+00  +0.000000e+00  +0.000000e+00 
+0.000000e+00  +3.188149e-290  +1.876273e-242  +1.617430e-199  +6.232616e-167  +7.786265e-143  +4.955479e-97  +6.404446e-61  +1.149781e-35  +7.737121e-18  +5.925630e-07  +9.650190e-05  +1.716138e-04  +3.992161e-04  +2.690092e-04  +3.868259e-05  +1.341377e-04  +4.497130e-05  +7.621047e-13  +1.212304e-26  +1.152971e-45  +1.907698e-72  +1.579375e-85  +1.830294e-109  +2.945741e-144  +6.584250e-190  +2.043882e-246  +8.811371e-314  +0.000000e+00  +0.000000e+00  +0.000000e+00  +0.000000e+00 
+0.000000e+00  +0.000000e+00  +4.840583e-301  +4.667629e-258  +1.045963e-223  +3.330265e-166  +3.099445e-119  +3.652039e-82  +1.288462e-49  +7.319849e-28  +4.356934e-12  +1.286430e-05  +5.795050e-05  +7.714121e-05  +9.358029e-05  +2.983960e-05  +5.478700e-05  +4.073838e-06  +2.965025e-17  +4.741387e-35  +4.675440e-62  +1.934658e-98  +1.437765e-128  +1.666187e-152  +2.681621e-187  +5.993894e-233  +1.860624e-289  +0.000000e+00  +0.000000e+00  +0.000000e+00  +0.000000e+00  +0.000000e+00 
+0.000000e+00  +0.000000e+00  +0.000000e+00  +0.000000e+00  +4.317130e-257  +2.963712e-199  +1.450961e-146  +4.141424e-103  +1.270646e-67  +1.741122e-39  +3.346504e-22  +9.758180e-10  +1.340451e-04  +9.908273e-05  +2.519759e-05  +1.109759e-09  +6.360771e-05  +4.825145e-05  +2.389012e-10  +1.696575e-26  +1.673269e-53  +2.291903e-91  +4.359782e-140  +1.151785e-199  +3.390300e-241  +7.577915e-287  +0.000000e+00  +0.000000e+00  +0.000000e+00  +0.000000e+00  +0.000000e+00  +0.000000e+00 
+0.000000e+00  +0.000000e+00  +0.000000e+00  +0.000000e+00  +8.446868e-298  +1.248859e-232  +2.166221e-177  +1.358439e-127  +1.342048e-88  +2.098356e-57  +1.410133e-30  +1.323673e-14  +1.054323e-07  +2.370022e-09  +6.316002e-12  +1.454975e-09  +9.029262e-06  +5.247367e-05  +4.462070e-12  +1.024271e-28  +8.460166e-56  +1.140724e-93  +2.167182e-142  +5.724760e-202  +2.100381e-272  +0.000000e+00  +0.000000e+00  +0.000000e+00  +0.000000e+00  +0.000000e+00  +0.000000e+00  +0.000000e+00 
+0.000000e+00  +0.000000e+00  +0.000000e+00  +0.000000e+00  +0.000000e+00  +5.475744e-270  +2.804740e-209  +4.329481e-159  +8.140347e-111  +3.942460e-73  +2.652797e-46  +1.481526e-29  +1.985168e-20  +4.435732e-22  +2.897697e-29  +2.552355e-15  +4.347909e-06  +3.599431e-06  +1.437591e-12  +8.208864e-30  +6.509816e-58  +7.169557e-97  +1.096614e-146  +2.329450e-207  +6.872124e-279  +0.000000e+00  +0.000000e+00  +0.000000e+00  +0.000000e+00  +0.000000e+00  +0.000000e+00  +0.000000e+00 
+0.000000e+00  +0.000000e+00  +0.000000e+00  +0.000000e+00  +0.000000e+00  +1.118260e-312  +2.427816e-245  +6.096269e-186  +2.125937e-137  +1.029649e-99  +9.756054e-73  +3.280124e-53  +5.276446e-44  +1.179007e-45  +4.789746e-45  +5.875117e-25  +1.000827e-15  +4.570163e-17  +9.055367e-24  +5.170748e-41  +4.100521e-69  +4.516091e-108  +6.907553e-158  +1.467316e-218  +4.328737e-290  +0.000000e+00  +0.000000e+00  +0.000000e+00  +0.000000e+00  +0.000000e+00  +0.000000e+00  +0.000000e+00 
+0.000000e+00  +0.000000e+00  +0.000000e+00  +0.000000e+00  +0.000000e+00  +0.000000e+00  +8.805645e-283  +2.211106e-223  +7.710760e-175  +3.859662e-137  +1.047460e-107  +1.210581e-87  +1.947739e-78  +4.352166e-80  +1.531230e-65  +1.878211e-45  +3.199531e-36  +7.762150e-38  +7.921868e-46  +4.523365e-63  +3.587132e-91  +3.950672e-130  +6.042720e-180  +1.283607e-240  +3.786775e-312  +0.000000e+00  +0.000000e+00  +0.000000e+00  +0.000000e+00  +0.000000e+00  +0.000000e+00  +0.000000e+00 
+0.000000e+00  +0.000000e+00  +0.000000e+00  +0.000000e+00  +0.000000e+00  +0.000000e+00  +0.000000e+00  +1.113764e-271  +3.894694e-223  +6.609972e-184  +5.357019e-153  +6.206133e-133  +9.985226e-124  +2.238867e-125  +6.798391e-97  +8.338927e-77  +1.420536e-67  +3.363059e-69  +9.635143e-79  +5.495509e-96  +4.358063e-124  +4.799734e-163  +7.341397e-213  +1.559474e-273  +0.000000e+00  +0.000000e+00  +0.000000e+00  +0.000000e+00  +0.000000e+00  +0.000000e+00  +0.000000e+00  +0.000000e+00 
+0.000000e+00  +0.000000e+00  +0.000000e+00  +0.000000e+00  +0.000000e+00  +0.000000e+00  +0.000000e+00  +0.000000e+00  +1.032915e-281  +4.572344e-240  +3.814058e-209  +4.418615e-189  +7.109238e-180  +4.746176e-170  +4.191890e-139  +5.141785e-119  +8.759028e-110  +2.072260e-111  +1.691930e-122  +9.272398e-140  +7.353223e-168  +8.098440e-207  +1.238691e-256  +2.631252e-317  +0.000000e+00  +0.000000e+00  +0.000000e+00  +0.000000e+00  +0.000000e+00  +0.000000e+00  +0.000000e+00  +0.000000e+00 
