+0.000000e+00  +0.000000e+00  +0.000000e+00  +0.000000e+00  +0.000000e+00  +0.000000e+00  +0.000000e+00  +0.000000e+00  +0.000000e+00  +0.000000e+00  +0.000000e+00  +0.000000e+00  +0.000000e+00  +0.000000e+00  +0.000000e+00  +0.000000e+00  +2.989162e-303  +3.999681e-292  +7.686679e-292  +2.941071e-273  +4.727516e-264  +2.502721e-265  +3.415988e-267  +1.119675e-279  +5.096895e-303  +0.000000e+00  +0.000000e+00  +0.000000e+00  +0.000000e+00  +0.000000e+00  +0.000000e+00  +0.000000e+00 
+0.000000e+00  +0.000000e+00  +0.000000e+00  +0.000000e+00  +0.000000e+00  +0.000000e+00  +0.000000e+00  +0.000000e+00  +0.000000e+00  +0.000000e+00  +0.000000e+00  +0.000000e+00  +0.000000e+00  +3.889544e-309  +3.190400e-277  +7.481346e-252  +7.181304e-230  +9.608996e-219  +1.785640e-218  +1.007554e-203  +1.619556e-194  +1.180182e-195  +1.932100e-197  +6.332939e-210  +2.882830e-233  +1.822513e-267  +1.600148e-312  +0.000000e+00  +0.000000e+00  +0.000000e+00  +0.000000e+00  +0.000000e+00 
+0.000000e+00  +0.000000e+00  +0.000000e+00  +0.000000e+00  +0.000000e+00  +0.000000e+00  +0.000000e+00  +0.000000e+00  +0.000000e+00  +0.000000e+00  +6.216077e-318  +3.875342e-300  +2.746669e-270  +2.511220e-242  +2.056310e-210  +5.163759e-189  +2.396270e-167  +3.206038e-156  +5.957752e-156  +4.793680e-145  +7.705425e-136  +8.150609e-137  +1.517682e-138  +4.974582e-151  +2.264489e-174  +1.431601e-208  +1.256931e-253  +3.759931e-282  +2.872252e-312  +0.000000e+00  +0.000000e+00  +0.000000e+00 
+0.000000e+00  +0.000000e+00  +0.000000e+00  +0.000000e+00  +0.000000e+00  +0.000000e+00  +0.000000e+00  +5.306258e-307  +3.617292e-274  +3.424654e-252  +4.502854e-241  +1.247541e-233  +8.281387e-204  +1.245255e-182  +1.840646e-154  +2.097470e-133  +1.114261e-115  +1.485588e-104  +2.760648e-104  +3.167435e-97  +5.091377e-88  +8.151658e-89  +1.655656e-90  +5.426825e-103  +2.470356e-126  +1.561749e-160  +1.019549e-194  +5.608065e-214  +4.284063e-244  +1.361344e-283  +1.960072e-317  +0.000000e+00 
+0.000000e+00  +0.000000e+00  +0.000000e+00  +0.000000e+00  +0.000000e+00  +0.000000e+00  +1.087528e-284  +5.338236e-241  +3.639092e-208  +3.445293e-186  +4.529990e-175  +8.277498e-175  +3.694043e-148  +1.043615e-128  +2.303174e-109  +2.606600e-88  +8.092283e-75  +9.561055e-64  +1.776551e-63  +2.906594e-60  +4.672098e-51  +1.167120e-51  +2.508403e-53  +8.221915e-66  +3.742714e-89  +2.366148e-123  +2.111930e-137  +1.161674e-156  +8.874336e-187  +1.438016e-216  +2.177039e-250  +4.577439e-295 
+0.000000e+00  +0.000000e+00  +0.000000e+00  +0.000000e+00  +2.510838e-304  +4.619628e-284  +1.519536e-229  +7.458392e-186  +5.084408e-153  +4.813639e-131  +6.329139e-120  +1.155723e-119  +2.293458e-103  +2.255271e-84  +5.234636e-71  +4.500198e-54  +1.085262e-43  +8.574444e-34  +1.587754e-33  +3.717927e-34  +5.954252e-25  +2.369595e-25  +5.277915e-27  +1.729968e-39  +7.875389e-63  +1.534020e-82  +6.075591e-91  +3.341899e-110  +2.651205e-137  +2.218095e-160  +3.358138e-194  +7.060814e-239 
+0.000000e+00  +0.000000e+00  +7.067400e-290  +5.941623e-260  +9.784175e-233  +3.709298e-214  +3.675313e-185  +1.447567e-141  +9.865653e-109  +9.340258e-87  +1.228089e-75  +2.242540e-75  +1.977651e-69  +1.823142e-50  +1.685158e-40  +1.106122e-30  +1.708603e-20  +1.199880e-14  +1.971434e-14  +7.080640e-16  +1.054041e-09  +6.856877e-10  +1.542288e-11  +5.057069e-24  +6.486974e-41  +6.128826e-47  +2.427368e-55  +1.349157e-74  +4.361732e-92  +4.751715e-115  +7.193971e-149  +1.512603e-193 
+2.110973e-317  +9.145856e-266  +5.503058e-225  +4.598560e-195  +5.295555e-172  +2.007406e-153  +1.085063e-145  +8.422013e-108  +2.661686e-75  +2.516997e-53  +3.309431e-42  +6.043495e-42  +4.118400e-45  +2.178451e-27  +8.447435e-19  +1.808252e-13  +5.684448e-08  +1.340550e-05  +5.612774e-06  +5.078210e-06  +2.871961e-05  +5.316740e-05  +9.682441e-07  +4.028549e-12  +1.438977e-20  +3.400648e-22  +1.346855e-30  +1.082107e-44  +1.296817e-57  +1.413704e-80  +2.140311e-114  +4.500213e-159 
+2.282785e-263  +9.890236e-212  +5.950951e-171  +4.972835e-141  +9.750803e-122  +1.508748e-103  +8.021281e-96  +7.888785e-82  +6.420252e-52  +9.471665e-31  +1.238560e-19  +2.264567e-19  +3.166992e-21  +3.624114e-15  +4.942853e-07  +1.822264e-05  +2.493180e-05  +2.373284e-05  +2.202376e-04  +1.189437e-04  +2.418793e-04  +1.024358e-04  +6.435335e-05  +8.722861e-06  +7.163955e-08  +2.620634e-08  +6.650258e-16  +6.909830e-22  +5.358265e-34  +5.841233e-57  +8.843473e-91  +1.859427e-135 
+3.428354e-220  +1.485344e-168  +8.937307e-128  +7.468344e-98  +8.667638e-79  +1.574840e-64  +8.322366e-57  +2.196197e-55  +1.314601e-36  +1.304354e-17  +6.603999e-08  +1.209158e-07  +4.030059e-08  +7.046636e-08  +1.359880e-05  +7.754833e-05  +8.325768e-05  +1.738164e-04  +9.584017e-05  +3.978393e-05  +4.887683e-05  +2.002874e-04  +1.334610e-04  +2.164434e-04  +1.620041e-04  +1.022937e-04  +8.029637e-06  +3.917292e-09  +3.074792e-21  +3.351932e-44  +5.075936e-78  +4.055053e-122 
+7.187989e-188  +3.098590e-136  +1.864093e-95  +1.557696e-65  +1.807749e-46  +2.312269e-36  +1.203673e-28  +1.206979e-27  +8.848091e-29  +4.872369e-12  +5.964696e-05  +1.414505e-04  +9.983795e-05  +1.247861e-05  +1.341119e-04  +3.821577e-05  +2.253308e-04  +5.926405e-05  +2.495537e-05  +8.991357e-05  +2.376172e-04  +6.296288e-05  +6.141997e-05  +1.612842e-04  +3.366896e-04  +2.708601e-04  +2.383908e-04  +1.164558e-06  +1.551661e-17  +1.858132e-36  +3.306699e-66  +8.184295e-107 
+5.884325e-165  +1.753143e-114  +5.578737e-74  +4.517308e-44  +5.236629e-25  +8.489154e-17  +2.422241e-11  +9.212936e-11  +9.150090e-18  +1.014686e-09  +1.045547e-04  +2.749916e-05  +1.824888e-04  +1.312889e-04  +2.181249e-04  +2.797570e-04  +1.242468e-04  +9.871989e-05  +1.930697e-05  +1.558039e-04  +1.136887e-04  +1.150630e-04  +1.990030e-04  +1.773059e-04  +2.430435e-04  +1.599072e-05  +9.468184e-05  +9.836219e-05  +5.900127e-13  +7.118490e-32  +1.258924e-61  +3.113515e-102 
+1.199722e-150  +1.809472e-100  +3.810778e-61  +1.283777e-32  +2.551922e-14  +3.425614e-06  +9.304502e-05  +9.773485e-05  +2.640982e-09  +5.330041e-08  +2.496576e-04  +2.380609e-04  +2.195643e-04  +3.099142e-04  +1.361149e-04  +4.616796e-05  +1.610856e-04  +1.682253e-04  +1.418640e-04  +9.156020e-05  +1.580280e-04  +1.856139e-04  +2.939234e-04  +3.097985e-04  +2.826690e-04  +2.301662e-04  +2.451156e-04  +7.643170e-07  +8.039103e-19  +3.888790e-38  +6.678669e-68  +1.645649e-108 
+5.263074e-147  +8.550104e-97  +1.949123e-57  +6.237756e-29  +2.804035e-11  +1.792457e-04  +2.186710e-04  +2.507507e-04  +3.607860e-05  +1.949675e-05  +1.772614e-04  +2.733745e-04  +2.316665e-04  +1.010782e-04  +3.849483e-05  +1.459547e-04  +7.765949e-05  +2.476090e-07  +1.080647e-06  +6.924840e-05  +1.362333e-04  +2.189323e-04  +1.813695e-04  +1.849852e-04  +3.058109e-04  +1.045414e-04  +1.309627e-04  +6.745119e-07  +7.274769e-19  +1.122204e-41  +2.412465e-75  +7.208716e-120 
+2.481123e-151  +5.045159e-102  +1.008618e-62  +3.584346e-34  +1.847961e-16  +9.234228e-07  +1.648661e-04  +1.413616e-04  +1.341204e-04  +2.914249e-05  +3.919976e-04  +2.748687e-04  +1.370306e-04  +7.174308e-05  +5.592419e-05  +1.858942e-05  +1.538345e-04  +3.788018e-07  +2.098934e-06  +1.229820e-04  +1.058235e-04  +5.482696e-05  +3.575668e-04  +9.731188e-05  +1.579219e-05  +1.360199e-04  +6.669653e-05  +3.351591e-07  +4.366475e-18  +1.095724e-39  +3.827281e-72  +1.858100e-115 
+8.398606e-141  +4.311868e-92  +3.074410e-54  +3.044360e-27  +4.187013e-11  +2.598046e-05  +1.766151e-05  +2.360280e-04  +1.655639e-04  +1.563994e-04  +3.752413e-04  +3.324120e-04  +4.495283e-04  +1.811520e-05  +1.892098e-06  +1.318363e-04  +9.874346e-05  +2.400679e-09  +4.871656e-10  +1.343940e-04  +1.325572e-05  +2.391776e-04  +2.797489e-04  +4.314157e-05  +1.366677e-04  +4.465129e-05  +3.286325e-05  +1.837045e-06  +3.333468e-16  +1.319157e-34  +7.438409e-64  +5.825147e-104 
+1.594038e-140  +1.161978e-91  +1.214477e-53  +1.804764e-26  +3.787142e-10  +1.176125e-04  +7.818733e-05  +8.208461e-05  +5.771451e-05  +1.557390e-04  +1.375873e-04  +9.263237e-05  +2.035294e-04  +5.026056e-08  +8.953363e-16  +4.140072e-07  +2.842806e-09  +1.691097e-05  +2.334206e-07  +1.313291e-04  +2.025129e-04  +1.426531e-04  +1.521354e-04  +1.220785e-04  +1.078752e-04  +1.531213e-06  +1.278795e-05  +6.097823e-05  +1.779721e-12  +7.226080e-31  +4.074663e-60  +3.190939e-100 
+1.058496e-144  +8.561779e-96  +9.617845e-58  +1.501747e-30  +4.298142e-14  +6.026090e-06  +1.629869e-04  +3.500976e-04  +4.979181e-05  +2.976859e-04  +4.325991e-04  +2.940501e-04  +8.366692e-05  +1.442543e-09  +1.806010e-11  +3.912014e-06  +4.002313e-06  +3.802632e-05  +1.445182e-04  +1.729982e-04  +1.331258e-04  +1.473424e-04  +2.492904e-04  +1.013490e-04  +2.574224e-05  +1.478482e-05  +2.484051e-05  +3.087441e-08  +1.360458e-19  +5.497337e-38  +3.099854e-67  +2.427550e-107 
+1.338040e-159  +1.082314e-110  +2.274915e-72  +1.946102e-40  +1.937685e-18  +1.292856e-06  +1.323559e-04  +2.404632e-04  +2.727061e-04  +2.178280e-04  +4.249202e-04  +1.762076e-04  +1.399042e-04  +2.681160e-05  +1.700006e-05  +2.011956e-04  +5.640666e-05  +2.552809e-04  +1.525614e-04  +1.298740e-04  +1.894824e-04  +1.553554e-04  +1.367454e-04  +2.731413e-04  +1.956832e-06  +7.628376e-09  +7.046875e-14  +8.673102e-17  +1.483968e-30  +4.107350e-55  +3.275144e-85  +2.564813e-125 
+9.569728e-182  +1.835092e-126  +5.129078e-82  +1.995058e-48  +1.211578e-25  +3.760614e-11  +5.437195e-06  +2.052160e-04  +1.866240e-04  +3.293623e-04  +3.889831e-04  +4.822213e-04  +5.591521e-04  +4.050743e-04  +1.744858e-04  +1.896773e-04  +1.188141e-04  +1.029631e-04  +1.673228e-04  +1.649738e-04  +2.443287e-04  +1.029798e-04  +1.470821e-04  +2.596414e-04  +8.180560e-07  +4.553472e-19  +6.637838e-33  +3.508412e-36  +6.002819e-50  +1.426389e-74  +4.707634e-110  +3.784980e-154 
+8.713655e-200  +1.757337e-144  +4.980378e-100  +8.680969e-65  +1.715705e-38  +7.387647e-22  +1.876830e-08  +1.564505e-04  +1.976237e-04  +2.539942e-04  +2.581421e-04  +1.944569e-04  +2.088412e-04  +2.556187e-04  +3.675802e-05  +1.880879e-04  +2.334745e-04  +2.232237e-04  +2.083969e-04  +1.433974e-04  +1.072699e-04  +1.168460e-04  +3.914923e-06  +4.981188e-08  +1.131573e-12  +3.904558e-25  +2.315530e-48  +1.970995e-66  +3.372331e-80  +8.013325e-105  +2.644437e-140  +1.211970e-186 
+1.162721e-228  +1.227896e-172  +1.088297e-124  +2.120465e-80  +1.335234e-45  +1.195788e-21  +2.172158e-08  +8.549130e-05  +7.114105e-05  +9.772533e-05  +2.683096e-05  +2.206613e-04  +2.162751e-04  +3.868228e-04  +3.557539e-04  +1.313565e-04  +3.226647e-05  +1.069576e-04  +1.965657e-06  +4.141390e-05  +4.947127e-05  +2.641952e-08  +4.826907e-15  +3.704315e-18  +1.230475e-28  +6.466675e-42  +3.783626e-65  +3.117552e-99  +2.631134e-121  +6.252096e-146  +2.063223e-181  +9.455939e-228 
+4.499457e-250  +1.047536e-182  +3.387006e-126  +1.520902e-80  +9.485490e-46  +8.284695e-22  +1.893533e-08  +2.431904e-04  +1.142903e-04  +1.406890e-04  +1.645116e-04  +1.106744e-04  +1.658288e-04  +1.638068e-04  +2.208251e-05  +1.544149e-04  +5.064679e-06  +2.924276e-05  +1.080209e-06  +7.922029e-14  +1.667781e-13  +2.077069e-18  +3.369734e-30  +4.368182e-39  +7.277653e-52  +2.061284e-69  +8.592933e-93  +7.074563e-127  +8.380797e-172  +6.774487e-198  +2.235615e-233  +1.024603e-279 
+4.504075e-261  +1.049490e-193  +3.682440e-137  +1.543106e-90  +9.708287e-54  +9.968876e-28  +1.510878e-12  +2.019876e-07  +1.006091e-04  +1.141447e-04  +2.631055e-04  +2.314108e-04  +7.969144e-05  +1.047310e-06  +7.606198e-11  +8.536893e-06  +1.035011e-04  +1.030861e-04  +8.986555e-11  +1.217701e-23  +7.974578e-33  +9.128704e-38  +1.982491e-53  +7.190600e-71  +1.190641e-83  +9.050193e-107  +2.773583e-131  +2.229684e-165  +2.551394e-210  +1.019452e-260  +3.364230e-296  +0.000000e+00 
+5.783576e-281  +1.469437e-211  +5.555791e-153  +3.099466e-105  +2.538951e-68  +3.024376e-42  +4.387983e-25  +1.650008e-10  +2.112572e-05  +1.365608e-04  +6.699990e-05  +1.762657e-04  +6.747410e-05  +2.159228e-06  +4.719252e-15  +6.914685e-15  +1.184927e-09  +3.288686e-09  +6.410005e-16  +1.770291e-33  +1.631811e-61  +6.061016e-68  +9.642209e-84  +1.055970e-109  +2.708009e-126  +6.259540e-150  +2.079201e-180  +9.772909e-215  +1.116709e-259  +1.774729e-315  +0.000000e+00  +0.000000e+00 
+1.702721e-306  +5.141460e-237  +2.263493e-178  +1.436643e-130  +1.300605e-93  +3.844192e-63  +1.717862e-36  +1.746592e-20  +1.549737e-11  +2.483013e-10  +2.565172e-05  +8.672901e-05  +7.920368e-05  +2.601613e-06  +5.111175e-15  +2.183739e-32  +1.062684e-24  +1.484543e-24  +2.833079e-31  +7.824126e-49  +3.000897e-77  +5.590009e-109  +8.885047e-125  +1.968479e-151  +8.553776e-180  +1.977170e-203  +6.518349e-238  +6.196020e-275  +6.788462e-320  +0.000000e+00  +0.000000e+00  +0.000000e+00 
+0.000000e+00  +3.580152e-273  +1.704706e-214  +1.142595e-166  +9.104055e-122  +4.744098e-84  +3.473042e-57  +6.111709e-39  +7.666559e-28  +6.352962e-18  +1.588751e-07  +1.360529e-05  +5.126333e-09  +7.445754e-13  +2.545810e-25  +2.642593e-45  +1.353654e-50  +9.507526e-51  +1.738990e-57  +4.802574e-75  +1.841998e-103  +9.811658e-143  +1.138057e-176  +2.512188e-203  +7.825858e-241  +8.673395e-268  +2.784288e-302  +0.000000e+00  +0.000000e+00  +0.000000e+00  +0.000000e+00  +0.000000e+00 
+0.000000e+00  +4.066654e-320  +4.486531e-261  +6.704770e-202  +2.544167e-153  +1.341022e-115  +5.577779e-88  +4.175436e-66  +7.526743e-51  +1.311701e-29  +4.077505e-19  +1.329599e-15  +4.675153e-19  +1.438584e-29  +3.431949e-42  +1.192596e-65  +2.395002e-87  +8.804002e-88  +1.482427e-94  +4.094023e-112  +1.570238e-140  +8.364088e-180  +6.187421e-230  +4.468806e-266  +1.370029e-303  +0.000000e+00  +0.000000e+00  +0.000000e+00  +0.000000e+00  +0.000000e+00  +0.000000e+00  +0.000000e+00 
+0.000000e+00  +0.000000e+00  +9.630631e-304  +2.631882e-244  +9.988901e-196  +5.935623e-158  +4.386194e-126  +4.156678e-104  +2.158002e-73  +3.765549e-52  +3.119797e-41  +2.203535e-36  +8.029736e-40  +4.092083e-54  +9.206567e-70  +3.051167e-93  +1.411983e-127  +1.214108e-135  +1.755043e-142  +4.846903e-160  +1.859001e-188  +9.902223e-228  +7.325273e-278  +0.000000e+00  +0.000000e+00  +0.000000e+00  +0.000000e+00  +0.000000e+00  +0.000000e+00  +0.000000e+00  +0.000000e+00  +0.000000e+00 
+0.000000e+00  +0.000000e+00  +0.000000e+00  +1.435084e-297  +5.465508e-249  +8.889608e-208  +5.813194e-175  +6.848781e-139  +8.593443e-107  +1.514693e-85  +8.012873e-74  +5.229050e-68  +1.915339e-71  +9.751650e-86  +3.436899e-108  +1.136744e-131  +5.232009e-166  +2.582521e-194  +2.885629e-201  +7.969231e-219  +3.056551e-247  +1.628114e-286  +0.000000e+00  +0.000000e+00  +0.000000e+00  +0.000000e+00  +0.000000e+00  +0.000000e+00  +0.000000e+00  +0.000000e+00  +0.000000e+00  +0.000000e+00 
+0.000000e+00  +0.000000e+00  +0.000000e+00  +0.000000e+00  +3.514020e-311  +1.635728e-267  +4.192286e-226  +3.787600e-183  +4.752685e-151  +9.091925e-130  +4.179510e-117  +1.730956e-110  +6.344945e-114  +3.230431e-128  +2.284360e-153  +5.881625e-181  +2.707094e-215  +1.731270e-260  +6.589189e-271  +1.819728e-288  +6.979457e-317  +0.000000e+00  +0.000000e+00  +0.000000e+00  +0.000000e+00  +0.000000e+00  +0.000000e+00  +0.000000e+00  +0.000000e+00  +0.000000e+00  +0.000000e+00  +0.000000e+00 
+0.000000e+00  +0.000000e+00  +0.000000e+00  +0.000000e+00  +0.000000e+00  +0.000000e+00  +3.219880e-281  +2.909062e-238  +3.651794e-206  +1.165284e-184  +5.305774e-171  +7.962713e-164  +2.919094e-167  +1.486212e-181  +1.050875e-206  +4.329590e-241  +1.945253e-275  +1.243563e-320  +0.000000e+00  +0.000000e+00  +0.000000e+00  +0.000000e+00  +0.000000e+00  +0.000000e+00  +0.000000e+00  +0.000000e+00  +0.000000e+00  +0.000000e+00  +0.000000e+00  +0.000000e+00  +0.000000e+00  +0.000000e+00 
