+0.000000e+00  +0.000000e+00  +0.000000e+00  +0.000000e+00  +0.000000e+00  +0.000000e+00  +0.000000e+00  +0.000000e+00  +0.000000e+00  +0.000000e+00  +0.000000e+00  +0.000000e+00  +0.000000e+00  +0.000000e+00  +0.000000e+00  +0.000000e+00  +1.996025e-320  +1.552305e-288  +1.676493e-267  +2.514573e-257  +5.237992e-258  +1.515317e-269  +6.474608e-279  +5.263053e-290  +5.941552e-312  +0.000000e+00  +0.000000e+00  +0.000000e+00  +0.000000e+00  +0.000000e+00  +0.000000e+00  +0.000000e+00 
+0.000000e+00  +0.000000e+00  +0.000000e+00  +0.000000e+00  +0.000000e+00  +0.000000e+00  +0.000000e+00  +0.000000e+00  +0.000000e+00  +0.000000e+00  +0.000000e+00  +0.000000e+00  +0.000000e+00  +0.000000e+00  +0.000000e+00  +1.122924e-294  +6.287804e-252  +4.889740e-220  +5.280930e-199  +7.920872e-189  +1.649961e-189  +4.773231e-201  +2.255552e-207  +1.833484e-218  +2.069859e-240  +1.393067e-271  +3.720221e-308  +0.000000e+00  +0.000000e+00  +0.000000e+00  +0.000000e+00  +0.000000e+00 
+0.000000e+00  +0.000000e+00  +0.000000e+00  +0.000000e+00  +0.000000e+00  +0.000000e+00  +0.000000e+00  +0.000000e+00  +0.000000e+00  +0.000000e+00  +0.000000e+00  +0.000000e+00  +0.000000e+00  +1.482197e-323  +1.252467e-290  +4.912436e-237  +2.750715e-194  +2.139106e-162  +2.310240e-141  +3.465131e-131  +7.218056e-132  +2.090000e-143  +1.091265e-146  +8.870632e-158  +1.009291e-179  +1.549388e-207  +4.236385e-244  +2.362736e-288  +0.000000e+00  +0.000000e+00  +0.000000e+00  +0.000000e+00 
+0.000000e+00  +0.000000e+00  +0.000000e+00  +0.000000e+00  +0.000000e+00  +0.000000e+00  +0.000000e+00  +0.000000e+00  +0.000000e+00  +0.000000e+00  +0.000000e+00  +1.893176e-298  +1.297096e-275  +2.286843e-254  +5.546740e-223  +2.984568e-190  +1.671207e-147  +1.299622e-115  +1.403594e-94  +2.105253e-84  +4.385356e-85  +2.521390e-96  +7.332392e-97  +5.960333e-108  +1.311855e-128  +2.450272e-154  +6.710766e-190  +3.544873e-225  +1.408550e-261  +2.144485e-308  +0.000000e+00  +0.000000e+00 
+0.000000e+00  +0.000000e+00  +0.000000e+00  +0.000000e+00  +0.000000e+00  +0.000000e+00  +1.482197e-323  +2.194616e-312  +5.071778e-312  +2.072822e-307  +7.363208e-263  +3.632538e-229  +2.488808e-206  +2.419850e-194  +1.253830e-164  +4.223554e-144  +1.410110e-111  +1.096578e-79  +1.184307e-58  +1.776343e-48  +3.700219e-49  +1.170065e-57  +6.842250e-58  +5.581183e-69  +2.733538e-86  +5.679703e-112  +8.799537e-142  +1.025092e-168  +4.288751e-205  +3.075205e-247  +6.100269e-299  +0.000000e+00 
+0.000000e+00  +0.000000e+00  +0.000000e+00  +0.000000e+00  +1.672130e-302  +1.442640e-269  +1.728558e-247  +2.876389e-236  +6.647364e-236  +2.139071e-246  +1.962114e-204  +9.679823e-171  +6.632061e-148  +6.310555e-136  +3.936205e-117  +1.325919e-96  +2.272682e-86  +1.284991e-54  +1.387793e-33  +2.081552e-23  +4.335986e-24  +1.514971e-29  +8.867281e-30  +6.602352e-40  +8.340602e-55  +5.785503e-76  +1.438898e-97  +4.123648e-123  +6.727134e-156  +9.606487e-197  +1.905657e-248  +6.181868e-311 
+0.000000e+00  +0.000000e+00  +0.000000e+00  +4.899449e-281  +3.043668e-237  +2.625942e-204  +3.146379e-182  +5.235701e-171  +1.209976e-170  +3.899969e-181  +7.261385e-157  +3.582305e-123  +2.454391e-100  +2.335408e-88  +1.716147e-80  +5.780879e-60  +2.704402e-50  +2.091326e-40  +2.258518e-19  +3.387551e-09  +7.066675e-10  +2.726674e-12  +1.598391e-12  +2.491655e-19  +7.682925e-32  +4.051514e-48  +8.026350e-63  +2.859929e-86  +2.917804e-116  +4.169037e-157  +1.048764e-207  +2.841684e-265 
+3.063207e-322  +4.324491e-287  +3.958827e-260  +1.238550e-226  +7.694180e-183  +6.638198e-150  +7.953826e-128  +1.323549e-116  +3.058734e-116  +1.571459e-126  +3.736789e-120  +1.841178e-86  +1.261470e-63  +1.200317e-51  +1.586285e-50  +3.500328e-34  +1.637518e-24  +1.063948e-25  +1.053644e-14  +1.044339e-05  +1.006991e-04  +7.303638e-06  +1.835050e-05  +3.415716e-09  +2.862749e-16  +3.017720e-24  +2.929856e-38  +1.709322e-57  +1.795201e-87  +1.934273e-125  +5.348966e-170  +3.940110e-214 
+3.342601e-255  +4.682751e-220  +1.005938e-195  +1.196210e-173  +2.701287e-139  +2.330522e-106  +2.792410e-84  +4.646682e-73  +1.073853e-72  +3.090754e-81  +8.645521e-78  +1.314216e-60  +9.004256e-38  +8.567752e-26  +1.132202e-24  +2.943496e-19  +1.377025e-09  +9.481070e-11  +2.997349e-12  +4.955889e-06  +1.198037e-05  +6.289592e-05  +1.348984e-04  +1.135594e-04  +2.189931e-07  +3.608756e-11  +1.931457e-20  +3.421363e-39  +7.452388e-65  +3.191684e-96  +1.196546e-129  +1.846633e-173 
+5.026765e-199  +7.042147e-164  +1.370155e-139  +3.989178e-121  +8.857152e-106  +1.136372e-73  +1.361508e-51  +2.265604e-40  +5.235832e-40  +2.834618e-46  +2.222210e-43  +1.331011e-45  +8.925999e-23  +8.493289e-11  +1.122362e-09  +7.903489e-15  +2.139830e-05  +1.273493e-04  +3.215316e-05  +3.688596e-06  +3.063827e-05  +1.628752e-04  +1.226313e-04  +1.127302e-04  +1.670529e-04  +4.225169e-05  +2.079320e-11  +5.967986e-26  +3.976859e-44  +7.008526e-67  +7.788236e-100  +1.201964e-143 
+1.049858e-153  +1.470778e-118  +2.861552e-94  +1.925147e-79  +3.272117e-67  +2.201021e-50  +9.222007e-30  +1.534133e-18  +3.545395e-18  +7.707788e-22  +8.040267e-20  +9.990439e-24  +1.230889e-18  +1.170061e-06  +1.761192e-05  +1.134655e-09  +2.780612e-04  +5.223867e-04  +3.798528e-04  +5.017543e-05  +4.062734e-04  +3.989393e-04  +4.398207e-04  +3.257642e-04  +1.800100e-04  +6.473084e-05  +1.753940e-07  +1.014406e-13  +7.917728e-26  +6.335392e-48  +7.040246e-81  +1.086526e-124 
+3.045163e-119  +4.266061e-84  +8.300065e-60  +2.257214e-46  +2.081574e-36  +6.073143e-31  +1.164527e-16  +1.444785e-07  +3.335116e-07  +5.709540e-08  +4.181070e-07  +4.976293e-11  +4.948070e-08  +2.207768e-06  +6.120420e-05  +1.907589e-04  +3.285765e-04  +2.799346e-04  +2.416336e-04  +3.322948e-04  +2.335802e-04  +3.080154e-04  +2.135823e-04  +2.635535e-04  +1.697860e-04  +1.845339e-04  +1.799474e-04  +1.725321e-06  +9.939957e-18  +7.953536e-40  +8.838419e-73  +1.364039e-116 
+1.496968e-95  +1.718566e-60  +3.343485e-36  +9.037368e-23  +1.863792e-16  +9.461647e-13  +6.919273e-11  +1.225506e-04  +5.004446e-05  +1.014245e-04  +9.004496e-05  +2.246498e-06  +1.110195e-04  +2.152560e-04  +1.110990e-04  +7.278461e-05  +3.500615e-04  +3.980428e-04  +5.666055e-04  +4.582736e-04  +1.625459e-04  +2.323960e-04  +4.568777e-04  +2.038081e-04  +1.363504e-04  +1.791717e-04  +4.462502e-05  +4.174843e-07  +1.175462e-19  +1.723227e-42  +1.556682e-75  +2.379234e-119 
+1.164542e-76  +3.591429e-45  +2.024090e-23  +5.054751e-10  +1.146386e-06  +2.635896e-05  +1.892514e-06  +4.292123e-08  +3.024124e-06  +8.684293e-05  +4.153286e-05  +1.346657e-04  +1.783901e-04  +1.858155e-04  +8.300516e-08  +1.171983e-04  +1.964425e-04  +4.554352e-04  +1.406817e-04  +4.317204e-04  +4.073543e-04  +2.186690e-04  +4.628408e-04  +1.799460e-04  +2.881864e-04  +2.192147e-07  +1.368402e-09  +3.567769e-14  +8.626346e-27  +2.896688e-50  +1.350907e-84  +8.754870e-130 
+2.843258e-67  +4.395851e-36  +1.243802e-15  +6.148782e-06  +4.014371e-05  +1.905208e-05  +3.751709e-05  +1.051597e-04  +3.603614e-05  +2.296201e-04  +9.770693e-06  +2.518174e-04  +2.786741e-05  +2.981049e-04  +6.452889e-05  +3.118723e-04  +9.276628e-05  +5.064652e-04  +2.279334e-04  +1.093953e-04  +4.746765e-04  +3.496935e-04  +4.904027e-04  +4.502676e-04  +1.074291e-04  +8.726172e-10  +1.650254e-20  +4.312926e-32  +1.031230e-44  +3.462819e-68  +1.614887e-102  +1.045906e-147 
+3.050958e-66  +2.513677e-35  +4.111654e-15  +9.756894e-06  +1.056815e-04  +1.298949e-09  +1.052021e-06  +8.918509e-05  +1.656706e-04  +2.415150e-04  +1.993850e-04  +9.155314e-05  +8.025952e-05  +1.907979e-04  +1.108546e-05  +2.590455e-04  +1.081110e-05  +1.770389e-04  +1.672834e-04  +2.360361e-04  +1.219818e-04  +2.749743e-04  +4.739586e-04  +3.392568e-04  +1.395550e-04  +9.614203e-06  +4.503263e-16  +2.995398e-37  +2.767660e-69  +5.749053e-97  +2.681073e-131  +1.736437e-176 
+2.276610e-62  +2.127097e-32  +2.760308e-13  +5.016768e-05  +1.700990e-05  +1.906085e-05  +8.670865e-05  +2.998237e-05  +1.504971e-04  +7.727925e-05  +1.779491e-04  +1.623048e-04  +5.956090e-05  +1.369280e-06  +1.530160e-05  +8.533251e-05  +2.546963e-04  +1.844472e-04  +2.030060e-04  +1.146900e-04  +1.041349e-04  +4.746756e-05  +8.340177e-05  +3.257128e-04  +1.172431e-05  +1.654545e-09  +9.222351e-20  +7.497122e-40  +8.522285e-71  +1.345588e-112  +2.950610e-165  +4.003718e-216 
+6.795815e-69  +6.661089e-39  +6.327829e-18  +1.752035e-06  +3.776560e-05  +6.943603e-05  +1.630495e-04  +2.167275e-04  +1.215067e-04  +6.904522e-05  +1.287299e-04  +1.518746e-04  +1.764873e-04  +9.327551e-05  +1.013222e-04  +1.271723e-05  +4.772070e-04  +1.856957e-04  +1.907877e-04  +1.724984e-04  +1.943662e-05  +6.136588e-07  +6.288069e-05  +1.103918e-04  +1.189869e-04  +2.841490e-05  +1.674915e-14  +1.371128e-34  +1.558839e-65  +2.461287e-107  +5.397111e-160  +1.643609e-223 
+1.159629e-76  +1.671482e-43  +3.345972e-21  +9.544124e-10  +1.150237e-04  +1.399222e-04  +9.084429e-05  +1.042711e-05  +2.218149e-04  +1.418502e-04  +1.194346e-04  +6.963688e-08  +4.192495e-05  +8.813340e-05  +1.182827e-04  +2.286435e-04  +3.482485e-04  +9.195526e-05  +1.128875e-04  +1.257264e-04  +2.174390e-05  +6.506727e-05  +8.899736e-10  +9.129958e-09  +2.309397e-10  +7.218292e-11  +4.254821e-20  +3.483104e-40  +3.959949e-71  +6.252457e-113  +1.371039e-165  +4.175292e-229 
+5.209856e-73  +1.327141e-40  +4.773127e-19  +9.358207e-08  +7.501651e-05  +1.144353e-04  +5.204547e-05  +3.129979e-04  +2.964752e-04  +2.902371e-06  +1.328938e-04  +3.418681e-05  +5.479260e-05  +1.799983e-04  +2.427472e-04  +1.882236e-04  +1.194460e-04  +2.483675e-04  +1.512755e-04  +2.729296e-06  +1.375472e-07  +3.668494e-07  +1.215112e-13  +1.065931e-23  +6.363403e-27  +2.546600e-27  +1.501093e-36  +1.228833e-56  +1.397063e-87  +2.205856e-129  +4.837001e-182  +1.473035e-245 
+4.258236e-71  +1.084630e-38  +3.837345e-17  +1.938976e-06  +8.793697e-05  +1.028123e-04  +7.038637e-05  +4.121396e-05  +1.481092e-05  +4.647036e-05  +1.861409e-04  +3.620309e-04  +2.358827e-04  +9.309399e-05  +1.376002e-04  +6.088509e-05  +2.028472e-04  +2.359765e-04  +1.659997e-06  +3.899660e-10  +4.051483e-20  +5.750887e-20  +1.906311e-26  +8.779281e-44  +3.085975e-54  +1.247743e-54  +7.354819e-64  +6.020842e-84  +6.845109e-115  +1.080790e-156  +2.369957e-209  +7.217346e-273 
+5.391740e-80  +3.068087e-46  +2.158507e-22  +2.196289e-09  +4.743385e-07  +9.721475e-05  +3.794894e-05  +2.635576e-04  +3.617986e-04  +2.073483e-04  +2.225818e-04  +2.733671e-04  +1.801771e-04  +1.483571e-04  +2.417122e-04  +1.463138e-04  +5.301248e-05  +9.918711e-06  +9.942059e-14  +1.206323e-23  +1.790181e-36  +1.252678e-43  +4.153457e-50  +1.912820e-67  +1.661058e-91  +8.490382e-93  +5.004657e-102  +4.096939e-122  +4.657820e-153  +7.354341e-195  +1.612660e-247  +4.911112e-311 
+3.251181e-93  +1.715491e-58  +1.257111e-34  +1.279372e-21  +1.368115e-18  +8.918942e-08  +1.612130e-04  +7.025532e-05  +2.270645e-05  +1.988170e-05  +1.789557e-04  +3.030128e-04  +1.376724e-04  +2.659220e-04  +7.835987e-05  +1.414879e-04  +6.316278e-05  +8.601643e-09  +5.313790e-23  +1.249670e-43  +7.640107e-61  +3.790149e-78  +1.256792e-84  +5.787991e-102  +3.701946e-130  +8.023566e-142  +4.729492e-151  +3.871683e-171  +4.401725e-202  +6.949987e-244  +1.523993e-296  +0.000000e+00 
+2.630187e-116  +1.387823e-81  +1.016996e-57  +1.035005e-44  +2.592391e-30  +8.524184e-15  +4.597987e-06  +6.966466e-05  +2.232723e-04  +7.196715e-05  +1.668167e-04  +2.374182e-04  +5.361135e-05  +1.603052e-04  +3.451585e-05  +1.276572e-04  +1.792939e-05  +3.163302e-09  +8.108272e-24  +3.103771e-49  +1.877489e-85  +9.396480e-120  +5.281477e-130  +2.432314e-147  +1.555686e-175  +1.053042e-201  +6.207157e-211  +5.081336e-231  +5.776983e-262  +9.121415e-304  +0.000000e+00  +0.000000e+00 
+2.955087e-150  +1.559256e-115  +1.142622e-91  +3.020699e-74  +1.606371e-45  +7.443660e-24  +5.291690e-13  +1.617682e-08  +4.029375e-05  +2.676933e-05  +1.025042e-04  +1.291645e-04  +6.892799e-05  +6.623449e-05  +1.573725e-04  +5.415762e-05  +1.872060e-11  +1.027062e-18  +2.474347e-33  +8.279249e-59  +3.847931e-95  +2.484645e-142  +3.082372e-186  +1.419546e-203  +9.079283e-232  +8.256704e-271  +1.131381e-281  +9.261772e-302  +0.000000e+00  +0.000000e+00  +0.000000e+00  +0.000000e+00 
+4.610965e-195  +2.432983e-160  +1.792886e-136  +6.330752e-96  +2.333113e-63  +1.194236e-41  +1.137941e-30  +4.297884e-17  +9.462105e-14  +5.975129e-10  +1.267541e-05  +5.510032e-05  +3.457344e-05  +3.424198e-05  +3.489651e-05  +9.313675e-05  +1.050647e-10  +1.697050e-27  +1.207262e-53  +3.911720e-79  +1.817554e-115  +1.172857e-162  +1.051093e-220  +1.150581e-270  +7.359008e-299  +0.000000e+00  +0.000000e+00  +0.000000e+00  +0.000000e+00  +0.000000e+00  +0.000000e+00  +0.000000e+00 
+9.991973e-251  +5.272284e-216  +5.314757e-168  +1.410464e-124  +5.198507e-92  +2.660939e-70  +1.188118e-50  +1.810143e-36  +3.910486e-33  +1.054017e-20  +9.342655e-12  +1.408711e-05  +1.645912e-04  +1.269743e-05  +1.413893e-09  +5.573089e-12  +5.931391e-18  +9.580632e-35  +2.149165e-62  +6.695507e-101  +1.193139e-146  +7.697382e-194  +6.898243e-252  +8.586861e-321  +0.000000e+00  +0.000000e+00  +0.000000e+00  +0.000000e+00  +0.000000e+00  +0.000000e+00  +0.000000e+00  +0.000000e+00 
+3.007106e-317  +8.606439e-262  +1.644615e-207  +4.364584e-164  +1.608642e-131  +6.336258e-106  +6.950107e-81  +1.058874e-66  +2.670374e-57  +1.523403e-39  +5.658246e-23  +6.759343e-11  +9.172691e-08  +1.323451e-09  +5.797268e-20  +5.194531e-30  +4.650442e-36  +7.511584e-53  +1.685028e-80  +5.249535e-119  +2.271289e-168  +1.364778e-228  +6.287465e-294  +0.000000e+00  +0.000000e+00  +0.000000e+00  +0.000000e+00  +0.000000e+00  +0.000000e+00  +0.000000e+00  +0.000000e+00  +0.000000e+00 
+0.000000e+00  +3.698642e-312  +7.067780e-258  +1.875693e-214  +7.564769e-182  +5.146905e-147  +5.646265e-122  +8.602293e-108  +7.655568e-89  +4.940866e-62  +2.851683e-38  +2.768939e-24  +3.735105e-21  +3.345569e-24  +1.377387e-34  +8.099625e-56  +5.063731e-65  +8.179125e-82  +1.834774e-109  +5.716052e-148  +2.473135e-197  +1.486064e-257  +0.000000e+00  +0.000000e+00  +0.000000e+00  +0.000000e+00  +0.000000e+00  +0.000000e+00  +0.000000e+00  +0.000000e+00  +0.000000e+00  +0.000000e+00 
+0.000000e+00  +0.000000e+00  +4.218332e-319  +1.119487e-275  +7.351514e-235  +5.807028e-199  +6.370433e-174  +1.318990e-158  +1.172281e-122  +2.320765e-87  +1.622602e-62  +1.575550e-48  +2.124702e-45  +1.181071e-49  +4.861186e-60  +2.779667e-81  +7.657506e-105  +1.236859e-121  +2.774571e-149  +8.643895e-188  +3.739910e-237  +2.247246e-297  +0.000000e+00  +0.000000e+00  +0.000000e+00  +0.000000e+00  +0.000000e+00  +0.000000e+00  +0.000000e+00  +0.000000e+00  +0.000000e+00  +0.000000e+00 
+0.000000e+00  +0.000000e+00  +0.000000e+00  +0.000000e+00  +1.151920e-297  +9.099123e-262  +9.981931e-237  +1.220326e-204  +3.642862e-158  +1.833946e-122  +1.282238e-97  +1.245055e-83  +1.678986e-80  +5.818503e-86  +2.382706e-96  +1.362451e-117  +1.081957e-149  +2.597595e-172  +5.827028e-200  +1.815352e-238  +7.854388e-288  +0.000000e+00  +0.000000e+00  +0.000000e+00  +0.000000e+00  +0.000000e+00  +0.000000e+00  +0.000000e+00  +0.000000e+00  +0.000000e+00  +0.000000e+00  +0.000000e+00 
+0.000000e+00  +0.000000e+00  +0.000000e+00  +0.000000e+00  +0.000000e+00  +0.000000e+00  +4.372917e-308  +1.102887e-250  +3.997948e-204  +2.012710e-168  +1.407224e-143  +1.366417e-129  +1.842643e-126  +4.284439e-133  +1.621947e-143  +9.274429e-165  +7.365050e-197  +7.576367e-234  +1.699559e-261  +5.294804e-300  +0.000000e+00  +0.000000e+00  +0.000000e+00  +0.000000e+00  +0.000000e+00  +0.000000e+00  +0.000000e+00  +0.000000e+00  +0.000000e+00  +0.000000e+00  +0.000000e+00  +0.000000e+00 
