+0.000000e+00  +0.000000e+00  +0.000000e+00  +0.000000e+00  +0.000000e+00  +0.000000e+00  +0.000000e+00  +0.000000e+00  +2.343440e-290  +2.023695e-241  +2.427025e-203  +4.075055e-176  +6.128843e-156  +1.597924e-144  +5.786795e-144  +2.910435e-154  +2.032899e-175  +2.749950e-207  +2.953281e-226  +2.887366e-255  +3.427106e-266  +3.647944e-255  +8.983790e-255  +3.072621e-265  +1.459474e-286  +2.167364e-314  +0.000000e+00  +0.000000e+00  +0.000000e+00  +0.000000e+00  +0.000000e+00  +0.000000e+00 
+0.000000e+00  +0.000000e+00  +0.000000e+00  +0.000000e+00  +0.000000e+00  +0.000000e+00  +0.000000e+00  +1.416968e-298  +8.810760e-239  +7.608596e-190  +9.125017e-152  +1.519926e-124  +1.456758e-106  +3.706994e-95  +1.342468e-94  +6.751863e-105  +4.717796e-126  +2.778998e-148  +1.927146e-166  +1.337749e-188  +3.283086e-197  +4.625601e-187  +1.139147e-186  +3.896090e-197  +1.856398e-218  +2.750684e-242  +1.817209e-274  +1.667274e-317  +0.000000e+00  +0.000000e+00  +0.000000e+00  +0.000000e+00 
+0.000000e+00  +0.000000e+00  +0.000000e+00  +0.000000e+00  +0.000000e+00  +0.000000e+00  +0.000000e+00  +7.398738e-258  +4.600561e-198  +3.972848e-149  +4.764651e-111  +7.935939e-84  +2.293723e-67  +1.194339e-56  +4.325212e-56  +2.175342e-66  +1.307484e-86  +2.518463e-99  +1.746475e-117  +5.765900e-131  +1.958330e-138  +8.145660e-130  +2.006031e-129  +6.860993e-140  +1.051839e-159  +4.848493e-181  +3.203103e-213  +2.938820e-256  +3.744665e-310  +0.000000e+00  +0.000000e+00  +0.000000e+00 
+0.000000e+00  +0.000000e+00  +0.000000e+00  +0.000000e+00  +0.000000e+00  +0.000000e+00  +1.198334e-298  +5.365288e-228  +3.336155e-168  +2.880961e-119  +3.455147e-81  +5.754844e-54  +1.333235e-37  +5.348285e-29  +1.935303e-28  +9.884145e-39  +7.688285e-54  +3.169722e-61  +2.198105e-79  +3.452045e-84  +1.897655e-90  +1.992164e-83  +4.906068e-83  +1.677972e-93  +2.495089e-109  +1.186891e-130  +7.841062e-163  +7.194108e-206  +9.166783e-260  +0.000000e+00  +0.000000e+00  +0.000000e+00 
+0.000000e+00  +0.000000e+00  +0.000000e+00  +0.000000e+00  +0.000000e+00  +0.000000e+00  +1.206844e-279  +5.403391e-209  +3.359848e-149  +2.901421e-100  +3.479684e-62  +5.795713e-35  +1.340652e-18  +3.751511e-12  +1.202659e-11  +1.965527e-19  +1.128167e-26  +5.540448e-34  +2.092624e-49  +2.876657e-48  +2.592808e-53  +6.768869e-48  +1.666355e-47  +5.946889e-58  +8.482552e-70  +4.035085e-91  +2.665734e-123  +2.445810e-166  +9.706281e-219  +5.835107e-277  +0.000000e+00  +0.000000e+00 
+0.000000e+00  +0.000000e+00  +0.000000e+00  +0.000000e+00  +0.000000e+00  +0.000000e+00  +1.687961e-271  +7.557491e-201  +4.699275e-141  +4.058093e-92  +4.866886e-54  +8.106216e-27  +1.875095e-10  +6.310332e-05  +1.722213e-05  +3.895667e-09  +2.712106e-10  +1.346270e-17  +2.417655e-24  +3.421551e-23  +5.231670e-27  +3.258125e-23  +7.860305e-23  +1.171968e-30  +4.005036e-41  +1.905165e-62  +1.262353e-94  +1.184964e-133  +8.851727e-181  +1.071837e-235  +4.402563e-301  +0.000000e+00 
+0.000000e+00  +0.000000e+00  +0.000000e+00  +0.000000e+00  +0.000000e+00  +2.615308e-315  +3.278775e-274  +1.468003e-203  +9.128094e-144  +7.882632e-95  +9.453669e-57  +1.574590e-29  +3.642273e-13  +1.170424e-07  +1.517444e-05  +5.870487e-05  +9.169472e-05  +1.133601e-08  +4.003623e-10  +7.557982e-09  +4.262120e-11  +4.604956e-09  +5.149644e-09  +7.667191e-13  +2.626180e-23  +2.508129e-44  +2.903270e-70  +3.451929e-105  +7.158408e-149  +2.117790e-203  +8.701416e-269  +0.000000e+00 
+0.000000e+00  +0.000000e+00  +4.947056e-312  +3.910949e-283  +1.029837e-262  +4.245328e-241  +1.151497e-225  +9.139120e-210  +2.462449e-157  +2.126466e-108  +2.550278e-70  +4.247708e-43  +9.825613e-27  +4.099377e-21  +4.770824e-10  +9.413595e-05  +2.865506e-05  +4.530322e-05  +1.293869e-05  +1.040398e-04  +1.157944e-04  +1.509512e-04  +8.382278e-06  +7.107689e-06  +8.226546e-14  +1.896120e-28  +6.016384e-51  +9.223702e-84  +1.964881e-127  +5.813066e-182  +2.388428e-247  +1.482197e-323 
+0.000000e+00  +4.011135e-280  +2.084109e-242  +4.743219e-215  +8.442727e-195  +9.570686e-178  +4.630356e-163  +2.740677e-149  +1.493585e-143  +7.966795e-133  +9.554605e-95  +1.591402e-67  +3.681161e-51  +7.566896e-33  +1.385994e-13  +3.568283e-05  +1.009619e-04  +1.353890e-04  +1.206340e-04  +2.001155e-05  +3.284005e-04  +9.716634e-05  +9.501202e-05  +1.055040e-04  +2.732057e-07  +2.075494e-18  +2.292305e-40  +3.516134e-73  +7.490253e-117  +2.215978e-171  +9.105025e-237  +1.157950e-312 
+1.835393e-269  +2.356481e-221  +1.224283e-183  +9.209667e-157  +9.789409e-138  +3.101339e-125  +1.440822e-110  +1.141430e-99  +2.805058e-94  +7.815385e-93  +2.171280e-85  +1.339264e-87  +3.445310e-64  +4.729095e-34  +9.357160e-15  +8.271190e-06  +6.238668e-05  +4.302168e-05  +3.474883e-04  +2.593121e-04  +1.587131e-04  +2.234974e-04  +6.434361e-05  +2.237377e-05  +1.381700e-07  +1.098794e-18  +1.334444e-40  +1.131927e-69  +1.471825e-108  +2.658297e-158  +6.667895e-219  +2.322801e-290 
+2.321381e-215  +2.459602e-173  +9.988856e-136  +7.213334e-109  +1.648790e-91  +2.346537e-81  +6.265375e-69  +6.602466e-61  +1.085203e-55  +1.242317e-54  +4.647488e-49  +2.866524e-51  +4.216798e-52  +3.704467e-27  +4.776021e-12  +6.554165e-05  +2.332271e-04  +3.534247e-04  +2.736845e-04  +2.966664e-04  +1.310117e-04  +2.434548e-04  +2.871341e-06  +6.266564e-06  +1.879532e-06  +9.057145e-13  +6.106953e-30  +5.718682e-58  +7.437129e-97  +1.343237e-146  +3.369286e-207  +1.173711e-278 
+6.208301e-172  +1.436045e-130  +1.177980e-98  +8.166775e-72  +1.171357e-55  +1.703430e-46  +3.797424e-38  +5.555941e-33  +7.543554e-28  +3.370611e-27  +1.383596e-23  +8.520855e-26  +7.299135e-39  +3.763732e-22  +4.583043e-08  +1.305580e-04  +1.196834e-04  +3.533633e-04  +2.303414e-04  +1.921229e-04  +1.326358e-04  +2.995515e-04  +1.742302e-04  +1.812729e-04  +1.852024e-05  +6.356139e-12  +4.285600e-29  +4.013128e-57  +5.219060e-96  +9.426264e-146  +2.364421e-206  +8.236601e-278 
+2.305883e-139  +5.333742e-98  +1.713441e-67  +1.292795e-45  +1.298773e-29  +4.126308e-22  +3.755028e-18  +2.181626e-14  +8.059861e-11  +1.702502e-10  +6.155213e-09  +3.517754e-11  +3.013265e-24  +1.211090e-22  +3.365187e-09  +1.761699e-05  +8.034505e-05  +2.543630e-04  +6.564864e-04  +4.511640e-04  +4.269737e-04  +1.855979e-04  +4.050225e-05  +2.420172e-05  +1.219339e-07  +1.996709e-18  +4.636084e-39  +3.911196e-67  +5.086479e-106  +9.186807e-156  +2.304357e-216  +8.027365e-288 
+1.189491e-117  +2.751279e-76  +8.838266e-46  +3.943380e-26  +2.817380e-14  +2.110302e-08  +4.038433e-07  +2.652582e-05  +1.405214e-04  +1.996672e-04  +1.674547e-04  +3.048874e-07  +9.029814e-20  +7.633589e-18  +2.563057e-06  +1.758969e-05  +2.503399e-04  +1.721261e-04  +2.739659e-04  +2.838516e-04  +1.839491e-04  +4.124915e-04  +9.684703e-06  +8.309285e-12  +9.911252e-19  +5.752299e-30  +1.323614e-51  +4.230767e-84  +8.762238e-127  +1.243459e-176  +3.118981e-237  +1.086516e-308 
+5.680241e-104  +1.307770e-64  +6.637304e-35  +2.825912e-15  +1.755890e-06  +1.313134e-04  +1.362234e-04  +1.822962e-04  +2.024448e-04  +3.930640e-04  +1.842881e-04  +1.714258e-07  +4.179799e-10  +1.057998e-08  +3.253418e-06  +1.378217e-04  +1.733819e-04  +4.545876e-04  +2.564260e-04  +4.509954e-04  +2.753549e-04  +1.628902e-04  +1.022251e-04  +2.866106e-10  +3.126005e-26  +2.813331e-52  +5.296828e-74  +1.692852e-106  +7.513816e-150  +4.631930e-204  +9.828046e-269  +0.000000e+00 
+2.449472e-95  +1.321186e-56  +1.207866e-28  +2.302958e-11  +9.372770e-05  +1.741104e-04  +1.101293e-04  +3.596941e-04  +1.491117e-04  +4.372898e-04  +3.708273e-04  +3.058183e-04  +2.853665e-04  +1.862979e-05  +3.352589e-04  +3.177824e-04  +2.272167e-04  +1.847130e-04  +3.786372e-04  +5.561470e-04  +3.065504e-04  +1.374878e-04  +7.732504e-05  +8.173555e-11  +4.075064e-27  +1.875504e-53  +1.741471e-90  +2.503617e-138  +4.175926e-183  +2.574141e-237  +2.203686e-302  +0.000000e+00 
+6.394050e-96  +3.166402e-57  +2.178097e-29  +2.093759e-12  +2.271063e-05  +9.689310e-06  +9.462729e-05  +4.262645e-04  +2.644469e-05  +1.257888e-04  +2.452936e-04  +4.130404e-04  +4.489130e-04  +2.404256e-04  +4.741953e-04  +2.727682e-04  +2.187214e-04  +2.964781e-04  +2.661082e-04  +4.052122e-04  +1.730235e-04  +2.270739e-06  +1.127977e-04  +2.842096e-09  +1.335910e-24  +9.566561e-51  +1.182113e-87  +5.918485e-135  +1.304284e-192  +4.990781e-261  +0.000000e+00  +0.000000e+00 
+2.388516e-107  +1.182804e-68  +8.658635e-41  +6.668348e-22  +1.149376e-12  +2.826592e-14  +5.127442e-06  +4.702643e-04  +3.757462e-04  +2.847732e-04  +1.853975e-04  +4.075454e-04  +3.436358e-04  +6.083860e-04  +4.154178e-04  +3.419751e-04  +4.362150e-04  +3.048378e-04  +1.793567e-04  +2.498356e-04  +1.953138e-04  +7.181096e-05  +2.779077e-04  +4.450042e-08  +3.298925e-22  +3.481693e-47  +5.916147e-83  +5.593999e-129  +3.343092e-185  +3.336513e-252  +0.000000e+00  +0.000000e+00 
+1.239873e-129  +1.078354e-90  +4.206353e-60  +5.276685e-40  +9.202162e-31  +1.848056e-22  +3.224308e-09  +2.472449e-05  +2.660165e-05  +2.966208e-04  +4.644113e-04  +2.118426e-04  +2.623333e-04  +3.577496e-04  +5.294605e-04  +4.854589e-04  +2.056634e-04  +1.435731e-04  +1.991672e-04  +2.189505e-04  +1.405293e-04  +1.453307e-04  +2.330033e-04  +5.346144e-07  +9.073129e-20  +2.424334e-43  +9.098514e-78  +4.746839e-123  +3.463922e-179  +1.253236e-245  +4.683742e-321  +0.000000e+00 
+8.830091e-162  +5.168012e-120  +4.672394e-89  +5.867195e-69  +2.124588e-58  +2.732737e-34  +1.125893e-19  +1.092878e-12  +4.139439e-05  +7.647595e-05  +1.697821e-04  +2.423097e-04  +2.337823e-04  +2.863786e-04  +3.455657e-04  +2.460301e-04  +2.881909e-04  +4.259820e-04  +1.820082e-04  +6.025628e-05  +2.699952e-04  +4.050726e-04  +1.031716e-04  +1.805554e-08  +1.235955e-18  +1.247478e-39  +1.752695e-71  +3.459025e-114  +1.018308e-167  +5.996431e-232  +1.114695e-306  +0.000000e+00 
+1.225694e-201  +7.979836e-160  +7.215178e-129  +9.060208e-109  +4.469547e-81  +1.367236e-55  +3.900997e-39  +1.214756e-20  +7.847161e-11  +1.134856e-05  +2.647412e-04  +6.895300e-05  +2.299361e-04  +3.311724e-04  +2.848000e-04  +1.454762e-04  +2.485282e-04  +1.838705e-04  +2.236326e-04  +2.319548e-04  +8.548624e-05  +4.040047e-05  +9.278339e-05  +2.631602e-05  +7.520765e-15  +4.782542e-35  +4.676993e-66  +6.453904e-108  +1.239727e-160  +3.308369e-224  +1.226199e-298  +0.000000e+00 
+2.628599e-252  +1.711353e-210  +1.547365e-179  +1.410274e-149  +3.202727e-113  +7.888679e-87  +6.886265e-58  +3.798929e-35  +3.246080e-15  +3.856581e-06  +1.271993e-04  +5.452213e-05  +2.606553e-04  +3.509478e-04  +3.662592e-04  +2.427150e-04  +6.068102e-05  +4.538079e-05  +2.964977e-04  +1.639808e-04  +4.525398e-05  +2.645300e-05  +6.709025e-06  +9.001878e-08  +1.224471e-17  +8.548293e-38  +8.514570e-69  +1.178144e-110  +2.263981e-163  +6.042065e-227  +2.239422e-301  +0.000000e+00 
+7.829028e-314  +5.097099e-272  +9.045462e-240  +1.447073e-192  +1.689749e-155  +9.268860e-117  +7.711946e-76  +4.750000e-45  +4.063134e-25  +7.888796e-16  +6.779310e-07  +8.215077e-05  +1.068339e-07  +6.553156e-06  +1.495906e-05  +1.494455e-09  +2.757474e-10  +1.304173e-07  +6.609148e-07  +8.656502e-05  +1.189947e-05  +1.518303e-05  +6.011233e-13  +2.060026e-19  +1.321762e-30  +2.237880e-51  +2.160282e-82  +2.988224e-124  +5.742307e-177  +1.532495e-240  +5.680015e-315  +0.000000e+00 
+0.000000e+00  +0.000000e+00  +1.261114e-293  +1.035697e-245  +9.465829e-191  +3.022820e-138  +1.340615e-96  +8.257215e-66  +7.076418e-46  +1.054504e-27  +1.344061e-17  +3.558984e-12  +2.073498e-16  +8.334112e-17  +3.182485e-15  +3.051666e-22  +3.810916e-24  +1.137515e-20  +6.209693e-16  +1.249214e-08  +2.926254e-06  +1.454503e-04  +3.917390e-07  +8.530294e-14  +4.401535e-27  +5.972419e-46  +1.125702e-75  +2.946690e-116  +1.071232e-167  +5.408422e-230  +3.792237e-303  +0.000000e+00 
+0.000000e+00  +0.000000e+00  +0.000000e+00  +9.938498e-286  +2.285265e-222  +7.297771e-170  +3.236547e-128  +1.993529e-97  +3.168007e-70  +2.723976e-49  +5.472423e-37  +2.281819e-30  +1.329260e-34  +1.766930e-38  +9.409877e-36  +9.016880e-43  +9.490239e-49  +4.277152e-44  +1.062408e-32  +7.184469e-21  +1.792501e-10  +6.323621e-06  +7.820756e-05  +5.774134e-07  +5.620775e-15  +7.628364e-34  +1.437820e-63  +3.763706e-104  +1.368248e-155  +6.907990e-218  +4.843694e-291  +0.000000e+00 
+0.000000e+00  +0.000000e+00  +0.000000e+00  +0.000000e+00  +7.662181e-265  +2.446843e-212  +1.085170e-170  +1.835703e-134  +1.136520e-102  +9.932557e-82  +4.843908e-66  +2.031821e-59  +1.183625e-63  +1.006759e-70  +3.864022e-67  +3.702644e-74  +3.283166e-84  +9.120561e-78  +8.112711e-56  +5.265288e-37  +5.996389e-24  +8.339331e-14  +6.391957e-07  +1.020283e-05  +9.970462e-14  +1.353164e-32  +2.550490e-62  +6.676283e-103  +2.427078e-154  +1.225380e-216  +8.592029e-290  +0.000000e+00 
+0.000000e+00  +0.000000e+00  +0.000000e+00  +0.000000e+00  +3.567846e-318  +1.139357e-265  +2.052100e-220  +9.145972e-178  +5.662482e-146  +2.031969e-123  +5.990141e-106  +2.512625e-99  +1.463714e-103  +3.363741e-113  +2.203602e-109  +2.111570e-116  +1.577968e-130  +1.846938e-112  +2.984662e-85  +1.327229e-62  +6.811622e-44  +3.427167e-26  +3.829992e-18  +2.513478e-15  +2.456249e-23  +3.333554e-42  +6.283197e-72  +1.644719e-112  +5.979169e-164  +3.018755e-226  +2.116668e-299  +0.000000e+00 
+0.000000e+00  +0.000000e+00  +0.000000e+00  +0.000000e+00  +0.000000e+00  +0.000000e+00  +1.419575e-274  +6.328442e-232  +3.933740e-200  +3.406189e-174  +1.028767e-156  +4.315269e-150  +2.513833e-154  +2.540492e-166  +1.745278e-162  +1.672388e-169  +3.281070e-187  +3.290305e-155  +9.672257e-122  +2.107891e-95  +3.626405e-67  +1.967807e-49  +1.222259e-38  +8.599439e-36  +8.403638e-44  +1.140519e-62  +2.149689e-92  +5.627128e-133  +2.045671e-184  +1.032816e-246  +7.242014e-320  +0.000000e+00 
+0.000000e+00  +0.000000e+00  +0.000000e+00  +0.000000e+00  +0.000000e+00  +0.000000e+00  +0.000000e+00  +6.081376e-297  +4.112175e-264  +8.124237e-236  +2.453778e-218  +1.029262e-211  +5.995902e-216  +3.268021e-230  +1.919704e-226  +1.839529e-233  +2.352191e-246  +1.468097e-202  +6.184311e-168  +7.401063e-130  +2.888217e-101  +2.711421e-83  +5.806894e-70  +4.086044e-67  +3.993009e-75  +5.419204e-94  +1.021430e-123  +2.673744e-164  +9.720057e-216  +4.907449e-278  +0.000000e+00  +0.000000e+00 
+0.000000e+00  +0.000000e+00  +0.000000e+00  +0.000000e+00  +0.000000e+00  +0.000000e+00  +0.000000e+00  +0.000000e+00  +0.000000e+00  +2.691154e-308  +8.128143e-291  +3.409432e-284  +1.986143e-288  +1.649359e-303  +2.932524e-301  +2.810049e-308  +4.299374e-305  +9.667408e-261  +2.913317e-214  +8.186259e-175  +3.194841e-146  +7.580301e-126  +3.831905e-112  +2.696336e-109  +2.634943e-117  +3.576073e-136  +6.740305e-166  +1.764374e-206  +6.414159e-258  +3.238600e-320  +0.000000e+00  +0.000000e+00 
+0.000000e+00  +0.000000e+00  +0.000000e+00  +0.000000e+00  +0.000000e+00  +0.000000e+00  +0.000000e+00  +0.000000e+00  +0.000000e+00  +0.000000e+00  +0.000000e+00  +0.000000e+00  +0.000000e+00  +0.000000e+00  +0.000000e+00  +0.000000e+00  +0.000000e+00  +2.211932e-320  +4.475248e-270  +1.257520e-230  +5.097373e-202  +6.931127e-179  +3.511750e-165  +2.471057e-162  +2.414794e-170  +3.277293e-189  +6.177154e-219  +1.616961e-259  +5.878257e-311  +0.000000e+00  +0.000000e+00  +0.000000e+00 
+0.000000e+00  +0.000000e+00  +0.000000e+00  +0.000000e+00  +0.000000e+00  +0.000000e+00  +0.000000e+00  +0.000000e+00  +0.000000e+00  +0.000000e+00  +0.000000e+00  +0.000000e+00  +0.000000e+00  +0.000000e+00  +0.000000e+00  +0.000000e+00  +0.000000e+00  +0.000000e+00  +0.000000e+00  +2.682771e-297  +2.522745e-267  +8.821634e-243  +4.469617e-229  +3.145065e-226  +3.073455e-234  +4.171210e-253  +7.862040e-283  +1.976263e-323  +0.000000e+00  +0.000000e+00  +0.000000e+00  +0.000000e+00 
