+0.000000e+00  +0.000000e+00  +0.000000e+00  +0.000000e+00  +1.036728e-278  +3.737764e-237  +9.289876e-200  +1.889007e-167  +1.383422e-137  +2.980982e-118  +8.920763e-110  +3.707511e-112  +8.164413e-123  +2.129998e-136  +7.737689e-161  +3.903744e-196  +2.735207e-242  +2.559150e-270  +1.555595e-303  +0.000000e+00  +0.000000e+00  +0.000000e+00  +0.000000e+00  +0.000000e+00  +0.000000e+00  +0.000000e+00  +0.000000e+00  +0.000000e+00  +0.000000e+00  +0.000000e+00  +0.000000e+00  +0.000000e+00 
+0.000000e+00  +0.000000e+00  +0.000000e+00  +2.315341e-275  +6.010664e-223  +2.167045e-181  +1.148699e-150  +6.453704e-120  +2.532672e-95  +5.455298e-76  +1.632530e-67  +6.784907e-70  +3.062715e-78  +8.011155e-92  +2.910229e-116  +1.468241e-151  +1.078412e-182  +4.720060e-205  +2.869117e-238  +2.559393e-278  +3.112614e-322  +0.000000e+00  +0.000000e+00  +0.000000e+00  +0.000000e+00  +0.000000e+00  +0.000000e+00  +0.000000e+00  +0.000000e+00  +0.000000e+00  +0.000000e+00  +0.000000e+00 
+0.000000e+00  +0.000000e+00  +1.584098e-276  +3.042361e-230  +4.839696e-178  +1.744872e-136  +8.736694e-106  +6.015320e-83  +8.711820e-62  +1.386486e-44  +4.149143e-36  +1.725827e-38  +1.599760e-44  +4.184552e-58  +1.520131e-82  +9.532996e-117  +2.762324e-128  +1.209030e-150  +1.679365e-183  +4.325653e-217  +6.890511e-259  +3.026954e-300  +0.000000e+00  +0.000000e+00  +0.000000e+00  +0.000000e+00  +0.000000e+00  +0.000000e+00  +0.000000e+00  +0.000000e+00  +0.000000e+00  +0.000000e+00 
+0.000000e+00  +1.787658e-281  +9.572841e-225  +7.119266e-179  +1.276497e-143  +1.951179e-102  +9.769687e-72  +6.795043e-52  +1.103223e-35  +5.117335e-24  +1.464629e-15  +6.923764e-18  +1.160504e-21  +3.035574e-35  +1.102739e-59  +3.118447e-73  +9.826577e-85  +4.301627e-107  +2.021740e-133  +2.499640e-165  +3.927544e-206  +1.116462e-229  +1.714249e-260  +3.655460e-302  +0.000000e+00  +0.000000e+00  +0.000000e+00  +0.000000e+00  +0.000000e+00  +0.000000e+00  +0.000000e+00  +0.000000e+00 
+3.891015e-308  +1.500311e-240  +8.034109e-184  +5.974920e-138  +6.171126e-103  +1.188245e-78  +1.517233e-48  +1.055051e-28  +3.332356e-19  +3.926747e-10  +7.241297e-06  +7.685430e-07  +1.169167e-09  +3.058235e-23  +2.513991e-37  +1.541017e-40  +4.854762e-52  +1.982946e-71  +2.229331e-93  +1.919226e-123  +5.172821e-150  +5.718995e-170  +8.781119e-201  +1.872484e-242  +5.545303e-295  +0.000000e+00  +0.000000e+00  +0.000000e+00  +0.000000e+00  +0.000000e+00  +0.000000e+00  +0.000000e+00 
+4.535213e-278  +1.748703e-210  +9.364241e-154  +6.964131e-108  +7.192820e-73  +1.031738e-48  +2.744029e-35  +2.277533e-16  +2.197942e-07  +7.459200e-05  +1.202249e-04  +4.491153e-05  +1.336020e-07  +6.902692e-17  +2.580904e-16  +1.058099e-18  +3.708453e-30  +1.023476e-42  +1.811305e-62  +6.738639e-92  +3.679945e-101  +4.068493e-121  +6.246889e-152  +1.332131e-193  +3.985837e-246  +5.650002e-281  +1.090591e-318  +0.000000e+00  +0.000000e+00  +0.000000e+00  +0.000000e+00  +0.000000e+00 
+7.341261e-259  +2.830670e-191  +1.515814e-134  +1.127303e-88  +1.164324e-53  +1.670114e-29  +3.327040e-16  +9.050983e-11  +5.955041e-05  +9.486699e-05  +4.197490e-05  +6.755257e-05  +1.853873e-07  +5.643249e-06  +6.038336e-06  +1.010501e-07  +2.196470e-13  +3.334670e-23  +2.773004e-42  +4.567083e-54  +3.635743e-63  +4.019630e-83  +6.174564e-114  +1.490838e-155  +3.979013e-189  +5.530318e-216  +1.067488e-253  +2.861631e-302  +0.000000e+00  +0.000000e+00  +0.000000e+00  +0.000000e+00 
+1.651132e-250  +6.369375e-183  +3.413832e-126  +2.543346e-80  +2.636068e-45  +3.807313e-21  +7.687598e-08  +2.386379e-05  +2.337978e-04  +1.888713e-04  +1.556554e-04  +1.277859e-04  +1.165867e-05  +4.868863e-05  +1.025859e-04  +5.346019e-05  +1.328615e-05  +1.113717e-13  +1.295374e-24  +6.266553e-27  +4.988742e-36  +5.546384e-56  +2.286333e-86  +5.404780e-119  +5.408973e-135  +7.517780e-162  +1.451117e-199  +3.917392e-248  +2.574210e-304  +0.000000e+00  +0.000000e+00  +0.000000e+00 
+9.344389e-253  +4.962587e-185  +4.246553e-128  +5.713841e-82  +1.230389e-46  +4.549226e-22  +3.124066e-08  +4.969160e-05  +1.264569e-04  +1.364666e-04  +2.108998e-04  +1.565818e-04  +1.182709e-04  +2.584508e-04  +1.470661e-04  +1.268553e-04  +2.127773e-04  +5.194351e-06  +2.140821e-12  +1.194449e-10  +1.019108e-19  +2.392118e-38  +1.062052e-66  +1.020365e-75  +1.021156e-91  +1.419277e-118  +2.790203e-156  +3.430081e-201  +3.224658e-255  +4.210921e-320  +0.000000e+00  +0.000000e+00 
+4.010889e-246  +3.515105e-179  +4.278326e-123  +7.231822e-78  +1.697715e-43  +5.536690e-20  +2.533984e-07  +3.404256e-05  +1.695046e-04  +2.343934e-04  +2.872045e-04  +2.918878e-04  +3.096826e-04  +2.022965e-04  +4.472357e-04  +1.135390e-04  +1.548063e-04  +7.594010e-05  +5.932332e-07  +7.016995e-05  +7.066558e-12  +2.343101e-29  +3.712670e-38  +2.675291e-43  +2.677366e-59  +3.902038e-86  +8.817274e-120  +5.969437e-163  +5.613138e-217  +7.330204e-282  +0.000000e+00  +0.000000e+00 
+6.207506e-249  +5.440308e-182  +6.623717e-126  +1.125676e-80  +2.875768e-46  +2.187259e-22  +1.029125e-08  +2.566664e-05  +2.453543e-04  +3.089559e-04  +1.835321e-04  +4.491563e-04  +2.416338e-04  +1.738461e-04  +4.406898e-04  +1.792941e-04  +8.337238e-05  +2.203145e-05  +1.823334e-04  +1.271003e-04  +5.011013e-10  +3.025551e-22  +1.354181e-16  +9.741876e-22  +1.099442e-37  +4.371958e-60  +2.131370e-92  +1.443090e-135  +1.356956e-189  +9.644288e-253  +1.794494e-298  +0.000000e+00 
+1.350136e-262  +1.398437e-195  +6.007027e-139  +1.297594e-92  +4.919617e-57  +2.633429e-32  +1.959765e-18  +3.564674e-12  +2.498240e-05  +6.034667e-05  +1.812257e-04  +1.975694e-04  +2.339995e-04  +2.267792e-04  +3.605990e-04  +1.788033e-04  +4.015900e-05  +2.290753e-05  +2.129964e-04  +2.309275e-05  +7.619527e-08  +1.173904e-09  +7.463598e-06  +6.591468e-11  +4.181259e-22  +1.467778e-43  +7.155779e-76  +4.844972e-119  +1.546021e-161  +1.911951e-197  +1.657773e-238  +9.037267e-290 
+4.411460e-285  +6.300735e-217  +1.259825e-159  +3.500090e-113  +1.350514e-77  +7.236987e-53  +8.306916e-39  +1.487143e-21  +2.460741e-11  +1.662625e-10  +4.954709e-05  +3.067802e-04  +2.718545e-04  +4.772755e-04  +1.590130e-04  +3.507039e-04  +1.707518e-04  +6.804901e-05  +1.322192e-04  +8.331548e-05  +1.918658e-04  +5.898848e-06  +2.034613e-04  +7.724125e-06  +1.949566e-16  +6.843785e-38  +3.342669e-70  +2.394352e-91  +2.979662e-117  +5.893926e-149  +2.313448e-189  +6.297519e-240 
+1.668586e-316  +2.403561e-248  +4.808393e-191  +1.335927e-144  +5.154703e-109  +2.762711e-84  +1.708018e-59  +2.052085e-38  +3.256370e-24  +5.289302e-11  +1.892533e-05  +7.628585e-05  +5.546252e-05  +2.897028e-04  +2.699145e-04  +1.216206e-04  +2.875527e-06  +5.947789e-05  +2.968966e-04  +4.592722e-05  +3.070048e-04  +8.123620e-05  +1.367570e-04  +5.917410e-09  +1.863293e-19  +6.106454e-34  +4.009232e-42  +1.146140e-58  +4.050235e-81  +1.142288e-110  +9.378937e-150  +1.545480e-195 
+0.000000e+00  +1.274083e-290  +2.548840e-233  +7.081502e-187  +2.732412e-151  +7.854485e-114  +5.243567e-75  +7.439125e-45  +8.634685e-21  +1.401762e-07  +1.725191e-04  +2.814478e-04  +1.701437e-04  +1.034919e-04  +6.581614e-05  +1.094470e-04  +6.723244e-06  +8.857634e-05  +1.667640e-04  +1.801408e-04  +3.630710e-04  +9.000603e-05  +5.492168e-05  +2.715485e-05  +2.384370e-09  +1.517970e-14  +1.195875e-21  +5.824434e-35  +1.088065e-53  +3.085086e-81  +3.805951e-116  +6.586379e-162 
+0.000000e+00  +0.000000e+00  +1.521002e-280  +3.790700e-209  +1.312041e-148  +6.306865e-99  +4.210343e-60  +3.903547e-32  +5.027774e-15  +4.610032e-08  +1.071573e-04  +1.662499e-04  +2.334666e-04  +4.288751e-04  +6.931487e-05  +1.514502e-05  +1.109366e-08  +2.820814e-04  +1.645753e-04  +5.444312e-05  +2.287760e-04  +1.442173e-05  +8.708381e-05  +2.260672e-04  +1.484558e-08  +2.016417e-05  +6.330378e-10  +2.002161e-18  +2.018878e-34  +1.807794e-58  +2.252769e-93  +3.899170e-139 
+0.000000e+00  +0.000000e+00  +1.696154e-276  +4.227224e-205  +1.463131e-144  +7.033141e-95  +4.695191e-56  +4.353066e-28  +5.605006e-11  +1.037565e-04  +7.956232e-05  +3.430593e-04  +1.339431e-04  +1.097080e-04  +2.157640e-04  +3.686509e-05  +1.475349e-07  +1.924769e-05  +1.285802e-05  +1.677696e-04  +1.511103e-04  +8.867120e-05  +1.724588e-04  +1.488118e-04  +1.831324e-04  +1.415817e-04  +9.114586e-05  +2.579367e-09  +1.687313e-22  +1.576765e-46  +2.218898e-81  +5.267054e-127 
+0.000000e+00  +0.000000e+00  +2.626872e-283  +6.546800e-212  +2.265986e-151  +1.089246e-101  +7.305506e-63  +2.953895e-34  +2.130335e-14  +2.830906e-05  +1.475453e-04  +2.887036e-04  +2.138590e-04  +2.549724e-04  +4.200138e-04  +1.028518e-04  +1.169050e-04  +1.265594e-05  +2.467920e-05  +1.896085e-04  +5.485702e-07  +1.417138e-04  +1.155330e-04  +1.073355e-04  +3.043344e-04  +1.047238e-05  +9.892341e-05  +4.850958e-07  +9.744339e-20  +2.799170e-43  +1.127168e-77  +6.321893e-123 
+0.000000e+00  +0.000000e+00  +7.742381e-301  +3.790153e-227  +9.479549e-164  +3.416240e-111  +2.832085e-69  +1.849356e-37  +3.429196e-16  +9.531269e-06  +1.379242e-04  +3.617855e-04  +4.202342e-04  +4.128437e-04  +5.011272e-04  +2.551271e-04  +2.259968e-04  +3.069233e-05  +2.117966e-04  +8.162497e-05  +2.572166e-05  +2.438447e-04  +4.150460e-04  +6.313951e-05  +3.740252e-04  +1.431780e-04  +2.712885e-05  +1.125575e-09  +1.109355e-24  +1.324455e-49  +4.788344e-84  +2.687658e-129 
+0.000000e+00  +0.000000e+00  +2.122198e-312  +1.556573e-236  +2.387933e-171  +6.278202e-117  +2.455328e-73  +1.358688e-40  +1.049174e-18  +1.132583e-07  +1.327549e-04  +4.438995e-04  +3.002955e-04  +3.619252e-04  +3.141307e-04  +3.401120e-04  +3.640897e-04  +2.388222e-04  +1.487293e-04  +9.431658e-05  +5.820303e-05  +2.296579e-04  +1.253893e-04  +1.244629e-04  +2.992669e-04  +3.477441e-04  +8.163490e-06  +4.102742e-14  +4.360828e-32  +3.762260e-60  +5.462931e-97  +1.404971e-144 
+0.000000e+00  +0.000000e+00  +4.940656e-324  +4.360486e-248  +9.065963e-183  +2.617771e-128  +1.050118e-84  +5.929849e-51  +1.089619e-24  +3.112865e-09  +2.033005e-04  +2.141665e-04  +2.547732e-04  +2.308000e-04  +2.727306e-04  +2.841068e-04  +1.367661e-04  +2.666054e-04  +1.365806e-05  +1.848755e-04  +6.116620e-05  +3.340086e-04  +1.546498e-04  +3.451838e-04  +2.058360e-04  +9.255253e-05  +1.423931e-04  +8.417888e-12  +1.306408e-29  +3.099407e-58  +1.050753e-97  +5.013438e-148 
+0.000000e+00  +0.000000e+00  +0.000000e+00  +4.118811e-270  +8.259579e-201  +6.284440e-142  +6.641151e-94  +9.749356e-57  +2.026618e-30  +4.115949e-14  +2.926182e-05  +2.165571e-05  +6.896412e-05  +2.859412e-04  +2.132025e-04  +2.694774e-04  +2.396481e-04  +1.234192e-04  +2.833168e-04  +5.601242e-05  +9.185384e-05  +1.805017e-04  +1.129294e-04  +1.734393e-04  +8.822236e-05  +1.263042e-04  +4.096993e-05  +6.419229e-12  +1.571156e-29  +5.512850e-58  +2.732205e-97  +1.896957e-147 
+0.000000e+00  +0.000000e+00  +0.000000e+00  +3.817316e-287  +2.091498e-217  +1.591469e-158  +1.687377e-110  +1.849356e-71  +1.004960e-40  +7.692039e-21  +9.329984e-10  +2.408455e-04  +1.861919e-04  +6.583196e-05  +1.637038e-04  +5.393050e-04  +1.814436e-04  +2.870647e-04  +7.496472e-05  +1.016755e-05  +1.178871e-04  +2.363368e-04  +6.314965e-05  +1.048570e-04  +5.201979e-06  +3.987820e-07  +2.417336e-06  +2.592656e-13  +4.250351e-31  +1.089994e-59  +4.367742e-99  +2.668517e-149 
+0.000000e+00  +0.000000e+00  +0.000000e+00  +1.342533e-314  +7.659546e-245  +6.254196e-183  +1.785332e-130  +7.084247e-89  +1.768318e-57  +1.253734e-30  +1.725159e-14  +5.284073e-09  +5.315703e-05  +7.403228e-05  +9.556082e-05  +1.777192e-04  +1.373288e-04  +1.616437e-04  +3.996113e-06  +1.352394e-14  +7.172516e-11  +1.203117e-08  +4.009702e-09  +2.235271e-11  +1.827502e-15  +8.338866e-17  +6.792102e-18  +6.372727e-25  +8.380453e-43  +1.558077e-71  +4.159275e-111  +1.634058e-161 
+0.000000e+00  +0.000000e+00  +0.000000e+00  +0.000000e+00  +1.638625e-274  +3.371152e-211  +1.100402e-158  +6.393142e-111  +4.142840e-73  +3.770930e-46  +5.203804e-30  +8.192331e-16  +4.722301e-07  +1.846311e-04  +1.174615e-04  +1.399449e-04  +5.324568e-05  +1.150145e-05  +1.942392e-12  +4.607927e-25  +7.696544e-28  +1.462309e-23  +5.508260e-24  +6.646208e-29  +1.613620e-33  +4.162675e-37  +3.063274e-40  +2.849193e-47  +3.682218e-65  +6.615559e-94  +1.653985e-133  +5.766081e-184 
+0.000000e+00  +0.000000e+00  +0.000000e+00  +0.000000e+00  +1.234831e-313  +1.707805e-245  +5.728799e-186  +2.669371e-137  +1.729872e-99  +1.575212e-72  +1.897045e-46  +4.270843e-23  +2.857934e-10  +2.108791e-04  +1.867323e-05  +7.571769e-05  +6.252037e-06  +2.188588e-09  +2.417478e-19  +3.823215e-40  +2.550628e-54  +2.750555e-49  +1.050904e-49  +3.120359e-57  +6.635405e-62  +2.886158e-68  +1.934374e-73  +1.798368e-80  +2.322019e-98  +4.164024e-127  +1.037156e-166  +3.588427e-217 
+0.000000e+00  +0.000000e+00  +0.000000e+00  +0.000000e+00  +0.000000e+00  +9.902886e-283  +3.321956e-223  +1.547896e-174  +1.003564e-136  +4.809856e-95  +8.463903e-61  +6.060408e-34  +1.404434e-16  +4.879711e-09  +1.155149e-06  +2.140613e-09  +2.181873e-16  +2.185139e-23  +6.731032e-34  +1.032831e-54  +2.201042e-86  +7.294614e-86  +2.784515e-86  +1.015805e-94  +3.804270e-101  +2.779111e-110  +1.697160e-117  +1.577772e-124  +2.037092e-142  +3.652719e-171  +9.096244e-211  +3.145942e-261 
+0.000000e+00  +0.000000e+00  +0.000000e+00  +0.000000e+00  +0.000000e+00  +0.000000e+00  +2.675236e-271  +2.923391e-221  +2.398593e-165  +1.137195e-117  +1.531707e-78  +3.025664e-50  +8.675119e-33  +5.397322e-21  +2.924263e-18  +2.484094e-24  +1.914016e-33  +6.163303e-45  +2.603562e-59  +3.993803e-80  +8.510838e-112  +2.692005e-133  +1.024647e-133  +3.680217e-142  +3.029117e-151  +3.717476e-163  +2.071346e-172  +1.922502e-179  +2.482174e-197  +4.450775e-226  +1.108351e-265  +3.833159e-316 
+0.000000e+00  +0.000000e+00  +0.000000e+00  +0.000000e+00  +0.000000e+00  +0.000000e+00  +4.940656e-324  +1.229675e-255  +8.821604e-195  +9.114995e-145  +1.312569e-105  +2.627132e-77  +4.871510e-57  +1.896059e-43  +1.064441e-40  +8.701873e-49  +3.049285e-59  +3.381243e-77  +5.598373e-95  +2.144775e-116  +4.570540e-148  +1.490673e-190  +5.236445e-192  +1.880707e-200  +3.349644e-212  +8.027602e-227  +4.130812e-238  +3.253332e-245  +4.200430e-263  +7.531770e-292  +0.000000e+00  +0.000000e+00 
+0.000000e+00  +0.000000e+00  +0.000000e+00  +0.000000e+00  +0.000000e+00  +0.000000e+00  +0.000000e+00  +1.420731e-293  +1.061326e-232  +1.101339e-182  +1.587267e-143  +1.163240e-114  +2.371173e-90  +9.584800e-77  +5.387158e-74  +4.205326e-82  +6.763722e-96  +7.286596e-116  +3.168582e-138  +1.600165e-163  +3.408793e-195  +1.008845e-237  +3.716525e-261  +1.334816e-269  +5.144283e-284  +1.746061e-299  +1.710681e-313  +7.658018e-322  +0.000000e+00  +0.000000e+00  +0.000000e+00  +0.000000e+00 
+0.000000e+00  +0.000000e+00  +0.000000e+00  +0.000000e+00  +0.000000e+00  +0.000000e+00  +0.000000e+00  +0.000000e+00  +1.782681e-281  +1.849987e-231  +2.694607e-192  +5.719461e-159  +1.664640e-134  +6.736879e-121  +3.786620e-118  +2.955855e-126  +2.115603e-143  +2.244560e-163  +3.352735e-192  +7.441553e-221  +3.530789e-253  +1.044950e-295  +0.000000e+00  +0.000000e+00  +0.000000e+00  +0.000000e+00  +0.000000e+00  +0.000000e+00  +0.000000e+00  +0.000000e+00  +0.000000e+00  +0.000000e+00 
+0.000000e+00  +0.000000e+00  +0.000000e+00  +0.000000e+00  +0.000000e+00  +0.000000e+00  +0.000000e+00  +0.000000e+00  +0.000000e+00  +4.315971e-291  +2.667037e-249  +5.576141e-214  +1.624926e-189  +6.576407e-176  +3.696427e-173  +2.885450e-181  +3.217256e-200  +9.602669e-222  +1.436713e-252  +8.416025e-286  +5.088876e-322  +0.000000e+00  +0.000000e+00  +0.000000e+00  +0.000000e+00  +0.000000e+00  +0.000000e+00  +0.000000e+00  +0.000000e+00  +0.000000e+00  +0.000000e+00  +0.000000e+00 
