+0.000000e+00  +0.000000e+00  +0.000000e+00  +0.000000e+00  +0.000000e+00  +0.000000e+00  +0.000000e+00  +1.464562e-307  +8.590917e-250  +6.998769e-203  +7.918478e-167  +1.244227e-141  +2.715428e-127  +1.515441e-123  +2.504785e-127  +1.257745e-141  +8.772287e-167  +8.497105e-203  +1.143055e-249  +2.135508e-307  +0.000000e+00  +0.000000e+00  +0.000000e+00  +0.000000e+00  +0.000000e+00  +0.000000e+00  +0.000000e+00  +0.000000e+00  +0.000000e+00  +0.000000e+00  +0.000000e+00  +0.000000e+00 
+0.000000e+00  +0.000000e+00  +0.000000e+00  +0.000000e+00  +1.636603e-306  +3.385651e-272  +9.727000e-249  +3.881089e-236  +2.215022e-204  +1.804514e-157  +2.041646e-121  +3.208030e-96  +7.001294e-82  +3.967707e-78  +6.676576e-82  +3.352571e-96  +2.338289e-121  +2.264938e-157  +3.046859e-204  +5.692282e-262  +0.000000e+00  +0.000000e+00  +0.000000e+00  +0.000000e+00  +0.000000e+00  +0.000000e+00  +0.000000e+00  +0.000000e+00  +0.000000e+00  +0.000000e+00  +0.000000e+00  +0.000000e+00 
+0.000000e+00  +0.000000e+00  +0.000000e+00  +1.427028e-286  +2.125210e-241  +4.396435e-207  +1.263099e-183  +5.039786e-171  +3.585878e-169  +6.461552e-123  +7.310665e-87  +1.148722e-61  +2.507012e-47  +1.443104e-43  +2.471583e-47  +1.241084e-61  +8.656083e-87  +8.384546e-123  +1.127913e-169  +2.107219e-227  +5.467411e-296  +0.000000e+00  +0.000000e+00  +0.000000e+00  +0.000000e+00  +0.000000e+00  +0.000000e+00  +0.000000e+00  +0.000000e+00  +0.000000e+00  +0.000000e+00  +0.000000e+00 
+0.000000e+00  +0.000000e+00  +1.827781e-282  +2.136344e-231  +3.832911e-187  +7.928611e-153  +2.277896e-129  +9.088841e-117  +5.036459e-115  +3.681977e-99  +3.635561e-63  +5.712542e-38  +1.246730e-23  +7.291445e-20  +1.270675e-23  +6.380614e-38  +4.450232e-63  +4.310630e-99  +5.798783e-146  +1.083355e-203  +2.810884e-272  +0.000000e+00  +0.000000e+00  +0.000000e+00  +0.000000e+00  +0.000000e+00  +0.000000e+00  +0.000000e+00  +0.000000e+00  +0.000000e+00  +0.000000e+00  +0.000000e+00 
+0.000000e+00  +2.143397e-296  +1.586640e-234  +1.631151e-183  +3.288779e-143  +1.985828e-109  +5.705165e-86  +2.276370e-73  +1.261421e-71  +3.618610e-71  +1.572897e-46  +3.945326e-25  +8.610463e-11  +5.117854e-07  +9.072604e-11  +4.555768e-25  +3.177473e-50  +3.077801e-86  +4.142128e-133  +8.941921e-191  +1.151410e-257  +1.802512e-309  +2.721052e-318  +1.317339e-310  +8.857623e-314  +0.000000e+00  +0.000000e+00  +0.000000e+00  +0.000000e+00  +0.000000e+00  +0.000000e+00  +0.000000e+00 
+0.000000e+00  +2.584019e-259  +1.912809e-197  +1.966461e-146  +2.807646e-106  +1.247430e-76  +1.984467e-53  +7.917996e-41  +4.387667e-39  +1.394226e-38  +1.890571e-30  +1.017804e-14  +9.859181e-09  +1.130511e-04  +9.520513e-09  +8.765379e-22  +2.095465e-44  +7.332942e-78  +3.564339e-122  +2.406124e-177  +5.718620e-209  +9.819047e-245  +3.089884e-242  +1.495902e-234  +1.006275e-237  +2.719758e-247  +1.977551e-254  +4.075237e-271  +1.211804e-298  +0.000000e+00  +0.000000e+00  +0.000000e+00 
+8.116871e-306  +4.326399e-233  +3.202598e-171  +3.292428e-120  +4.700760e-80  +9.321232e-51  +1.215306e-31  +3.824958e-19  +2.119977e-17  +7.545027e-17  +2.787388e-22  +1.699288e-09  +1.429924e-04  +4.034624e-05  +1.268654e-06  +2.302128e-18  +5.801690e-41  +2.030568e-74  +3.941213e-116  +3.499303e-130  +4.326899e-155  +8.798867e-191  +4.872881e-177  +2.359103e-169  +1.594348e-172  +8.238166e-181  +4.526021e-187  +9.327005e-204  +2.205371e-229  +8.779035e-260  +1.246077e-299  +0.000000e+00 
+1.887372e-290  +1.005994e-217  +7.446828e-156  +7.655705e-105  +1.093042e-64  +2.167338e-35  +5.968994e-17  +2.794356e-08  +1.468283e-06  +5.698260e-06  +4.488448e-09  +3.486982e-11  +1.281167e-04  +5.903522e-05  +3.196855e-13  +8.853338e-26  +2.232467e-48  +6.443907e-70  +4.130000e-73  +3.677968e-87  +4.608492e-112  +1.499204e-140  +1.067253e-122  +5.166881e-115  +3.661944e-118  +1.155044e-124  +1.438612e-130  +2.969613e-147  +1.449196e-169  +5.853198e-200  +4.945060e-234  +2.486006e-276 
+9.839987e-275  +1.500058e-205  +3.178473e-147  +1.278808e-99  +3.588459e-60  +7.003241e-31  +1.927399e-12  +7.377267e-05  +8.523477e-06  +9.906513e-05  +1.604151e-04  +6.080087e-06  +1.146281e-04  +5.545983e-05  +5.862265e-10  +1.495605e-17  +2.155781e-30  +9.401558e-38  +6.031174e-41  +5.469694e-55  +5.749944e-77  +5.177576e-93  +3.246287e-79  +1.571622e-71  +1.659378e-74  +4.406214e-79  +6.350508e-85  +5.922690e-101  +1.338734e-120  +7.843540e-148  +2.837304e-179  +1.426384e-221 
+7.089535e-263  +1.080759e-193  +2.288116e-135  +6.727677e-88  +2.747290e-51  +1.565089e-25  +2.000102e-10  +1.178984e-04  +2.153186e-04  +3.833313e-05  +3.379737e-04  +1.919901e-04  +1.378470e-04  +3.700642e-05  +4.831141e-05  +9.211454e-08  +7.754881e-18  +1.908477e-16  +1.264873e-19  +1.912544e-32  +3.071868e-50  +3.130130e-56  +1.371992e-46  +6.639044e-39  +3.183312e-41  +2.639474e-44  +3.893524e-50  +5.920316e-63  +1.957153e-82  +6.245765e-104  +2.260884e-135  +1.136800e-177 
+7.098056e-262  +1.082556e-192  +2.293784e-134  +6.754050e-87  +2.765262e-50  +1.580125e-24  +1.364339e-09  +4.933139e-05  +9.810545e-05  +2.863056e-04  +2.683435e-04  +2.387727e-04  +3.845785e-05  +2.111504e-04  +3.255664e-06  +1.002111e-04  +4.859065e-08  +5.760433e-06  +8.981385e-09  +1.283226e-16  +1.357699e-32  +2.682878e-30  +6.305136e-24  +3.894947e-17  +1.867014e-18  +2.238064e-20  +3.819600e-26  +1.054749e-35  +2.651834e-50  +6.911878e-71  +2.513727e-102  +6.758773e-143 
+2.076127e-261  +8.920815e-193  +7.374104e-135  +1.834252e-87  +1.110610e-50  +1.081594e-24  +1.503467e-09  +5.854848e-05  +2.349378e-04  +1.257938e-04  +4.809134e-05  +3.890212e-04  +2.556672e-05  +3.529563e-04  +2.770185e-05  +2.193638e-06  +2.834523e-04  +1.788760e-04  +1.690600e-04  +2.055696e-11  +6.873954e-14  +4.873238e-13  +6.481076e-09  +3.181755e-06  +2.211841e-06  +2.645590e-07  +1.253311e-10  +2.465718e-18  +4.075628e-28  +1.196836e-48  +5.486590e-77  +3.102935e-115 
+4.940892e-257  +1.967848e-188  +1.088469e-130  +8.361383e-84  +8.920287e-48  +1.321706e-22  +2.723495e-08  +1.002935e-04  +1.505587e-04  +1.326362e-05  +2.627278e-04  +2.199360e-04  +9.385267e-05  +1.205867e-04  +5.257352e-06  +1.625405e-04  +6.084302e-05  +2.239446e-05  +6.516336e-05  +1.427866e-05  +1.519850e-05  +6.107321e-05  +1.626847e-04  +2.799353e-04  +3.524136e-04  +1.116610e-04  +7.499415e-05  +4.653157e-07  +3.849627e-16  +8.741256e-33  +3.562043e-60  +2.015922e-98 
+1.651699e-249  +1.949171e-191  +3.675834e-137  +3.427024e-90  +2.590378e-53  +1.170927e-26  +8.247917e-11  +1.201653e-05  +9.677136e-05  +4.830798e-05  +2.114943e-04  +1.994202e-04  +3.558329e-04  +1.420657e-04  +2.041501e-05  +1.167743e-04  +2.745324e-04  +2.594619e-04  +2.163048e-04  +5.092754e-05  +1.880664e-04  +1.893958e-04  +8.728887e-05  +1.560462e-04  +7.109547e-05  +5.480033e-06  +1.242351e-04  +1.360978e-04  +2.687844e-10  +7.886816e-27  +3.213944e-54  +1.818917e-92 
+3.523224e-207  +1.693998e-157  +1.114742e-116  +3.707217e-76  +1.729775e-46  +1.120909e-27  +1.044129e-16  +1.749757e-06  +1.436247e-04  +2.106105e-04  +2.434867e-04  +1.293997e-04  +1.844001e-04  +7.847007e-05  +6.088998e-05  +2.089055e-04  +1.297040e-04  +2.348529e-04  +2.838393e-04  +2.471490e-04  +3.826861e-04  +1.490027e-05  +2.567983e-04  +1.410867e-04  +1.885498e-04  +1.361532e-04  +5.844121e-05  +1.143289e-05  +4.717660e-15  +9.882995e-32  +4.027313e-59  +2.279240e-97 
+1.043800e-175  +5.018682e-126  +3.351199e-87  +3.108223e-59  +5.626304e-34  +3.644528e-15  +3.321547e-07  +2.292759e-05  +8.006076e-06  +3.537932e-05  +2.721723e-04  +8.312218e-05  +3.157872e-04  +2.456192e-04  +6.795001e-05  +2.773295e-04  +5.042508e-04  +5.333140e-04  +4.290842e-04  +4.137948e-04  +3.538605e-04  +4.680932e-04  +2.922734e-04  +3.527767e-04  +2.987664e-04  +1.745550e-04  +9.960043e-07  +4.756281e-08  +4.108196e-20  +6.742976e-43  +1.084734e-74  +3.966597e-113 
+4.294690e-155  +2.064926e-105  +1.378844e-66  +1.278685e-38  +1.646940e-21  +1.256706e-10  +4.786055e-05  +2.484421e-04  +1.745593e-04  +9.284672e-05  +1.643033e-04  +1.899189e-04  +2.300465e-06  +2.576916e-04  +2.535548e-04  +2.238947e-04  +1.892836e-04  +9.266440e-05  +2.154845e-04  +2.040773e-04  +2.415672e-04  +2.253225e-04  +1.049172e-04  +1.696115e-04  +1.517297e-04  +8.462471e-05  +2.354470e-05  +7.877376e-07  +3.381055e-16  +3.727442e-36  +5.708491e-67  +1.214162e-108 
+1.334298e-138  +3.599740e-94  +7.880222e-57  +7.306616e-29  +9.410286e-12  +1.687489e-05  +9.404515e-05  +4.313861e-04  +2.466518e-04  +1.746023e-04  +6.555293e-05  +3.914784e-04  +2.829377e-04  +5.654225e-05  +1.224486e-04  +4.400909e-05  +2.164628e-05  +1.749990e-04  +3.101524e-04  +4.425051e-04  +3.355451e-04  +3.184769e-04  +3.234326e-04  +2.999935e-04  +3.130512e-04  +1.835819e-04  +1.529355e-04  +4.872944e-06  +1.853565e-14  +4.575523e-32  +1.865492e-60  +1.057044e-99 
+8.175732e-123  +9.928172e-79  +2.414463e-45  +1.056379e-22  +9.637032e-11  +1.119272e-04  +1.982452e-04  +1.160365e-04  +2.822411e-04  +2.595974e-04  +3.731705e-04  +1.899941e-04  +1.368520e-04  +1.178618e-04  +1.062560e-04  +7.583337e-05  +1.543018e-04  +9.826704e-06  +1.093664e-04  +1.811253e-04  +2.684262e-04  +2.057495e-04  +1.982398e-04  +2.297845e-04  +3.991526e-04  +1.273795e-04  +1.677223e-04  +5.682065e-05  +1.190467e-11  +3.497374e-29  +1.426937e-57  +8.085473e-97 
+1.250205e-116  +9.665601e-73  +1.057721e-39  +1.709361e-17  +4.551446e-06  +2.056317e-04  +2.217471e-04  +2.697309e-04  +1.169732e-04  +1.989222e-04  +2.659008e-04  +2.773811e-04  +1.855139e-05  +5.153518e-05  +1.036230e-04  +1.178993e-04  +2.033713e-04  +4.807328e-08  +4.047037e-08  +9.536212e-08  +6.611746e-05  +3.200870e-05  +2.164137e-04  +1.717151e-04  +2.742041e-04  +2.175206e-04  +1.515812e-04  +1.905260e-07  +2.510957e-19  +3.719014e-37  +1.515848e-65  +8.589263e-105 
+3.448559e-121  +2.663346e-77  +3.722596e-44  +6.828269e-21  +9.404783e-08  +1.536619e-04  +1.807330e-04  +1.141915e-04  +2.268943e-04  +1.623225e-04  +7.408866e-06  +3.382553e-04  +1.854971e-04  +1.864188e-04  +2.486983e-04  +2.853545e-07  +2.849176e-10  +7.302775e-18  +4.088776e-20  +2.091989e-15  +3.913676e-06  +1.001220e-05  +1.331836e-04  +1.505789e-04  +1.706103e-04  +1.339600e-04  +2.817130e-04  +1.890759e-05  +4.186094e-15  +1.316555e-35  +5.756117e-67  +3.495242e-109 
+2.159777e-134  +1.058337e-88  +2.636528e-52  +9.917986e-26  +5.666653e-10  +5.731766e-05  +3.269149e-04  +6.048250e-05  +2.926716e-07  +3.108507e-04  +1.223334e-04  +2.661928e-04  +3.572177e-05  +2.464425e-08  +1.084997e-05  +6.496075e-09  +1.237365e-21  +9.294445e-35  +5.938882e-43  +3.905374e-25  +7.469914e-16  +9.782439e-10  +3.166446e-06  +1.882974e-05  +1.579856e-04  +2.948824e-04  +2.268184e-04  +8.396798e-07  +1.412061e-18  +1.597178e-40  +5.830090e-73  +1.798570e-115 
+1.025437e-146  +2.192639e-98  +6.511235e-61  +2.685330e-34  +1.806389e-18  +1.007303e-08  +6.375961e-06  +7.481510e-09  +2.110382e-13  +4.728050e-05  +2.270465e-04  +1.423096e-08  +1.648424e-12  +1.650200e-18  +1.395656e-15  +4.559681e-19  +2.325353e-33  +1.617735e-57  +7.565023e-66  +1.041900e-45  +1.383359e-35  +7.065038e-22  +1.462202e-17  +7.002646e-13  +6.794074e-09  +2.340793e-06  +1.034317e-06  +1.673251e-13  +8.008994e-26  +5.394833e-49  +5.136069e-83  +9.256434e-128 
+3.865672e-166  +8.265768e-118  +2.454595e-80  +1.444648e-53  +1.168149e-32  +4.432369e-22  +4.204067e-16  +5.027295e-19  +1.795148e-16  +6.920341e-06  +6.277328e-05  +4.697535e-06  +1.563597e-16  +2.543867e-36  +2.517252e-36  +8.212559e-40  +3.721839e-54  +2.385872e-79  +2.802932e-97  +3.860368e-77  +4.728167e-59  +3.599510e-44  +1.465938e-39  +7.161818e-28  +1.165096e-23  +1.408300e-18  +4.655109e-18  +9.239213e-27  +2.494327e-43  +1.676991e-66  +1.567436e-100  +2.034649e-145 
+2.023853e-196  +4.327512e-148  +2.628599e-110  +2.613825e-78  +7.062341e-57  +4.835272e-45  +3.935245e-37  +4.728295e-40  +1.804495e-20  +2.091060e-07  +1.051361e-04  +2.127171e-05  +4.832274e-14  +1.539181e-33  +6.809505e-64  +2.057172e-71  +9.320935e-86  +5.865428e-111  +1.442291e-139  +1.087043e-117  +2.015063e-92  +3.084941e-77  +1.497738e-68  +1.034595e-53  +3.476735e-47  +1.377181e-41  +2.913121e-40  +5.782134e-49  +1.594983e-68  +7.246958e-95  +6.772955e-129  +8.791747e-174 
+1.471544e-237  +1.119907e-188  +1.128058e-145  +2.194654e-113  +5.930746e-92  +5.941576e-77  +5.115829e-69  +6.297140e-52  +2.233584e-27  +1.771876e-13  +7.643484e-06  +5.048713e-06  +6.994244e-14  +3.401607e-32  +2.298108e-61  +2.156229e-101  +3.242577e-128  +2.040408e-153  +1.784164e-189  +2.408245e-162  +2.330745e-136  +3.699259e-121  +3.003977e-105  +2.075656e-90  +3.803413e-81  +3.176297e-75  +2.532024e-73  +5.025781e-82  +1.385409e-101  +5.347328e-132  +4.064504e-168  +5.275960e-213 
+1.079495e-288  +9.389937e-235  +1.315405e-191  +2.559143e-159  +8.644722e-138  +1.072674e-119  +2.714968e-104  +1.583376e-64  +6.852053e-34  +4.118392e-14  +3.438000e-05  +7.038625e-06  +2.325869e-13  +1.131445e-31  +7.643990e-61  +7.172069e-101  +9.345593e-152  +9.857939e-207  +8.614910e-243  +3.409963e-217  +3.877557e-191  +6.178999e-176  +8.369887e-153  +5.783938e-138  +5.822272e-126  +2.374283e-119  +3.056471e-117  +6.066760e-126  +1.672366e-145  +6.402416e-176  +3.742780e-217  +4.397097e-263 
+0.000000e+00  +1.520649e-291  +2.130227e-248  +4.144403e-216  +4.349253e-192  +1.717875e-164  +3.854648e-112  +1.201201e-70  +5.198580e-40  +3.124580e-20  +2.608174e-11  +3.026633e-13  +1.079284e-23  +5.226623e-42  +3.531080e-71  +3.313081e-111  +4.317122e-162  +7.812583e-224  +1.963509e-296  +7.840401e-283  +8.970137e-257  +6.509826e-237  +3.238773e-211  +2.365375e-196  +1.240147e-181  +3.640627e-174  +5.124028e-172  +1.017064e-180  +2.803643e-200  +1.073335e-230  +5.706708e-272  +9.881313e-324 
+0.000000e+00  +0.000000e+00  +4.791045e-316  +9.354897e-284  +1.120311e-244  +1.810063e-181  +4.061503e-129  +1.265662e-87  +5.477556e-57  +3.292257e-37  +2.748139e-28  +3.185822e-30  +5.198042e-43  +3.354248e-63  +2.265338e-92  +2.125482e-132  +2.769618e-183  +5.012105e-245  +1.259675e-317  +0.000000e+00  +0.000000e+00  +3.498313e-306  +1.740521e-280  +3.851530e-264  +3.676179e-248  +8.365482e-240  +1.193001e-237  +2.367976e-246  +6.527575e-266  +2.498989e-296  +0.000000e+00  +0.000000e+00 
+0.000000e+00  +0.000000e+00  +0.000000e+00  +0.000000e+00  +1.639376e-272  +2.648705e-209  +5.943287e-157  +1.852072e-115  +8.015429e-85  +4.817633e-65  +4.021412e-56  +4.661884e-58  +7.505551e-71  +1.976941e-94  +2.018402e-124  +1.893742e-164  +2.467648e-215  +4.465638e-277  +0.000000e+00  +0.000000e+00  +0.000000e+00  +0.000000e+00  +0.000000e+00  +0.000000e+00  +0.000000e+00  +2.699881e-316  +3.857517e-314  +7.410985e-323  +0.000000e+00  +0.000000e+00  +0.000000e+00  +0.000000e+00 
+0.000000e+00  +0.000000e+00  +0.000000e+00  +0.000000e+00  +3.331627e-311  +5.382841e-248  +1.207827e-195  +3.763879e-154  +1.628938e-123  +9.790652e-104  +8.172530e-95  +9.474131e-97  +1.525317e-109  +3.410544e-133  +3.556504e-167  +2.343274e-207  +3.053407e-258  +5.525630e-320  +0.000000e+00  +0.000000e+00  +0.000000e+00  +0.000000e+00  +0.000000e+00  +0.000000e+00  +0.000000e+00  +0.000000e+00  +0.000000e+00  +0.000000e+00  +0.000000e+00  +0.000000e+00  +0.000000e+00  +0.000000e+00 
+0.000000e+00  +0.000000e+00  +0.000000e+00  +0.000000e+00  +0.000000e+00  +1.519244e-297  +3.408949e-245  +1.062311e-203  +4.597488e-173  +2.763297e-153  +2.306601e-144  +2.673962e-146  +4.305029e-159  +9.625755e-183  +2.989468e-217  +4.155718e-261  +5.247157e-312  +0.000000e+00  +0.000000e+00  +0.000000e+00  +0.000000e+00  +0.000000e+00  +0.000000e+00  +0.000000e+00  +0.000000e+00  +0.000000e+00  +0.000000e+00  +0.000000e+00  +0.000000e+00  +0.000000e+00  +0.000000e+00  +0.000000e+00 
