+0.000000e+00  +0.000000e+00  +0.000000e+00  +0.000000e+00  +0.000000e+00  +0.000000e+00  +0.000000e+00  +0.000000e+00  +4.940656e-324  +6.421902e-268  +9.587849e-223  +1.988001e-188  +5.724665e-165  +2.289399e-152  +1.271542e-150  +9.807947e-160  +1.050663e-179  +1.563099e-210  +3.229593e-252  +9.268945e-305  +0.000000e+00  +0.000000e+00  +0.000000e+00  +0.000000e+00  +0.000000e+00  +0.000000e+00  +0.000000e+00  +0.000000e+00  +0.000000e+00  +0.000000e+00  +0.000000e+00  +0.000000e+00 
+0.000000e+00  +0.000000e+00  +0.000000e+00  +0.000000e+00  +3.849911e-303  +5.854378e-274  +1.236371e-255  +3.626227e-248  +1.453510e-250  +3.691798e-217  +5.511826e-172  +1.142855e-137  +3.290974e-114  +1.316121e-101  +7.309794e-100  +5.638355e-109  +6.040010e-129  +8.985886e-160  +1.857899e-201  +2.258213e-253  +3.222383e-313  +0.000000e+00  +0.000000e+00  +0.000000e+00  +0.000000e+00  +0.000000e+00  +0.000000e+00  +0.000000e+00  +0.000000e+00  +0.000000e+00  +0.000000e+00  +0.000000e+00 
+0.000000e+00  +0.000000e+00  +2.403074e-313  +8.479736e-271  +7.127560e-236  +1.083223e-206  +2.287631e-188  +6.709528e-181  +5.129859e-183  +2.963824e-177  +4.400558e-132  +9.124377e-98  +2.627463e-74  +1.050771e-61  +5.836028e-60  +4.501577e-69  +4.822255e-89  +7.192018e-120  +1.873988e-160  +2.320557e-209  +4.333376e-269  +0.000000e+00  +0.000000e+00  +0.000000e+00  +0.000000e+00  +0.000000e+00  +0.000000e+00  +0.000000e+00  +0.000000e+00  +0.000000e+00  +0.000000e+00  +0.000000e+00 
+0.000000e+00  +7.910176e-306  +2.009834e-252  +7.092054e-210  +3.658584e-178  +2.783510e-150  +5.878423e-132  +1.724118e-124  +2.578750e-126  +3.818929e-128  +5.240705e-103  +1.011704e-68  +2.913311e-45  +1.165087e-32  +6.470943e-31  +4.991323e-40  +5.394629e-60  +3.408668e-89  +3.223280e-127  +4.334111e-176  +8.093607e-236  +2.099047e-306  +0.000000e+00  +0.000000e+00  +0.000000e+00  +0.000000e+00  +0.000000e+00  +0.000000e+00  +0.000000e+00  +0.000000e+00  +0.000000e+00  +0.000000e+00 
+5.022177e-320  +9.187918e-256  +2.334485e-202  +8.237643e-160  +4.036952e-128  +9.961051e-105  +2.097846e-86  +6.152899e-79  +1.824534e-80  +2.739483e-82  +6.339450e-71  +3.099483e-50  +4.486163e-27  +1.794099e-14  +9.964573e-13  +7.932801e-22  +1.246902e-39  +8.635429e-67  +8.360832e-105  +1.124226e-153  +2.099403e-213  +5.444724e-284  +0.000000e+00  +0.000000e+00  +0.000000e+00  +0.000000e+00  +0.000000e+00  +0.000000e+00  +0.000000e+00  +0.000000e+00  +0.000000e+00  +0.000000e+00 
+8.101212e-281  +1.482129e-216  +3.765824e-163  +1.328838e-120  +6.512111e-89  +4.481334e-68  +1.039740e-51  +3.049514e-44  +1.805132e-45  +2.729191e-47  +1.584905e-48  +3.757244e-28  +1.429528e-18  +3.836962e-07  +2.376918e-05  +8.905508e-12  +4.462178e-28  +3.110820e-55  +3.011904e-93  +4.049909e-142  +7.562884e-202  +1.961896e-272  +9.606185e-264  +2.614765e-262  +1.940151e-257  +3.713710e-247  +9.872300e-248  +3.644741e-259  +1.868758e-281  +3.106509e-314  +0.000000e+00  +0.000000e+00 
+1.814917e-252  +3.320419e-188  +8.436588e-135  +2.977000e-92  +1.458911e-60  +9.929254e-40  +7.250563e-28  +2.099075e-20  +2.489166e-21  +3.776966e-23  +7.956799e-32  +2.719178e-16  +4.739819e-07  +2.036112e-05  +1.596052e-05  +4.447195e-11  +2.232422e-27  +1.556340e-54  +1.506852e-92  +2.026165e-141  +1.579596e-193  +9.140952e-207  +1.791500e-194  +4.877160e-193  +1.862990e-190  +3.565871e-180  +9.479293e-181  +3.499647e-192  +1.794406e-214  +1.750194e-243  +1.080616e-276  +5.275804e-312 
+1.521314e-234  +1.045858e-170  +2.625130e-117  +9.262408e-75  +4.539139e-43  +3.089309e-22  +2.926871e-12  +2.015723e-07  +4.936425e-08  +8.366234e-10  +2.544292e-16  +1.899468e-08  +1.342553e-04  +3.681681e-05  +6.861002e-07  +2.486395e-19  +1.551127e-37  +8.633589e-61  +5.609423e-82  +5.159255e-114  +2.186330e-151  +2.367528e-148  +4.640027e-136  +1.264137e-134  +2.532922e-134  +4.755116e-124  +1.264071e-124  +4.666807e-136  +2.963527e-158  +2.395982e-183  +2.642816e-211  +1.302576e-246 
+2.521093e-215  +2.812319e-155  +1.023356e-105  +1.545034e-65  +7.443250e-36  +1.362131e-15  +1.262366e-05  +6.800027e-05  +4.042585e-04  +1.258690e-04  +7.587760e-10  +4.960691e-06  +1.893627e-04  +3.643808e-06  +3.243018e-10  +1.036146e-19  +1.029236e-24  +4.895861e-35  +3.485665e-56  +2.063940e-86  +1.084159e-101  +8.516025e-101  +1.669023e-88  +4.563084e-87  +4.902881e-88  +8.806323e-79  +2.341019e-79  +8.642813e-91  +1.085273e-109  +2.598942e-132  +9.061904e-157  +4.466381e-192 
+9.677249e-204  +1.066531e-143  +1.642046e-94  +3.571828e-56  +1.133970e-28  +6.675073e-12  +9.792261e-05  +2.136057e-04  +6.282993e-05  +1.234803e-04  +1.016816e-04  +3.378406e-04  +9.038244e-05  +7.855041e-05  +2.690883e-05  +7.005288e-10  +8.780118e-10  +5.696258e-20  +7.939198e-38  +4.325453e-56  +7.466411e-63  +4.254187e-64  +8.337617e-52  +2.317149e-50  +5.629549e-51  +2.264992e-44  +6.021108e-45  +2.317692e-56  +2.864203e-71  +1.215939e-88  +4.315290e-113  +2.126896e-148 
+5.159724e-203  +5.683173e-143  +8.734591e-94  +1.890343e-55  +5.908441e-28  +2.836155e-11  +2.377489e-05  +2.786258e-04  +3.670744e-04  +1.050592e-04  +2.142892e-04  +3.584383e-04  +1.715877e-04  +3.389137e-04  +2.056666e-04  +1.317821e-04  +2.813231e-05  +6.009182e-11  +3.170507e-22  +4.136472e-28  +7.141157e-35  +2.951442e-38  +5.784417e-26  +1.730896e-24  +9.904280e-25  +8.094403e-21  +2.150731e-21  +3.482693e-30  +3.251865e-42  +8.041555e-56  +2.853897e-80  +1.406613e-115 
+5.732708e-211  +1.255995e-149  +3.844808e-99  +1.635048e-59  +9.656795e-31  +7.939657e-13  +2.004661e-05  +1.861913e-04  +1.663369e-04  +1.986799e-04  +9.207429e-05  +1.115851e-04  +1.239015e-04  +1.879979e-04  +9.770447e-05  +1.358156e-04  +2.829254e-04  +6.177666e-06  +1.517840e-12  +5.494476e-11  +9.485567e-18  +2.844113e-23  +5.573346e-11  +2.234682e-09  +2.421341e-09  +4.595129e-08  +1.077125e-08  +1.771356e-13  +2.890331e-20  +7.385955e-34  +2.621228e-58  +1.291936e-93 
+1.216724e-211  +2.682743e-150  +8.214931e-100  +3.493548e-60  +2.063325e-31  +1.692413e-13  +2.099764e-06  +3.337265e-04  +1.253124e-04  +1.068668e-04  +1.004052e-04  +3.896178e-04  +3.466065e-04  +1.154504e-04  +2.153746e-04  +1.779065e-04  +1.739420e-04  +1.187353e-04  +6.201360e-05  +1.014568e-04  +1.811812e-11  +1.731309e-11  +1.636807e-06  +1.573116e-04  +1.308771e-04  +2.248572e-04  +2.245788e-04  +3.027947e-06  +3.697102e-09  +9.430173e-23  +3.344682e-47  +1.648152e-82 
+3.610494e-223  +7.960743e-162  +2.437690e-111  +1.036936e-71  +8.714656e-42  +3.462989e-19  +2.121607e-07  +1.143804e-04  +1.458701e-04  +1.935751e-04  +1.855690e-04  +3.385001e-04  +2.191297e-04  +2.065588e-04  +1.821739e-04  +7.442629e-05  +3.933491e-05  +1.148963e-04  +1.004921e-05  +7.262068e-05  +8.496507e-07  +7.417989e-05  +9.986249e-05  +7.904302e-05  +7.819508e-05  +4.420976e-05  +2.165402e-04  +2.578105e-04  +4.214785e-08  +4.992069e-22  +1.041861e-46  +3.842914e-82 
+1.487925e-245  +4.058179e-184  +1.238329e-129  +2.738729e-85  +8.412733e-52  +3.589210e-29  +2.883978e-17  +1.449717e-06  +6.782271e-05  +7.234258e-05  +2.636155e-04  +9.121535e-05  +2.803729e-04  +2.471345e-04  +1.671118e-04  +7.851343e-05  +3.358606e-04  +1.806983e-04  +2.704656e-05  +1.379924e-04  +2.000935e-04  +1.223095e-04  +1.117969e-04  +1.981952e-04  +3.088308e-04  +2.707868e-04  +1.420388e-04  +5.865085e-05  +2.178112e-08  +5.167133e-22  +1.706266e-46  +7.824972e-82 
+6.456924e-247  +7.563807e-184  +1.402613e-131  +5.441459e-88  +2.361926e-54  +1.432107e-31  +5.408259e-16  +1.092004e-07  +3.289896e-05  +1.325859e-04  +7.028029e-05  +1.613536e-04  +1.868943e-04  +1.523405e-04  +3.023564e-04  +9.629173e-05  +8.639700e-05  +1.629059e-04  +3.163256e-04  +2.459635e-04  +4.127320e-04  +4.372362e-04  +3.295071e-04  +2.510406e-04  +2.050079e-04  +9.548157e-05  +1.687158e-04  +7.027457e-06  +1.437471e-12  +3.018129e-29  +9.535908e-56  +3.922708e-91 
+1.786596e-228  +2.092654e-165  +3.404132e-113  +7.690626e-72  +2.477157e-41  +3.998888e-20  +3.276681e-08  +4.530514e-05  +5.094300e-05  +1.234282e-04  +8.893417e-05  +6.395279e-05  +2.072373e-04  +1.624713e-04  +1.628319e-04  +2.871726e-04  +2.950824e-04  +3.049748e-04  +2.017228e-04  +1.757145e-04  +1.543210e-04  +8.480215e-05  +4.023854e-04  +5.049884e-05  +3.046447e-04  +3.653634e-04  +1.923052e-04  +1.261321e-05  +1.666383e-12  +3.145004e-30  +8.243386e-59  +3.000738e-98 
+2.439134e-217  +8.067042e-157  +1.338156e-105  +2.955408e-64  +9.272078e-34  +4.040188e-14  +2.458395e-05  +1.053597e-04  +7.068347e-05  +6.472195e-05  +4.776347e-05  +5.769796e-05  +5.442544e-05  +1.516660e-04  +8.376991e-05  +1.761931e-04  +2.177607e-04  +2.788471e-04  +1.481507e-04  +4.821551e-04  +4.295271e-04  +5.395090e-04  +6.061816e-04  +5.550144e-04  +4.305224e-04  +1.226169e-04  +5.911133e-05  +3.102592e-08  +3.662482e-21  +3.629860e-40  +9.514103e-69  +3.463301e-108 
+1.517316e-202  +5.083584e-145  +4.698117e-96  +2.690756e-57  +2.146766e-29  +2.378893e-12  +1.077475e-05  +2.783449e-04  +1.546660e-04  +1.734768e-04  +1.264754e-04  +3.536644e-04  +4.964878e-06  +1.893575e-04  +2.347647e-04  +2.972489e-04  +1.755253e-05  +1.154772e-04  +1.581215e-04  +3.940958e-04  +1.324367e-04  +3.844989e-04  +2.385185e-04  +2.591413e-04  +1.918665e-04  +8.026093e-06  +1.347658e-07  +3.261979e-18  +2.511283e-31  +3.901402e-55  +2.366742e-89  +5.551248e-129 
+2.676963e-189  +6.972881e-132  +2.522435e-85  +1.267260e-49  +8.843099e-25  +1.135607e-10  +1.175572e-04  +2.564349e-04  +1.274862e-04  +7.526833e-05  +2.296220e-04  +1.961462e-04  +5.000435e-04  +2.466429e-05  +4.175633e-07  +3.185776e-05  +1.842651e-04  +3.139597e-04  +3.243640e-05  +2.252842e-04  +1.802772e-05  +2.635087e-04  +2.270210e-04  +1.154085e-04  +6.965878e-05  +1.785444e-04  +2.678320e-06  +3.206079e-17  +5.860795e-39  +1.744033e-71  +8.460837e-111  +2.535062e-156 
+6.734440e-187  +1.710245e-129  +6.185472e-83  +3.115470e-47  +2.205982e-22  +2.318789e-08  +4.557707e-05  +1.059131e-04  +1.531920e-04  +1.405984e-04  +2.009031e-04  +2.541737e-04  +2.532023e-04  +7.368133e-05  +1.185836e-04  +1.956023e-04  +2.991523e-05  +9.345939e-05  +1.234537e-05  +1.771855e-04  +1.441666e-04  +2.710889e-05  +1.673993e-04  +2.358219e-04  +1.651675e-05  +2.213259e-04  +1.255289e-06  +3.874986e-17  +1.668995e-38  +9.989232e-71  +8.305079e-114  +9.590256e-168 
+2.198226e-178  +1.460441e-122  +1.347514e-77  +1.726715e-43  +3.072902e-20  +7.605685e-08  +8.236109e-05  +1.361637e-04  +2.230047e-04  +2.242368e-04  +3.299848e-04  +2.346337e-04  +2.536610e-05  +8.279900e-05  +5.584962e-06  +8.898773e-05  +3.300830e-04  +7.916271e-05  +3.473859e-10  +1.385060e-08  +7.802816e-08  +4.416358e-11  +3.613675e-09  +1.950880e-08  +1.067561e-05  +6.765620e-09  +5.480383e-16  +7.895789e-27  +3.403957e-48  +2.038061e-80  +1.694681e-123  +1.957028e-177 
+3.866767e-179  +2.568973e-123  +2.370331e-78  +3.037360e-44  +5.405634e-21  +1.478930e-08  +9.189599e-05  +7.228044e-05  +1.347314e-04  +1.052806e-04  +1.487083e-04  +2.354918e-05  +2.091898e-04  +8.937689e-05  +3.031644e-07  +2.316622e-07  +9.193005e-05  +5.147952e-08  +6.071520e-19  +3.092979e-23  +1.703168e-21  +2.090475e-27  +1.329972e-23  +3.374495e-22  +6.701817e-16  +2.310274e-20  +3.812080e-33  +2.248580e-47  +9.647230e-69  +5.776112e-101  +4.802934e-144  +5.546456e-198 
+9.446298e-191  +6.275858e-135  +5.790589e-90  +7.426241e-56  +3.350261e-32  +9.324464e-17  +5.950895e-12  +5.107424e-08  +8.013197e-10  +3.373992e-06  +9.983343e-05  +2.664898e-05  +3.878327e-09  +1.973774e-12  +1.000891e-17  +2.781018e-17  +4.905857e-12  +1.217489e-17  +4.877237e-31  +1.017353e-48  +5.204449e-46  +5.379390e-53  +8.296017e-49  +2.370679e-43  +5.846416e-37  +2.002405e-41  +1.067323e-56  +2.847219e-78  +3.797250e-100  +2.273485e-132  +1.890441e-175  +2.183092e-229 
+3.204891e-213  +2.129254e-157  +1.987939e-112  +5.808793e-77  +1.837560e-50  +8.438318e-35  +1.595272e-29  +1.138352e-21  +4.655716e-17  +4.300965e-06  +1.320637e-04  +3.242181e-05  +2.391253e-12  +3.858252e-30  +1.855602e-36  +2.052853e-35  +3.646101e-30  +8.993687e-36  +3.179362e-52  +9.028338e-76  +2.208765e-81  +2.231881e-88  +7.234844e-85  +2.872115e-75  +7.083125e-69  +2.425973e-73  +1.153998e-88  +2.481032e-114  +2.091431e-142  +1.242758e-174  +1.033374e-217  +1.193346e-271 
+1.510228e-246  +1.174423e-190  +2.943642e-143  +6.986615e-106  +2.310218e-79  +1.060908e-63  +3.332295e-54  +1.745198e-45  +1.678571e-23  +7.165492e-09  +1.562072e-04  +3.449667e-07  +1.591758e-14  +1.667754e-32  +2.426800e-61  +2.118895e-64  +3.763401e-59  +9.283024e-65  +3.180070e-81  +1.766115e-108  +1.301855e-127  +1.315410e-134  +8.773141e-132  +4.832534e-118  +1.191785e-111  +4.081869e-116  +1.941592e-131  +1.283730e-157  +5.137049e-193  +9.434845e-228  +7.844947e-271  +0.000000e+00 
+3.409157e-290  +2.989245e-231  +5.123623e-183  +1.219905e-145  +4.033787e-119  +1.852432e-103  +1.459589e-89  +2.573970e-56  +1.755218e-30  +1.691263e-15  +5.680620e-09  +1.532640e-11  +5.779691e-25  +1.542078e-45  +2.243442e-74  +3.037381e-104  +5.394736e-99  +1.330697e-104  +4.558543e-121  +2.168767e-148  +1.092539e-184  +1.076743e-191  +7.836142e-189  +1.129239e-171  +2.784897e-165  +9.538282e-170  +4.537004e-185  +2.997134e-211  +2.794530e-248  +1.034078e-291  +0.000000e+00  +0.000000e+00 
+0.000000e+00  +7.247096e-282  +1.242439e-233  +2.958176e-196  +9.781622e-170  +5.637151e-154  +1.689212e-110  +8.294175e-74  +5.659665e-48  +5.849431e-32  +1.036311e-23  +2.806772e-26  +1.055759e-39  +5.515214e-64  +3.280454e-98  +5.820676e-138  +1.073984e-149  +2.649152e-155  +9.075149e-172  +4.317563e-199  +2.852803e-237  +1.224055e-259  +2.063750e-253  +3.664671e-236  +9.037704e-230  +3.095417e-234  +1.472374e-249  +9.726467e-276  +8.923449e-313  +0.000000e+00  +0.000000e+00  +0.000000e+00 
+0.000000e+00  +0.000000e+00  +4.184185e-295  +9.962305e-258  +3.294176e-231  +2.138162e-186  +7.559476e-139  +3.711863e-102  +3.493517e-76  +1.351724e-57  +2.635681e-49  +7.138596e-52  +2.685163e-65  +1.402705e-89  +1.017654e-124  +1.035728e-170  +2.969365e-211  +7.324408e-217  +2.509108e-233  +1.193725e-260  +7.887277e-299  +0.000000e+00  +0.000000e+00  +1.651665e-311  +4.073288e-305  +1.395103e-309  +0.000000e+00  +0.000000e+00  +0.000000e+00  +0.000000e+00  +0.000000e+00  +0.000000e+00 
+0.000000e+00  +0.000000e+00  +0.000000e+00  +0.000000e+00  +5.220029e-284  +1.328881e-225  +4.698268e-178  +2.340508e-141  +3.415196e-113  +4.773695e-94  +9.309718e-86  +2.521485e-88  +9.484497e-102  +4.954617e-126  +3.594545e-161  +3.621726e-207  +5.067940e-264  +2.812394e-289  +9.634363e-306  +0.000000e+00  +0.000000e+00  +0.000000e+00  +0.000000e+00  +0.000000e+00  +0.000000e+00  +0.000000e+00  +0.000000e+00  +0.000000e+00  +0.000000e+00  +0.000000e+00  +0.000000e+00  +0.000000e+00 
+0.000000e+00  +0.000000e+00  +0.000000e+00  +0.000000e+00  +0.000000e+00  +1.147017e-275  +4.057546e-228  +1.848366e-190  +1.667614e-160  +2.341726e-141  +4.566864e-133  +1.236910e-135  +4.652602e-149  +2.430478e-173  +1.763297e-208  +1.776631e-254  +2.486033e-311  +0.000000e+00  +0.000000e+00  +0.000000e+00  +0.000000e+00  +0.000000e+00  +0.000000e+00  +0.000000e+00  +0.000000e+00  +0.000000e+00  +0.000000e+00  +0.000000e+00  +0.000000e+00  +0.000000e+00  +0.000000e+00  +0.000000e+00 
+0.000000e+00  +0.000000e+00  +0.000000e+00  +0.000000e+00  +0.000000e+00  +0.000000e+00  +6.404442e-289  +1.123823e-248  +1.136087e-218  +1.595349e-199  +3.111269e-191  +8.426700e-194  +3.169680e-207  +1.655813e-231  +1.201282e-266  +1.210366e-312  +0.000000e+00  +0.000000e+00  +0.000000e+00  +0.000000e+00  +0.000000e+00  +0.000000e+00  +0.000000e+00  +0.000000e+00  +0.000000e+00  +0.000000e+00  +0.000000e+00  +0.000000e+00  +0.000000e+00  +0.000000e+00  +0.000000e+00  +0.000000e+00 
