+0.000000e+00  +0.000000e+00  +0.000000e+00  +0.000000e+00  +0.000000e+00  +0.000000e+00  +0.000000e+00  +0.000000e+00  +0.000000e+00  +0.000000e+00  +0.000000e+00  +0.000000e+00  +0.000000e+00  +0.000000e+00  +0.000000e+00  +0.000000e+00  +0.000000e+00  +0.000000e+00  +0.000000e+00  +0.000000e+00  +1.923892e-320  +0.000000e+00  +0.000000e+00  +0.000000e+00  +0.000000e+00  +0.000000e+00  +0.000000e+00  +0.000000e+00  +0.000000e+00  +0.000000e+00  +0.000000e+00  +0.000000e+00 
+0.000000e+00  +0.000000e+00  +0.000000e+00  +1.073553e-296  +6.885457e-276  +6.133096e-266  +9.441164e-260  +1.391662e-249  +2.848918e-250  +8.099609e-262  +3.198057e-284  +1.753663e-317  +0.000000e+00  +0.000000e+00  +0.000000e+00  +0.000000e+00  +0.000000e+00  +2.284754e-292  +4.500931e-265  +1.231411e-248  +4.678881e-243  +2.468986e-248  +1.809395e-264  +1.841561e-291  +0.000000e+00  +0.000000e+00  +0.000000e+00  +0.000000e+00  +0.000000e+00  +0.000000e+00  +0.000000e+00  +0.000000e+00 
+0.000000e+00  +4.083776e-301  +1.357985e-258  +6.271425e-227  +4.022308e-206  +3.582798e-196  +2.126956e-192  +3.135143e-182  +6.418057e-183  +1.824684e-194  +7.204599e-217  +3.950662e-250  +3.008625e-294  +0.000000e+00  +0.000000e+00  +5.341585e-313  +5.440398e-264  +7.717113e-226  +1.520260e-198  +4.159284e-182  +1.580365e-176  +8.339387e-182  +6.111514e-198  +6.220158e-225  +8.792088e-263  +1.725920e-311  +0.000000e+00  +0.000000e+00  +0.000000e+00  +0.000000e+00  +0.000000e+00  +0.000000e+00 
+1.383717e-295  +3.313160e-242  +1.101731e-199  +5.087995e-168  +3.263291e-147  +2.906717e-137  +6.692328e-136  +9.808869e-126  +2.008007e-126  +5.708859e-138  +2.254091e-160  +1.236037e-193  +2.053917e-231  +1.508713e-260  +6.806726e-274  +1.244515e-256  +2.558265e-208  +3.620003e-170  +7.131340e-143  +1.951066e-126  +7.413286e-121  +3.911898e-126  +2.866831e-142  +2.917795e-169  +4.124254e-207  +8.096064e-256  +2.336627e-315  +0.000000e+00  +0.000000e+00  +0.000000e+00  +0.000000e+00  +0.000000e+00 
+1.559072e-247  +3.733028e-194  +1.241350e-151  +5.732780e-120  +3.676836e-99  +3.275075e-89  +7.204605e-90  +4.262049e-80  +8.724985e-81  +2.480555e-92  +9.794244e-115  +5.679519e-148  +3.028842e-171  +1.965507e-199  +4.391709e-203  +4.314950e-207  +7.390178e-163  +2.363301e-125  +4.645827e-98  +1.271052e-81  +4.829499e-76  +2.548466e-81  +1.867641e-97  +1.900842e-124  +2.686809e-162  +5.537438e-211  +5.712187e-256  +2.312795e-289  +1.236043e-312  +0.000000e+00  +0.000000e+00  +0.000000e+00 
+2.439811e-210  +5.841692e-157  +1.942512e-114  +8.970773e-83  +5.753549e-62  +5.124847e-52  +6.874371e-53  +2.571912e-45  +5.265047e-46  +1.496879e-57  +5.910341e-80  +9.562351e-102  +5.403155e-121  +1.258367e-142  +3.935200e-143  +2.730802e-147  +7.291838e-126  +8.495083e-91  +4.211022e-64  +1.149987e-47  +4.369496e-42  +2.305728e-47  +1.689751e-63  +1.719798e-90  +2.619477e-128  +1.591683e-162  +2.594937e-200  +2.489821e-220  +5.508874e-240  +9.304178e-270  +2.182384e-310  +0.000000e+00 
+5.324233e-184  +1.272812e-130  +4.228311e-88  +1.951498e-56  +1.251147e-35  +1.114165e-25  +1.652102e-26  +2.155685e-21  +4.412720e-22  +1.254966e-33  +6.141820e-52  +3.270544e-64  +1.356663e-81  +1.565951e-93  +4.897089e-94  +2.451985e-98  +6.807428e-92  +1.124779e-64  +1.890874e-40  +1.447267e-24  +5.490336e-19  +2.897179e-24  +2.123745e-40  +6.523457e-67  +8.554343e-91  +1.355122e-123  +3.173963e-142  +2.806328e-159  +3.409809e-178  +5.758976e-208  +1.350832e-248  +1.035667e-298 
+3.211369e-162  +2.018095e-113  +1.389850e-72  +6.213731e-41  +3.906164e-20  +3.435205e-10  +1.468254e-10  +2.605542e-08  +5.248424e-09  +4.275062e-19  +2.531247e-26  +9.999150e-36  +4.730904e-53  +2.706372e-55  +8.463445e-56  +3.057619e-60  +8.488860e-54  +2.760656e-49  +3.346381e-25  +8.151911e-12  +9.594021e-07  +5.127273e-12  +4.062355e-26  +8.867365e-41  +1.011455e-62  +9.539462e-86  +5.391600e-95  +2.410227e-108  +2.931131e-127  +4.950520e-157  +4.768686e-197  +4.008767e-242 
+1.136018e-145  +6.984068e-97  +5.963066e-59  +7.071794e-32  +5.737144e-15  +3.077109e-05  +1.162578e-04  +6.933379e-05  +9.818628e-06  +1.046008e-07  +3.504701e-11  +4.841383e-18  +2.294040e-35  +6.495828e-28  +2.031395e-28  +5.295260e-33  +1.470258e-26  +4.291014e-28  +1.140624e-20  +1.920375e-07  +1.115015e-04  +7.294800e-07  +1.779724e-12  +1.456199e-23  +1.660921e-45  +2.250482e-49  +1.304801e-58  +2.877405e-68  +3.499277e-87  +8.441262e-117  +2.025305e-151  +2.250584e-196 
+1.539573e-138  +3.444076e-91  +2.929586e-53  +3.473894e-26  +5.721702e-10  +1.758589e-04  +2.626052e-04  +1.492369e-04  +8.207378e-05  +4.758190e-05  +9.583873e-05  +3.256621e-11  +9.955727e-22  +2.165311e-11  +6.779107e-12  +1.275935e-16  +3.553371e-10  +4.553750e-11  +2.314687e-12  +2.352260e-08  +1.873167e-05  +3.114116e-05  +4.334591e-06  +6.277508e-17  +2.063266e-25  +7.373353e-24  +5.489745e-31  +4.770700e-39  +6.144299e-58  +1.973548e-82  +1.579111e-116  +1.754759e-161 
+1.085324e-124  +9.341845e-80  +1.127776e-45  +2.067582e-22  +9.868229e-10  +2.650480e-04  +9.765335e-05  +5.005919e-05  +1.194477e-04  +2.667245e-05  +1.002131e-04  +5.630279e-10  +1.509848e-11  +1.421495e-05  +2.487879e-05  +1.555455e-09  +1.509745e-04  +8.680919e-05  +4.057116e-05  +4.347356e-05  +1.386071e-04  +9.368878e-05  +8.618724e-05  +3.518672e-11  +5.451769e-10  +3.355152e-09  +1.254487e-12  +1.107444e-20  +3.709303e-35  +2.137006e-58  +1.709908e-92  +1.900106e-137 
+1.103736e-121  +9.490514e-77  +1.134431e-42  +1.901027e-19  +4.820532e-07  +2.672527e-04  +2.766138e-04  +1.886143e-04  +3.004977e-04  +3.375736e-05  +5.069073e-05  +1.323555e-04  +2.948997e-05  +1.262112e-04  +6.162980e-06  +8.069006e-05  +2.170148e-04  +1.029995e-04  +2.193739e-04  +1.654286e-04  +1.118405e-05  +2.312959e-04  +4.374278e-05  +3.874606e-07  +1.188769e-04  +5.675325e-05  +4.071648e-05  +1.344932e-09  +5.577954e-22  +3.213690e-45  +2.571409e-79  +2.857434e-124 
+1.559034e-129  +1.340524e-84  +1.776872e-50  +3.641089e-25  +1.035191e-09  +1.095789e-04  +1.754798e-04  +1.678598e-04  +3.823121e-04  +4.248210e-04  +2.760889e-04  +2.294768e-04  +2.091175e-04  +9.886888e-05  +1.811586e-04  +3.558688e-04  +8.636795e-05  +4.509642e-05  +2.479607e-04  +1.862875e-04  +1.752576e-04  +3.770191e-04  +1.998544e-04  +6.554289e-05  +6.030059e-05  +2.123141e-04  +1.449687e-04  +3.222565e-07  +1.200269e-19  +6.753676e-43  +5.377300e-77  +5.969349e-122 
+4.179956e-134  +1.424219e-88  +6.751547e-54  +1.334735e-29  +2.743957e-13  +1.206643e-07  +5.362442e-05  +4.000179e-04  +1.165394e-04  +1.287576e-04  +3.386232e-04  +2.157517e-04  +2.849862e-04  +2.393139e-04  +1.012488e-04  +3.851430e-04  +1.735250e-04  +5.040362e-05  +2.131950e-04  +1.036881e-04  +3.674676e-04  +1.653345e-04  +8.550677e-05  +7.232543e-05  +2.041868e-04  +2.472189e-04  +1.854285e-04  +1.223235e-08  +6.424313e-22  +6.545789e-46  +9.504461e-81  +1.944097e-126 
+7.619107e-125  +2.658201e-79  +1.303425e-44  +9.024488e-21  +8.887211e-08  +8.060482e-05  +1.526785e-04  +3.127011e-04  +3.049862e-04  +2.980705e-04  +4.721881e-04  +1.948208e-04  +2.680854e-04  +1.084469e-04  +6.020220e-05  +2.115242e-04  +2.989088e-04  +1.022793e-04  +1.031572e-04  +6.392533e-05  +3.676577e-04  +3.478937e-04  +2.509353e-04  +3.886027e-04  +1.262305e-04  +3.223010e-04  +3.859572e-05  +4.513585e-08  +2.011007e-21  +1.488692e-45  +1.744478e-80  +3.056667e-126 
+2.842901e-126  +1.155346e-80  +6.796310e-46  +5.779995e-22  +7.644513e-09  +2.336787e-04  +1.473142e-05  +2.007369e-04  +3.634881e-04  +4.678662e-04  +1.498910e-04  +2.377724e-04  +3.507867e-04  +1.197261e-04  +1.376921e-04  +2.731017e-04  +1.488917e-04  +1.539496e-04  +1.406042e-04  +2.631194e-04  +4.205674e-05  +2.274729e-04  +2.182348e-04  +1.241353e-05  +2.252546e-04  +3.247568e-04  +8.991130e-06  +5.966636e-16  +5.886773e-31  +2.651099e-55  +1.856434e-90  +2.137032e-136 
+4.811724e-138  +2.360569e-92  +1.631450e-57  +4.609241e-33  +2.470374e-14  +9.732855e-06  +1.946892e-05  +1.585926e-04  +7.054858e-05  +5.029991e-04  +2.375632e-04  +1.054175e-04  +3.779577e-04  +2.179900e-04  +5.340635e-06  +1.140408e-06  +4.590875e-05  +4.947421e-05  +9.478182e-06  +2.399663e-04  +9.542090e-05  +1.090099e-04  +2.236018e-04  +3.922343e-05  +3.112732e-04  +1.141796e-04  +3.363824e-07  +4.084127e-17  +6.886615e-38  +1.612690e-69  +1.216811e-110  +9.452668e-157 
+2.279885e-160  +2.700387e-114  +1.930193e-73  +3.411172e-43  +1.049637e-23  +2.339718e-12  +3.570219e-11  +5.805104e-08  +8.964617e-05  +7.950601e-05  +1.502963e-05  +4.989721e-05  +2.440843e-05  +1.180834e-05  +1.134760e-04  +2.261971e-04  +1.393564e-04  +9.967663e-05  +1.110608e-04  +1.231024e-04  +1.846124e-04  +1.750420e-04  +3.731800e-05  +2.246321e-04  +2.440557e-05  +1.988525e-08  +1.429378e-16  +1.470743e-28  +2.479953e-49  +5.807484e-81  +1.888733e-123  +8.530828e-177 
+7.804357e-187  +7.150447e-135  +9.099655e-94  +2.296369e-63  +5.455240e-41  +5.993863e-29  +9.890828e-28  +1.398706e-14  +8.464649e-08  +3.130723e-08  +5.859365e-06  +2.386789e-04  +2.155139e-04  +7.106089e-05  +1.164357e-04  +8.913187e-06  +8.078235e-05  +4.343610e-05  +2.147946e-04  +8.049862e-05  +3.729078e-05  +1.113552e-04  +1.606556e-04  +6.043532e-05  +1.241914e-10  +7.765978e-22  +1.066094e-30  +1.128864e-49  +1.240278e-71  +2.904448e-103  +9.445964e-146  +4.266452e-199 
+5.109107e-218  +4.682075e-166  +1.025868e-124  +2.453736e-91  +1.941828e-68  +2.135098e-56  +6.577570e-46  +2.305547e-28  +4.955076e-19  +8.700226e-07  +2.036480e-04  +8.308073e-05  +3.426334e-05  +1.800331e-04  +7.613305e-05  +1.353692e-04  +3.825791e-04  +4.235662e-05  +1.289906e-04  +1.430092e-04  +1.634671e-05  +1.209626e-04  +1.099357e-04  +1.266986e-04  +2.820704e-07  +4.425022e-19  +4.166994e-39  +5.716145e-70  +2.377676e-104  +2.017331e-136  +6.560846e-179  +2.963333e-232 
+4.646809e-260  +9.441063e-208  +2.128971e-163  +1.213362e-129  +9.606379e-107  +1.056310e-94  +1.505554e-70  +1.539953e-48  +1.947994e-25  +4.812557e-13  +4.407135e-09  +3.325457e-08  +3.438530e-05  +1.610329e-04  +1.614842e-04  +8.575590e-05  +1.916214e-06  +4.707039e-05  +2.176000e-05  +2.749017e-04  +1.414951e-04  +2.241758e-04  +5.730030e-05  +4.992760e-05  +2.905539e-05  +2.176991e-14  +3.234220e-34  +1.780204e-64  +2.627900e-105  +6.138452e-157  +2.023989e-219  +2.858459e-276 
+1.791816e-312  +3.563022e-257  +1.462333e-212  +8.336380e-179  +6.600042e-156  +1.896533e-134  +9.284826e-100  +8.453661e-66  +1.103859e-42  +5.561279e-29  +5.588079e-23  +2.737758e-20  +1.173999e-07  +4.401711e-05  +2.395254e-04  +1.890337e-04  +3.693613e-05  +1.597142e-04  +3.261679e-04  +4.048156e-04  +2.080662e-04  +2.156074e-04  +2.853891e-04  +6.511170e-05  +1.521501e-05  +9.589226e-14  +8.513762e-33  +1.049779e-62  +1.797679e-103  +4.275279e-155  +1.412065e-217  +6.477134e-291 
+0.000000e+00  +3.399210e-317  +1.395312e-272  +7.954309e-239  +6.298011e-216  +1.079769e-172  +7.078627e-128  +6.461656e-94  +2.689324e-70  +2.879626e-55  +6.003725e-46  +8.823666e-22  +2.002392e-08  +1.819686e-04  +1.554871e-04  +1.691777e-05  +2.215341e-04  +4.707314e-05  +1.465501e-04  +1.698516e-04  +1.994904e-05  +1.501135e-04  +2.281860e-04  +5.396819e-05  +1.086493e-05  +6.166741e-16  +4.864693e-37  +5.339606e-69  +9.851481e-112  +4.316055e-164  +1.369444e-226  +6.279347e-300 
+0.000000e+00  +0.000000e+00  +0.000000e+00  +1.054060e-309  +2.421942e-267  +1.143255e-211  +7.496382e-167  +8.084743e-133  +1.402880e-107  +5.347598e-91  +5.775643e-56  +1.096658e-31  +1.200161e-15  +1.051512e-09  +4.309641e-09  +2.462765e-08  +1.318778e-04  +1.179120e-04  +1.199736e-04  +3.688293e-04  +3.360512e-04  +1.597648e-04  +1.240403e-04  +3.648859e-05  +7.557517e-07  +2.618188e-18  +1.527262e-40  +1.916186e-73  +1.293728e-116  +2.486756e-170  +7.245362e-235  +2.951338e-310 
+0.000000e+00  +0.000000e+00  +0.000000e+00  +0.000000e+00  +3.561344e-317  +1.681126e-261  +1.118437e-216  +1.403099e-181  +1.449412e-155  +7.306221e-112  +5.607672e-76  +2.179627e-48  +1.378247e-31  +1.216912e-25  +3.089856e-24  +2.493984e-16  +1.358041e-09  +2.490581e-05  +1.306620e-04  +1.731238e-04  +2.742928e-05  +1.560234e-04  +1.915982e-04  +9.826181e-05  +5.494418e-08  +7.057928e-20  +3.999374e-42  +3.158034e-75  +3.463233e-119  +5.274539e-174  +1.115643e-239  +3.277209e-316 
+0.000000e+00  +0.000000e+00  +0.000000e+00  +0.000000e+00  +0.000000e+00  +3.458460e-322  +4.598415e-277  +1.871056e-240  +1.874648e-189  +2.350946e-141  +7.660824e-103  +3.488276e-75  +2.205896e-58  +2.002033e-52  +2.244228e-49  +1.315879e-34  +1.985805e-21  +1.353173e-08  +1.418270e-04  +1.293898e-04  +1.221437e-04  +1.087116e-04  +9.899609e-05  +1.453414e-04  +2.547915e-09  +7.347723e-25  +3.058361e-51  +1.521900e-87  +1.322858e-131  +2.014311e-186  +4.260565e-252  +0.000000e+00 
+0.000000e+00  +0.000000e+00  +0.000000e+00  +0.000000e+00  +0.000000e+00  +0.000000e+00  +0.000000e+00  +2.128192e-288  +2.200434e-228  +5.193649e-179  +1.702828e-140  +7.753668e-113  +4.903220e-96  +5.204129e-90  +1.006271e-78  +1.502720e-53  +1.100011e-26  +2.786022e-10  +1.320578e-04  +1.084786e-06  +5.178797e-08  +9.393976e-09  +1.224739e-10  +3.785989e-09  +4.473846e-15  +1.287130e-30  +5.145511e-57  +2.856752e-94  +2.202696e-142  +2.358710e-201  +3.508008e-271  +0.000000e+00 
+0.000000e+00  +0.000000e+00  +0.000000e+00  +0.000000e+00  +0.000000e+00  +0.000000e+00  +0.000000e+00  +0.000000e+00  +6.791200e-277  +1.603271e-227  +5.256604e-189  +2.393545e-161  +1.513616e-144  +3.059174e-138  +1.850502e-98  +3.298152e-60  +8.163823e-33  +2.809985e-16  +9.102538e-08  +3.230804e-07  +1.595548e-17  +1.577813e-23  +2.530105e-25  +7.955774e-24  +1.141946e-31  +3.137409e-47  +1.254228e-73  +6.963388e-111  +5.369114e-159  +5.749400e-218  +8.550282e-288  +0.000000e+00 
+0.000000e+00  +0.000000e+00  +0.000000e+00  +0.000000e+00  +0.000000e+00  +0.000000e+00  +0.000000e+00  +0.000000e+00  +0.000000e+00  +6.873520e-287  +2.253604e-248  +1.026157e-220  +6.489154e-204  +2.114526e-164  +2.713692e-115  +4.836666e-77  +1.198527e-49  +2.435906e-30  +6.224092e-19  +2.212401e-18  +1.092168e-28  +5.039844e-49  +7.834342e-51  +2.458854e-49  +1.977378e-58  +1.062224e-74  +4.245830e-101  +2.357255e-138  +1.817559e-186  +1.946294e-245  +2.894453e-315  +0.000000e+00 
+0.000000e+00  +0.000000e+00  +0.000000e+00  +0.000000e+00  +0.000000e+00  +0.000000e+00  +0.000000e+00  +0.000000e+00  +0.000000e+00  +0.000000e+00  +1.341798e-318  +6.109759e-291  +4.660338e-252  +4.306525e-192  +5.526810e-143  +9.859995e-105  +1.257327e-74  +2.312689e-52  +5.919256e-41  +2.104045e-40  +1.038678e-50  +7.121057e-72  +3.383518e-87  +1.056092e-85  +6.925615e-95  +5.055976e-113  +1.996120e-139  +1.108232e-176  +8.545010e-225  +9.150240e-284  +0.000000e+00  +0.000000e+00 
+0.000000e+00  +0.000000e+00  +0.000000e+00  +0.000000e+00  +0.000000e+00  +0.000000e+00  +0.000000e+00  +0.000000e+00  +0.000000e+00  +0.000000e+00  +0.000000e+00  +0.000000e+00  +1.318164e-290  +1.218089e-230  +1.564550e-181  +1.251781e-140  +1.657427e-107  +3.054544e-85  +7.818011e-74  +2.778972e-73  +1.371860e-83  +9.405320e-105  +2.042053e-134  +6.299586e-133  +4.120893e-142  +7.003745e-162  +1.303359e-188  +7.235898e-226  +5.579232e-274  +0.000000e+00  +0.000000e+00  +0.000000e+00 
+0.000000e+00  +0.000000e+00  +0.000000e+00  +0.000000e+00  +0.000000e+00  +0.000000e+00  +0.000000e+00  +0.000000e+00  +0.000000e+00  +0.000000e+00  +0.000000e+00  +0.000000e+00  +0.000000e+00  +4.788339e-280  +2.403823e-228  +2.291013e-184  +3.040196e-151  +5.602908e-129  +1.434047e-117  +5.097429e-117  +2.516384e-127  +1.725205e-148  +1.642640e-180  +5.218674e-191  +3.413718e-200  +3.130785e-220  +1.185724e-248  +6.561337e-286  +0.000000e+00  +0.000000e+00  +0.000000e+00  +0.000000e+00 
