+0.000000e+00  +0.000000e+00  +0.000000e+00  +0.000000e+00  +0.000000e+00  +0.000000e+00  +0.000000e+00  +0.000000e+00  +0.000000e+00  +5.039688e-288  +3.943862e-245  +1.194574e-208  +5.050528e-183  +2.965504e-168  +2.418245e-164  +2.664786e-166  +8.833857e-174  +7.824126e-178  +6.000158e-167  +7.855419e-161  +1.593035e-165  +2.134364e-174  +6.148292e-182  +1.322171e-194  +1.788176e-213  +3.358704e-243  +8.761352e-284  +0.000000e+00  +0.000000e+00  +0.000000e+00  +0.000000e+00  +0.000000e+00 
+0.000000e+00  +0.000000e+00  +0.000000e+00  +0.000000e+00  +0.000000e+00  +0.000000e+00  +0.000000e+00  +0.000000e+00  +2.240642e-281  +6.364201e-230  +2.521441e-189  +3.342979e-155  +1.413317e-129  +8.298533e-115  +6.767147e-111  +1.705247e-112  +5.842688e-120  +8.125079e-124  +9.698290e-114  +5.081547e-108  +1.030534e-112  +3.838878e-119  +1.109083e-126  +3.183474e-137  +4.305513e-156  +8.086979e-186  +2.109530e-226  +7.642282e-278  +0.000000e+00  +0.000000e+00  +0.000000e+00  +0.000000e+00 
+0.000000e+00  +0.000000e+00  +0.000000e+00  +0.000000e+00  +0.000000e+00  +0.000000e+00  +0.000000e+00  +1.921465e-296  +3.929760e-234  +1.116188e-182  +4.402983e-142  +3.711236e-112  +5.492632e-87  +3.225092e-72  +2.629979e-68  +1.552887e-69  +5.619563e-77  +1.173440e-80  +8.992755e-71  +4.565222e-66  +9.283768e-71  +9.589123e-75  +3.855335e-82  +1.064520e-90  +1.439718e-109  +2.704200e-139  +7.054045e-180  +2.555510e-231  +1.404077e-293  +0.000000e+00  +0.000000e+00  +0.000000e+00 
+0.000000e+00  +0.000000e+00  +0.000000e+00  +0.000000e+00  +0.000000e+00  +0.000000e+00  +2.070361e-317  +4.692973e-260  +9.571888e-198  +2.718749e-146  +1.072454e-105  +5.875314e-76  +3.009252e-55  +1.740687e-40  +1.419531e-36  +2.045795e-37  +8.042238e-45  +2.356606e-48  +1.691663e-38  +5.696215e-35  +1.512570e-39  +3.326545e-41  +5.172258e-47  +4.943612e-55  +6.686023e-74  +1.255826e-103  +3.278963e-144  +2.310591e-194  +2.168063e-252  +2.979216e-321  +0.000000e+00  +0.000000e+00 
+0.000000e+00  +0.000000e+00  +0.000000e+00  +0.000000e+00  +0.000000e+00  +3.569797e-318  +1.495645e-262  +9.042866e-212  +7.620487e-168  +9.196840e-121  +3.627839e-80  +1.987446e-50  +1.514323e-31  +1.304940e-19  +1.064133e-15  +3.985779e-16  +1.892256e-23  +6.587373e-27  +4.571576e-17  +9.878458e-15  +7.081216e-18  +1.603289e-18  +3.274526e-22  +3.188400e-30  +4.312215e-49  +9.626377e-79  +7.832405e-116  +5.576827e-163  +5.516129e-221  +7.577388e-290  +0.000000e+00  +0.000000e+00 
+0.000000e+00  +0.000000e+00  +0.000000e+00  +0.000000e+00  +4.021420e-290  +3.871917e-249  +2.825559e-217  +1.172752e-167  +7.655331e-128  +8.766145e-95  +1.704337e-65  +9.336905e-36  +7.103760e-17  +8.864340e-09  +1.108211e-05  +1.188484e-05  +5.304969e-11  +6.980090e-12  +1.724200e-06  +2.505110e-05  +1.840404e-06  +1.117073e-06  +2.932609e-08  +2.861370e-16  +1.499708e-33  +5.395217e-59  +2.766812e-95  +1.970556e-142  +1.949109e-200  +2.677449e-269  +0.000000e+00  +0.000000e+00 
+0.000000e+00  +0.000000e+00  +0.000000e+00  +8.737702e-284  +6.057673e-232  +5.832469e-191  +7.798964e-161  +3.020629e-133  +1.773626e-94  +1.257671e-65  +1.945042e-43  +1.091852e-31  +4.703527e-13  +4.958993e-05  +4.845438e-05  +2.689183e-04  +7.668492e-05  +1.072474e-04  +2.035309e-04  +1.341578e-04  +1.914435e-04  +1.304090e-04  +5.058242e-05  +2.696972e-09  +7.169924e-24  +2.647573e-49  +1.357748e-85  +9.670043e-133  +9.564794e-191  +1.313895e-259  +0.000000e+00  +0.000000e+00 
+0.000000e+00  +0.000000e+00  +3.661769e-299  +1.827938e-236  +1.267273e-184  +1.220160e-143  +1.631553e-113  +3.029868e-94  +6.344509e-71  +5.173630e-43  +4.015707e-25  +8.323868e-14  +3.984900e-13  +2.689397e-05  +4.277183e-04  +2.416423e-04  +4.242989e-04  +4.788985e-04  +3.147309e-04  +1.665391e-04  +3.058164e-04  +1.109257e-04  +9.003716e-05  +1.897184e-10  +4.886491e-25  +1.804369e-50  +9.253302e-87  +6.590312e-134  +1.013602e-185  +1.401018e-222  +2.689419e-270  +0.000000e+00 
+0.000000e+00  +0.000000e+00  +1.063881e-262  +5.310848e-200  +3.681904e-148  +3.545023e-107  +4.740275e-77  +8.802905e-58  +2.270317e-49  +2.570245e-30  +2.910756e-13  +2.496276e-06  +7.047966e-06  +7.896359e-05  +2.160318e-04  +1.805239e-04  +3.894243e-04  +3.941702e-04  +3.708872e-04  +1.450335e-04  +1.810189e-04  +4.319484e-05  +2.924353e-08  +1.939132e-16  +5.421538e-30  +1.488078e-50  +5.694745e-82  +7.025555e-111  +6.992289e-137  +9.664871e-174  +1.855285e-221  +4.946105e-280 
+0.000000e+00  +1.194265e-310  +4.292728e-237  +2.142911e-174  +1.485637e-122  +1.430406e-81  +1.912686e-51  +3.551945e-32  +9.160658e-24  +4.515110e-23  +2.920586e-11  +3.353264e-05  +2.408983e-04  +1.730028e-04  +8.461342e-05  +2.782492e-04  +5.360928e-04  +2.212018e-04  +6.219403e-04  +3.745370e-04  +2.009939e-04  +1.025485e-04  +4.265754e-08  +9.137675e-08  +1.825326e-17  +3.229910e-37  +9.392259e-58  +6.730864e-73  +6.698994e-99  +9.259473e-136  +1.777464e-183  +4.738638e-242 
+0.000000e+00  +6.692354e-296  +2.405535e-222  +1.200832e-159  +8.325127e-108  +8.015626e-67  +1.071820e-36  +1.990419e-17  +5.133409e-09  +1.331650e-10  +3.376461e-06  +2.933633e-05  +2.223268e-04  +7.654858e-05  +1.830533e-04  +5.288289e-04  +2.349738e-04  +3.002514e-04  +2.749930e-04  +2.219204e-04  +2.539865e-04  +2.672645e-04  +1.909650e-04  +6.807572e-05  +6.484633e-12  +2.422705e-26  +1.249678e-30  +8.955689e-46  +8.913284e-72  +1.232011e-108  +2.364989e-156  +6.304951e-215 
+0.000000e+00  +5.208289e-292  +1.872094e-218  +9.345411e-156  +6.478986e-104  +6.238118e-63  +8.341384e-33  +1.549033e-13  +4.001656e-05  +6.257464e-05  +2.750833e-05  +1.326903e-04  +2.036880e-04  +1.739814e-04  +2.879022e-04  +5.219294e-04  +1.547765e-04  +1.448129e-04  +1.707742e-04  +2.172860e-04  +1.926013e-04  +3.533162e-04  +1.868620e-04  +5.823555e-05  +5.966196e-10  +4.475102e-10  +2.309215e-14  +1.654875e-29  +1.647039e-55  +2.276568e-92  +4.370139e-140  +1.165059e-198 
+0.000000e+00  +5.629232e-299  +2.023400e-225  +1.010072e-162  +7.002629e-111  +6.742294e-70  +9.015550e-40  +1.674237e-20  +9.501232e-12  +4.448009e-09  +4.443124e-06  +7.063979e-10  +2.044885e-05  +1.218090e-04  +4.448248e-04  +2.854327e-04  +2.067605e-04  +2.400246e-04  +3.216919e-04  +3.349735e-04  +7.189264e-05  +2.522483e-04  +8.672386e-05  +1.395480e-04  +1.322576e-04  +1.153018e-04  +5.926093e-09  +4.246873e-24  +4.226764e-50  +5.842311e-87  +1.121500e-134  +2.989867e-193 
+0.000000e+00  +8.449698e-317  +3.037204e-243  +1.516158e-180  +1.051122e-128  +1.012045e-87  +1.353269e-57  +2.522246e-38  +5.645348e-27  +1.168457e-22  +3.674302e-17  +1.890793e-17  +2.156688e-07  +1.408262e-04  +1.436575e-04  +1.692433e-04  +4.549811e-04  +7.464302e-05  +1.027927e-04  +6.952932e-05  +5.675806e-05  +3.733988e-06  +9.323533e-12  +4.034857e-09  +1.362327e-07  +1.695080e-07  +2.112373e-14  +1.513600e-29  +1.506434e-55  +2.082220e-92  +3.997066e-140  +1.065599e-198 
+0.000000e+00  +0.000000e+00  +6.331461e-272  +3.160637e-209  +2.191206e-157  +2.109744e-116  +2.821104e-86  +1.908315e-66  +8.747390e-53  +2.860010e-36  +6.649124e-17  +2.146924e-08  +2.130708e-05  +1.936551e-04  +1.077214e-04  +3.020128e-04  +5.623093e-04  +2.535973e-04  +1.059631e-04  +1.018713e-04  +1.581502e-05  +1.664355e-08  +6.831930e-19  +2.507513e-24  +6.956116e-19  +8.669369e-19  +1.605077e-29  +7.491924e-46  +7.456414e-72  +1.030639e-108  +1.978433e-156  +5.274411e-215 
+0.000000e+00  +1.230323e-312  +1.582947e-245  +2.828469e-189  +7.018987e-144  +2.704092e-109  +1.378672e-72  +9.259148e-46  +9.075151e-30  +1.614860e-20  +1.011683e-12  +3.660297e-05  +9.399637e-05  +5.050451e-05  +2.246314e-04  +4.380735e-04  +2.462968e-04  +2.925445e-04  +2.116624e-04  +1.193922e-04  +8.809968e-10  +4.816108e-21  +4.505670e-32  +2.362982e-50  +4.952812e-41  +6.172663e-41  +1.068394e-51  +7.718217e-73  +5.125639e-99  +7.084752e-136  +1.360001e-183  +3.625700e-242 
+0.000000e+00  +2.735921e-280  +3.520066e-213  +6.289786e-157  +1.560842e-111  +5.379228e-77  +2.575039e-53  +2.584623e-30  +2.410830e-14  +4.716038e-08  +2.548558e-08  +8.553252e-05  +2.461204e-04  +2.239890e-04  +1.588248e-04  +7.642133e-05  +1.753106e-04  +2.027023e-04  +7.526400e-05  +1.581560e-04  +1.619600e-09  +1.864223e-23  +3.866211e-44  +1.163724e-75  +4.897505e-74  +6.103733e-74  +1.056463e-84  +2.539564e-106  +4.978101e-137  +6.763641e-174  +1.298360e-221  +3.461368e-280 
+0.000000e+00  +8.449441e-259  +1.087110e-191  +1.942488e-135  +4.820381e-90  +1.661278e-55  +7.951358e-32  +5.285406e-19  +9.345669e-10  +1.232266e-04  +2.557334e-04  +1.093926e-04  +7.616421e-05  +1.798816e-04  +4.439243e-04  +1.626098e-04  +1.158354e-04  +8.326218e-05  +1.305905e-04  +1.019666e-04  +9.057077e-06  +1.384512e-15  +2.939979e-36  +8.670214e-68  +3.551022e-110  +8.382171e-118  +1.450826e-128  +3.487481e-150  +1.164899e-182  +8.972959e-223  +1.721429e-270  +0.000000e+00 
+1.343328e-292  +1.820768e-228  +8.292764e-172  +1.161997e-124  +2.112130e-79  +7.141222e-45  +3.411161e-21  +2.266987e-08  +3.610175e-06  +6.088340e-05  +1.034578e-04  +1.728692e-05  +8.106431e-05  +9.580357e-05  +1.315680e-05  +6.997886e-06  +1.597239e-04  +2.214203e-04  +2.035926e-04  +1.869559e-04  +4.171477e-07  +2.092258e-18  +3.454675e-39  +2.770860e-63  +2.736714e-94  +5.758449e-136  +2.767048e-183  +6.651364e-205  +2.220472e-237  +1.045992e-280  +0.000000e+00  +0.000000e+00 
+4.417318e-260  +3.962318e-196  +4.939255e-143  +5.982255e-100  +1.331860e-64  +5.248674e-40  +2.206091e-18  +1.530131e-06  +1.367075e-04  +8.809363e-05  +1.300484e-04  +4.187386e-05  +1.232680e-04  +1.219899e-04  +1.553618e-04  +7.600584e-05  +1.654399e-04  +1.719465e-04  +1.751245e-04  +1.163381e-04  +9.813308e-08  +7.235900e-12  +1.068841e-23  +9.945515e-44  +1.506985e-74  +3.171388e-116  +9.268891e-169  +3.762220e-232  +5.883540e-303  +0.000000e+00  +0.000000e+00  +0.000000e+00 
+1.253309e-232  +1.120680e-172  +2.267777e-121  +3.900519e-79  +9.433962e-48  +2.237773e-25  +1.105283e-11  +1.169192e-08  +1.426952e-07  +2.899779e-05  +1.325119e-04  +2.141591e-04  +2.874343e-04  +1.588185e-04  +1.154194e-05  +6.228983e-05  +1.071561e-04  +1.757087e-04  +1.114422e-04  +9.071062e-05  +1.506791e-04  +9.368503e-06  +6.971569e-15  +7.606561e-35  +1.152632e-65  +2.425668e-107  +7.089403e-160  +2.877571e-223  +1.622110e-297  +0.000000e+00  +0.000000e+00  +0.000000e+00 
+5.058378e-212  +4.450062e-152  +5.436994e-103  +9.227966e-65  +8.118275e-37  +1.983823e-16  +9.899352e-07  +5.143859e-05  +6.042021e-05  +1.469159e-04  +1.644925e-04  +2.472461e-05  +1.514340e-04  +1.977387e-04  +6.626226e-07  +1.216137e-04  +1.679383e-04  +2.030709e-04  +8.368611e-05  +2.693576e-04  +1.227160e-04  +9.580023e-08  +7.405337e-17  +8.095619e-37  +1.790831e-66  +2.465836e-104  +5.061255e-153  +1.442763e-212  +5.711754e-283  +0.000000e+00  +0.000000e+00  +0.000000e+00 
+2.835326e-202  +2.494352e-142  +3.047548e-93  +5.171079e-55  +1.218568e-27  +3.988052e-11  +2.450820e-05  +3.743084e-05  +2.158593e-10  +6.888653e-05  +1.507528e-04  +3.006859e-04  +2.832968e-04  +7.156535e-05  +1.606671e-04  +2.161474e-04  +1.004236e-04  +3.879624e-04  +3.181251e-04  +2.226538e-05  +4.957868e-05  +3.175017e-06  +1.084531e-11  +8.310492e-28  +8.844016e-55  +1.307104e-92  +2.682927e-141  +7.647959e-201  +3.027751e-271  +0.000000e+00  +0.000000e+00  +0.000000e+00 
+2.207529e-203  +1.944547e-143  +2.401879e-94  +4.454068e-56  +1.813802e-28  +2.790540e-11  +1.500361e-04  +1.895862e-04  +6.503491e-07  +1.914843e-04  +8.092335e-05  +1.392503e-04  +8.312182e-05  +9.599936e-05  +2.397361e-05  +1.406568e-04  +1.196003e-04  +1.938135e-04  +1.253563e-05  +1.063168e-04  +2.652381e-05  +9.657156e-05  +8.288795e-11  +6.119661e-27  +6.510868e-54  +9.622742e-92  +1.975138e-140  +5.630334e-200  +2.228993e-270  +0.000000e+00  +0.000000e+00  +0.000000e+00 
+3.150486e-211  +2.371449e-150  +2.479217e-100  +3.599782e-61  +7.266772e-33  +2.088758e-15  +6.857108e-07  +7.464326e-05  +1.108276e-04  +2.253056e-04  +2.308769e-04  +1.644889e-04  +2.368170e-04  +2.403486e-05  +1.358316e-04  +9.573029e-05  +1.577534e-04  +3.093574e-04  +1.485942e-04  +9.721339e-05  +6.287863e-06  +1.430905e-05  +2.504842e-15  +4.625644e-35  +8.925187e-64  +9.860719e-102  +2.019439e-150  +5.756530e-210  +2.278953e-280  +0.000000e+00  +0.000000e+00  +0.000000e+00 
+3.674110e-226  +2.765779e-165  +2.891490e-115  +4.198421e-76  +8.620842e-48  +1.077379e-25  +1.167716e-12  +6.293902e-08  +3.268458e-05  +2.360284e-05  +2.222441e-04  +1.493816e-05  +2.755115e-04  +1.844262e-05  +1.652670e-04  +1.217139e-04  +1.900346e-04  +2.455126e-04  +1.847778e-04  +5.855209e-08  +5.661353e-05  +8.898889e-06  +1.610565e-14  +4.100120e-34  +1.454014e-64  +7.170769e-106  +4.914300e-158  +4.678551e-221  +6.186581e-295  +0.000000e+00  +0.000000e+00  +0.000000e+00 
+5.951105e-252  +4.479845e-191  +4.683499e-141  +1.450203e-100  +7.796072e-66  +6.107765e-42  +7.680638e-29  +3.494483e-16  +1.221119e-12  +2.575453e-05  +2.170717e-04  +6.389975e-05  +1.934123e-04  +1.565325e-05  +1.705250e-04  +9.653756e-05  +2.904892e-04  +2.552222e-04  +1.471040e-04  +6.404179e-05  +1.076102e-04  +6.713852e-06  +5.124218e-15  +5.817365e-35  +9.172127e-66  +2.008407e-107  +6.107613e-160  +2.579463e-223  +1.512951e-297  +0.000000e+00  +0.000000e+00  +0.000000e+00 
+1.338693e-288  +1.016932e-227  +2.689969e-173  +1.092612e-127  +6.163671e-93  +4.829303e-69  +9.033198e-49  +6.569076e-31  +3.706911e-13  +3.030816e-06  +6.013216e-05  +6.090433e-05  +5.274562e-05  +1.571152e-04  +9.023046e-05  +7.910836e-06  +1.525899e-04  +9.595824e-06  +2.171844e-05  +2.479159e-06  +5.426795e-07  +4.110651e-11  +6.346701e-24  +2.627396e-44  +4.140861e-75  +9.067182e-117  +2.757351e-169  +1.164527e-232  +6.830386e-307  +0.000000e+00  +0.000000e+00  +0.000000e+00 
+0.000000e+00  +1.009809e-267  +2.953502e-211  +1.199701e-165  +6.767786e-131  +4.504299e-103  +9.188130e-71  +3.733115e-42  +2.106531e-24  +5.927198e-15  +7.668602e-12  +2.509570e-12  +3.686889e-13  +5.153060e-10  +1.272646e-06  +5.199558e-07  +9.420488e-06  +2.474312e-08  +4.402864e-14  +7.090220e-17  +2.684884e-18  +3.994846e-25  +4.560125e-39  +7.292939e-63  +2.622993e-95  +5.685018e-137  +1.728823e-189  +7.301433e-253  +0.000000e+00  +0.000000e+00  +0.000000e+00  +0.000000e+00 
+0.000000e+00  +1.539872e-316  +4.503833e-260  +1.829440e-214  +5.364188e-179  +2.478827e-132  +7.251913e-93  +2.946435e-64  +2.794247e-46  +1.057218e-32  +1.371651e-29  +1.437007e-30  +8.558389e-32  +9.430262e-26  +3.870533e-18  +2.623532e-16  +1.381251e-15  +6.990142e-19  +1.006500e-31  +1.543435e-36  +4.586216e-40  +1.033432e-49  +5.324740e-64  +9.975883e-89  +2.436564e-123  +6.224529e-168  +1.505476e-220  +6.357766e-284  +0.000000e+00  +0.000000e+00  +0.000000e+00  +0.000000e+00 
+0.000000e+00  +0.000000e+00  +9.537937e-320  +3.890907e-274  +1.289856e-215  +2.717125e-165  +7.949063e-126  +3.233864e-97  +2.811364e-75  +2.626213e-61  +3.407287e-58  +1.142796e-59  +8.875578e-61  +1.570148e-48  +1.635505e-40  +1.845278e-36  +8.826485e-36  +2.757918e-40  +3.943513e-53  +6.034501e-67  +1.170661e-72  +9.869465e-84  +1.783403e-99  +1.374894e-124  +4.298278e-160  +1.605662e-205  +1.353858e-261  +0.000000e+00  +0.000000e+00  +0.000000e+00  +0.000000e+00  +0.000000e+00 
+0.000000e+00  +0.000000e+00  +0.000000e+00  +1.294452e-320  +1.963553e-259  +4.136290e-209  +1.210092e-169  +1.490913e-139  +9.698223e-115  +9.060101e-101  +1.175471e-97  +1.262168e-99  +1.193159e-98  +9.213691e-82  +9.597838e-74  +1.802537e-67  +8.585478e-67  +1.515416e-72  +2.172661e-85  +3.714064e-108  +4.166750e-116  +3.281068e-127  +8.642872e-146  +6.304712e-171  +6.880436e-207  +3.640593e-253  +2.044672e-309  +0.000000e+00  +0.000000e+00  +0.000000e+00  +0.000000e+00  +0.000000e+00 
