+0.000000e+00  +0.000000e+00  +0.000000e+00  +0.000000e+00  +3.550836e-281  +3.647692e-232  +5.204076e-194  +1.041155e-166  +2.936581e-142  +1.688776e-118  +4.607083e-104  +6.637296e-99  +7.084593e-94  +1.078576e-99  +2.280470e-116  +6.696319e-144  +6.133292e-170  +1.234805e-199  +3.452559e-240  +1.340669e-291  +0.000000e+00  +0.000000e+00  +0.000000e+00  +0.000000e+00  +0.000000e+00  +0.000000e+00  +0.000000e+00  +0.000000e+00  +0.000000e+00  +0.000000e+00  +0.000000e+00  +0.000000e+00 
+0.000000e+00  +0.000000e+00  +0.000000e+00  +2.546046e-291  +1.883284e-231  +1.934655e-182  +2.760126e-144  +5.468806e-117  +3.165743e-97  +2.456151e-78  +6.695940e-64  +5.095887e-60  +2.805211e-55  +4.270722e-61  +9.029736e-78  +9.592521e-102  +1.388645e-120  +2.795734e-150  +7.816972e-191  +3.035423e-242  +1.636959e-304  +0.000000e+00  +0.000000e+00  +0.000000e+00  +0.000000e+00  +0.000000e+00  +0.000000e+00  +0.000000e+00  +0.000000e+00  +0.000000e+00  +0.000000e+00  +0.000000e+00 
+0.000000e+00  +0.000000e+00  +3.458460e-323  +1.875381e-252  +1.387200e-192  +1.425039e-143  +2.033069e-105  +4.028243e-78  +1.157587e-61  +2.338429e-47  +1.351559e-34  +5.261407e-31  +1.542605e-27  +2.348499e-33  +5.028212e-50  +3.012045e-63  +4.366431e-82  +8.790859e-112  +2.457955e-152  +9.544532e-204  +5.147226e-266  +0.000000e+00  +0.000000e+00  +0.000000e+00  +0.000000e+00  +0.000000e+00  +0.000000e+00  +0.000000e+00  +0.000000e+00  +0.000000e+00  +0.000000e+00  +0.000000e+00 
+0.000000e+00  +0.000000e+00  +3.601961e-295  +1.918451e-224  +1.419058e-164  +1.457766e-115  +2.079761e-77  +4.120755e-50  +1.133910e-33  +4.558638e-24  +3.796458e-16  +1.437592e-12  +1.178822e-10  +1.807278e-16  +2.601117e-27  +1.315325e-35  +1.906777e-54  +3.838881e-84  +1.073365e-124  +4.168003e-176  +2.247743e-238  +1.711314e-311  +1.598177e-304  +1.458527e-306  +4.709737e-315  +0.000000e+00  +0.000000e+00  +0.000000e+00  +0.000000e+00  +0.000000e+00  +0.000000e+00  +0.000000e+00 
+0.000000e+00  +0.000000e+00  +5.241002e-278  +2.726436e-207  +2.016051e-147  +2.071033e-98  +2.954694e-60  +5.854313e-33  +1.610933e-16  +7.464250e-11  +1.606333e-06  +6.794343e-05  +1.664791e-04  +1.616594e-07  +7.670538e-11  +7.977398e-19  +1.156488e-37  +2.328462e-67  +6.511085e-108  +2.716697e-159  +4.258283e-214  +4.446567e-238  +2.552160e-229  +2.835281e-231  +2.043381e-239  +7.239966e-258  +3.562595e-287  +0.000000e+00  +0.000000e+00  +0.000000e+00  +0.000000e+00  +0.000000e+00 
+0.000000e+00  +0.000000e+00  +8.446026e-264  +6.236575e-195  +6.395936e-137  +9.149352e-90  +2.384555e-53  +1.204571e-26  +3.181023e-10  +1.368388e-04  +7.007249e-05  +2.503138e-04  +1.825523e-04  +1.022794e-04  +7.445109e-05  +8.589562e-13  +1.471880e-31  +2.534364e-58  +9.305340e-91  +9.846397e-132  +7.484694e-183  +9.861553e-174  +5.660173e-165  +9.337807e-167  +1.231248e-174  +4.362501e-193  +2.146671e-222  +1.467010e-262  +1.392320e-313  +0.000000e+00  +0.000000e+00  +0.000000e+00 
+0.000000e+00  +0.000000e+00  +8.007268e-259  +5.912183e-190  +6.062883e-132  +8.634724e-85  +1.707873e-48  +4.691382e-23  +1.789716e-08  +9.650670e-05  +2.269999e-04  +2.873977e-05  +1.041557e-05  +1.956297e-04  +9.187027e-05  +6.557478e-10  +2.751891e-21  +1.537528e-41  +5.849197e-71  +3.211591e-111  +7.349527e-140  +3.037413e-120  +1.743378e-111  +5.428214e-113  +1.030341e-120  +3.650669e-139  +1.796397e-168  +1.227638e-208  +1.165134e-259  +1.536544e-321  +0.000000e+00  +0.000000e+00 
+0.000000e+00  +1.151703e-301  +3.212451e-231  +1.244430e-171  +6.694872e-123  +5.002108e-85  +2.249034e-54  +6.176477e-29  +2.360092e-14  +1.736463e-06  +1.742970e-04  +1.284628e-04  +4.145538e-05  +1.306905e-04  +1.460051e-04  +1.711255e-05  +2.362343e-13  +6.722713e-32  +2.657929e-61  +3.356765e-91  +3.143806e-97  +1.299272e-77  +7.457573e-69  +5.287983e-70  +1.197445e-77  +4.242749e-96  +2.087744e-125  +1.426741e-165  +1.354100e-216  +1.784820e-278  +0.000000e+00  +0.000000e+00 
+0.000000e+00  +9.333786e-281  +2.603477e-210  +1.008527e-150  +5.425747e-102  +4.053866e-64  +4.206464e-37  +6.062162e-21  +6.768288e-12  +1.645523e-06  +3.453408e-04  +1.230886e-04  +2.223686e-04  +1.251596e-04  +4.516005e-05  +1.391700e-06  +1.490348e-14  +4.242702e-33  +8.146297e-47  +1.076735e-55  +1.867627e-65  +7.718530e-46  +4.430548e-37  +7.928684e-38  +1.932717e-45  +6.847944e-64  +3.369691e-93  +2.302809e-133  +2.185565e-184  +2.880762e-246  +5.273360e-319  +0.000000e+00 
+0.000000e+00  +1.050541e-270  +2.930279e-200  +1.135123e-140  +6.106815e-92  +4.562728e-54  +4.734481e-27  +6.822732e-11  +1.437930e-05  +2.127146e-04  +3.796839e-04  +8.687073e-05  +3.940742e-04  +1.719536e-04  +2.104088e-05  +1.595836e-12  +7.587577e-17  +3.818279e-24  +3.628994e-22  +4.796616e-31  +1.540858e-44  +6.368057e-25  +3.655941e-16  +1.727242e-16  +4.332306e-24  +1.535009e-42  +7.553371e-72  +5.161889e-112  +4.899079e-163  +6.457407e-225  +1.182061e-297  +0.000000e+00 
+0.000000e+00  +6.263498e-264  +7.596248e-195  +1.279454e-136  +2.993748e-89  +9.794656e-53  +5.279064e-27  +4.773622e-11  +1.642213e-04  +2.433471e-04  +3.933237e-04  +4.013469e-04  +5.021559e-04  +3.528256e-04  +1.486827e-04  +2.436860e-05  +3.260096e-07  +4.346339e-10  +2.245177e-08  +2.967960e-17  +8.312444e-29  +7.296544e-15  +4.190809e-06  +5.319712e-06  +1.348681e-13  +4.778639e-32  +2.351501e-61  +1.607130e-101  +1.525760e-152  +2.013230e-214  +1.027481e-285  +0.000000e+00 
+0.000000e+00  +1.810636e-260  +2.195903e-191  +3.698563e-133  +8.651492e-86  +2.810536e-49  +1.268275e-23  +8.009092e-09  +1.268566e-04  +2.774770e-04  +2.663186e-04  +3.096544e-04  +5.546331e-04  +3.683117e-04  +8.636609e-05  +1.770458e-04  +6.724985e-05  +1.083249e-04  +3.051217e-05  +7.281644e-11  +2.387766e-11  +1.902640e-15  +1.216415e-06  +7.999267e-05  +6.334212e-12  +7.631728e-30  +1.760770e-58  +1.911324e-93  +1.062072e-138  +8.196312e-195  +8.784578e-262  +0.000000e+00 
+0.000000e+00  +7.269174e-268  +8.817128e-199  +1.492826e-140  +4.175830e-93  +9.731705e-56  +1.468326e-28  +3.456514e-12  +2.640765e-06  +2.570411e-04  +3.837523e-04  +2.266646e-04  +2.247821e-04  +3.447843e-04  +1.350502e-04  +2.181897e-04  +1.134258e-04  +1.650313e-04  +1.585080e-04  +7.894682e-05  +1.986814e-04  +8.910047e-08  +1.354669e-05  +4.468532e-06  +1.003568e-09  +2.042197e-22  +5.883596e-46  +2.354135e-80  +1.308151e-125  +1.009554e-181  +7.470376e-232  +4.622834e-288 
+0.000000e+00  +2.461448e-285  +9.449607e-215  +5.969539e-155  +5.263228e-106  +6.674885e-68  +1.911630e-37  +2.219717e-16  +4.539459e-06  +1.081824e-04  +1.571738e-04  +2.655973e-04  +2.699666e-04  +5.245900e-04  +1.400794e-04  +2.081705e-04  +1.051503e-04  +1.321476e-04  +2.894870e-04  +1.530122e-04  +2.868080e-04  +9.588995e-06  +5.333599e-05  +4.352215e-05  +1.717872e-07  +3.494123e-20  +1.006436e-43  +4.026924e-78  +6.733940e-109  +2.160524e-143  +9.627016e-189  +2.099174e-242 
+0.000000e+00  +1.720823e-307  +4.061860e-232  +1.520565e-167  +7.905400e-114  +5.707958e-71  +5.723683e-39  +7.970920e-18  +1.541669e-07  +2.072954e-07  +1.404686e-06  +3.847787e-05  +1.817710e-04  +4.461044e-04  +3.392878e-04  +1.629293e-04  +1.438872e-04  +2.705349e-04  +2.416154e-04  +1.648593e-05  +4.085219e-04  +1.266061e-04  +2.119557e-04  +1.588655e-04  +9.504978e-08  +2.819170e-21  +5.555904e-40  +5.216748e-53  +1.205180e-76  +3.871660e-111  +7.181202e-152  +1.446990e-200 
+0.000000e+00  +1.201358e-306  +3.238289e-231  +1.212262e-166  +6.302540e-113  +4.550640e-70  +4.563221e-38  +6.367847e-17  +1.810164e-06  +1.406302e-04  +1.310078e-04  +1.818987e-04  +6.232946e-05  +2.000205e-04  +3.871890e-05  +1.241201e-04  +2.960354e-04  +2.620200e-04  +2.415894e-04  +1.326109e-04  +4.229504e-04  +1.273179e-04  +2.725425e-04  +9.059152e-05  +1.221096e-07  +8.945848e-13  +7.798080e-19  +1.296643e-31  +3.450332e-55  +4.751550e-83  +6.894076e-121  +1.389169e-169 
+0.000000e+00  +1.330155e-316  +3.585464e-241  +1.342228e-176  +6.978270e-123  +5.044591e-80  +6.371190e-48  +4.044071e-25  +2.618224e-12  +7.873848e-06  +2.270134e-06  +4.540932e-05  +1.928054e-04  +2.818401e-04  +2.114181e-04  +1.694592e-04  +2.081014e-04  +3.072305e-04  +3.505727e-04  +3.206476e-04  +2.543893e-04  +3.095853e-04  +2.364036e-04  +2.570748e-04  +1.341714e-05  +1.900458e-05  +2.691072e-08  +8.508709e-20  +6.064005e-36  +6.335232e-63  +9.191894e-101  +1.859846e-149 
+0.000000e+00  +0.000000e+00  +5.513337e-262  +2.065389e-197  +1.237621e-143  +2.648270e-99  +5.577591e-65  +8.506737e-41  +4.089467e-23  +2.110806e-12  +9.009605e-05  +2.802360e-04  +6.562413e-05  +5.424548e-05  +6.642822e-05  +1.016402e-04  +7.513104e-05  +1.194525e-04  +9.875591e-05  +1.846128e-04  +3.690276e-04  +4.098961e-04  +1.500439e-04  +1.305274e-04  +1.974170e-04  +1.922436e-04  +3.059625e-05  +1.492673e-10  +1.134798e-26  +1.534490e-52  +2.336313e-87  +5.348242e-133 
+0.000000e+00  +0.000000e+00  +1.283509e-293  +9.474601e-228  +7.069988e-165  +1.585400e-111  +4.956980e-69  +2.160552e-37  +1.312518e-16  +1.137660e-06  +1.356697e-04  +1.515497e-05  +1.233791e-04  +2.321020e-04  +6.287970e-05  +2.727171e-05  +8.086792e-05  +6.497599e-06  +2.238575e-04  +1.060946e-04  +7.838481e-05  +1.783683e-04  +2.014119e-04  +3.038830e-04  +3.335750e-04  +1.443183e-05  +1.226177e-04  +1.353910e-07  +1.156227e-20  +1.372394e-44  +2.262313e-79  +5.179219e-125 
+0.000000e+00  +0.000000e+00  +1.315873e-303  +1.417948e-228  +2.126254e-164  +4.442267e-111  +1.301545e-68  +5.554551e-37  +4.153924e-16  +8.347249e-06  +1.796798e-04  +1.792122e-04  +2.630542e-04  +2.940981e-06  +2.627735e-04  +1.991058e-04  +1.943322e-04  +8.975889e-05  +3.510775e-04  +1.962874e-04  +2.606244e-04  +1.877966e-04  +5.524519e-05  +1.459683e-04  +1.552390e-04  +1.181262e-04  +1.677885e-04  +4.124496e-10  +1.555649e-23  +1.845738e-47  +3.042593e-82  +6.965551e-128 
+0.000000e+00  +0.000000e+00  +7.161643e-313  +4.144019e-237  +3.801713e-172  +4.957178e-118  +9.010173e-75  +2.275736e-42  +7.983983e-21  +4.261587e-10  +3.974643e-07  +3.940853e-06  +1.278503e-04  +7.093727e-06  +1.959188e-04  +8.339300e-07  +3.907206e-05  +1.932810e-04  +1.249341e-04  +1.120242e-04  +1.341795e-04  +6.021859e-05  +2.836704e-04  +3.029060e-04  +1.548016e-04  +2.390130e-06  +9.996955e-09  +2.140178e-16  +1.959334e-33  +1.086052e-60  +5.686892e-96  +1.301022e-141 
+0.000000e+00  +0.000000e+00  +0.000000e+00  +3.634810e-252  +3.427706e-187  +4.489142e-133  +8.165092e-90  +2.062515e-57  +7.242372e-36  +8.338841e-25  +2.307880e-15  +1.310512e-05  +9.013202e-05  +2.907017e-04  +4.048903e-04  +2.428153e-04  +1.860296e-04  +5.283902e-05  +1.697488e-04  +1.098776e-04  +4.985463e-07  +4.724660e-05  +2.853447e-05  +1.172814e-04  +1.210002e-07  +5.564148e-13  +2.894872e-23  +3.821435e-31  +8.493484e-50  +3.341886e-78  +1.669022e-116  +1.573057e-165 
+0.000000e+00  +0.000000e+00  +0.000000e+00  +4.575128e-278  +4.314446e-213  +5.650474e-159  +1.027739e-115  +2.596106e-83  +9.220216e-62  +5.538115e-38  +3.382221e-17  +4.361603e-07  +4.186729e-05  +1.254791e-04  +3.035811e-04  +2.910369e-04  +8.666858e-05  +3.230245e-04  +1.058099e-04  +3.775938e-05  +1.381663e-05  +3.024050e-12  +1.267094e-14  +3.047952e-11  +6.416839e-17  +1.570155e-29  +2.142632e-42  +1.404060e-56  +2.824101e-75  +8.069431e-105  +1.283307e-144  +7.256506e-194 
+0.000000e+00  +0.000000e+00  +0.000000e+00  +7.997656e-315  +7.541966e-250  +9.877440e-196  +1.796562e-152  +4.539802e-120  +3.482480e-81  +3.412501e-49  +2.230887e-24  +3.711536e-10  +7.155021e-05  +3.433336e-04  +1.093311e-04  +9.860472e-05  +1.322258e-04  +4.101497e-04  +6.012851e-05  +2.854989e-05  +2.670435e-07  +6.522824e-17  +9.425164e-34  +1.134861e-28  +2.103254e-34  +1.152776e-50  +3.524507e-70  +8.780239e-93  +1.441911e-111  +4.027300e-141  +1.570006e-181  +1.430640e-232 
+0.000000e+00  +0.000000e+00  +0.000000e+00  +0.000000e+00  +1.830973e-297  +2.397959e-243  +2.506934e-199  +9.740210e-141  +6.269111e-92  +5.605845e-54  +6.969462e-27  +1.305550e-10  +2.761241e-04  +2.288855e-04  +2.380971e-04  +3.945882e-04  +2.111657e-04  +2.075518e-04  +1.646814e-04  +1.264228e-04  +1.924066e-09  +2.429265e-22  +4.515152e-46  +5.868362e-57  +1.087554e-62  +2.799932e-79  +1.040016e-105  +3.673560e-132  +1.022605e-158  +2.856060e-188  +1.107818e-228  +5.974268e-280 
+0.000000e+00  +0.000000e+00  +0.000000e+00  +0.000000e+00  +0.000000e+00  +1.443341e-272  +4.818204e-202  +2.233809e-142  +1.438804e-93  +1.298009e-55  +1.950754e-28  +1.781820e-11  +1.455529e-04  +1.231138e-04  +1.236130e-04  +2.367311e-04  +1.653409e-04  +4.609294e-05  +1.314799e-04  +6.549032e-10  +1.965635e-16  +2.351310e-33  +1.402205e-58  +3.612642e-93  +7.810219e-102  +2.010181e-118  +7.202436e-146  +1.445895e-181  +8.402049e-216  +2.813032e-246  +1.091119e-286  +0.000000e+00 
+0.000000e+00  +0.000000e+00  +0.000000e+00  +0.000000e+00  +0.000000e+00  +9.199238e-276  +1.818670e-204  +4.993374e-144  +1.904024e-94  +1.008300e-55  +7.415779e-28  +7.577217e-11  +1.179637e-04  +3.093092e-06  +3.407445e-05  +4.835549e-05  +3.228825e-05  +1.105797e-04  +7.542203e-09  +6.341601e-16  +2.405989e-32  +5.965685e-50  +9.594054e-78  +3.695480e-116  +7.789569e-152  +2.004866e-168  +7.166312e-196  +3.627963e-234  +3.254296e-276  +3.847870e-315  +0.000000e+00  +0.000000e+00 
+0.000000e+00  +0.000000e+00  +0.000000e+00  +0.000000e+00  +0.000000e+00  +5.271097e-280  +1.042087e-208  +2.861397e-148  +1.094587e-98  +6.557611e-60  +2.775674e-31  +9.880804e-13  +5.717889e-05  +4.614660e-08  +7.365671e-08  +6.865361e-06  +1.161534e-04  +7.045672e-09  +3.392134e-15  +2.266492e-30  +5.947716e-49  +2.679963e-76  +3.492167e-105  +7.799156e-144  +2.422338e-193  +2.776986e-229  +9.926213e-257  +4.927580e-295  +0.000000e+00  +0.000000e+00  +0.000000e+00  +0.000000e+00 
+0.000000e+00  +0.000000e+00  +0.000000e+00  +0.000000e+00  +0.000000e+00  +3.027414e-294  +2.120716e-221  +2.376518e-159  +3.712420e-108  +8.054725e-68  +2.427075e-38  +1.015672e-19  +5.902853e-12  +4.764401e-15  +4.597941e-20  +2.147823e-10  +8.571733e-09  +4.522628e-15  +7.374400e-32  +2.036548e-47  +1.875676e-73  +1.075921e-103  +6.363795e-142  +3.942807e-182  +1.222914e-231  +5.267756e-292  +0.000000e+00  +0.000000e+00  +0.000000e+00  +0.000000e+00  +0.000000e+00  +0.000000e+00 
+0.000000e+00  +0.000000e+00  +0.000000e+00  +0.000000e+00  +0.000000e+00  +3.739480e-312  +3.028949e-239  +3.407302e-177  +5.323131e-126  +1.154946e-85  +3.480120e-56  +1.456346e-37  +8.463948e-30  +6.831551e-33  +8.248793e-37  +3.946291e-25  +9.404280e-24  +4.293662e-30  +3.773460e-47  +7.170307e-75  +2.358300e-101  +3.012952e-138  +3.753938e-180  +3.025752e-229  +8.586022e-281  +0.000000e+00  +0.000000e+00  +0.000000e+00  +0.000000e+00  +0.000000e+00  +0.000000e+00  +0.000000e+00 
+0.000000e+00  +0.000000e+00  +0.000000e+00  +0.000000e+00  +0.000000e+00  +0.000000e+00  +6.031716e-268  +6.785151e-206  +1.060025e-154  +2.299909e-114  +6.930158e-85  +2.900104e-66  +1.685474e-58  +1.360405e-61  +2.105584e-62  +1.007146e-50  +1.563250e-49  +5.661269e-56  +4.975112e-73  +6.072635e-101  +1.441776e-139  +5.267194e-177  +9.343962e-225  +2.526227e-278  +0.000000e+00  +0.000000e+00  +0.000000e+00  +0.000000e+00  +0.000000e+00  +0.000000e+00  +0.000000e+00  +0.000000e+00 
+0.000000e+00  +0.000000e+00  +0.000000e+00  +0.000000e+00  +0.000000e+00  +0.000000e+00  +1.668122e-307  +1.876491e-245  +2.931589e-194  +6.360592e-154  +1.916594e-124  +8.020482e-106  +4.661320e-98  +3.762316e-101  +7.464363e-99  +3.570028e-87  +4.008664e-86  +1.036714e-92  +9.109696e-110  +1.111932e-137  +1.884910e-176  +5.716607e-226  +2.269005e-274  +0.000000e+00  +0.000000e+00  +0.000000e+00  +0.000000e+00  +0.000000e+00  +0.000000e+00  +0.000000e+00  +0.000000e+00  +0.000000e+00 
