+0.000000e+00  +0.000000e+00  +0.000000e+00  +0.000000e+00  +0.000000e+00  +2.992840e-273  +1.971784e-221  +1.804152e-180  +2.292583e-150  +4.045897e-131  +9.922256e-123  +3.119724e-120  +2.209273e-125  +2.172827e-141  +2.967830e-168  +8.871856e-206  +4.087587e-246  +2.664704e-282  +1.576069e-321  +0.000000e+00  +0.000000e+00  +0.000000e+00  +0.000000e+00  +0.000000e+00  +0.000000e+00  +0.000000e+00  +0.000000e+00  +0.000000e+00  +0.000000e+00  +0.000000e+00  +0.000000e+00  +0.000000e+00 
+0.000000e+00  +0.000000e+00  +0.000000e+00  +0.000000e+00  +8.525718e-291  +4.044538e-228  +2.664679e-176  +2.438140e-135  +3.098208e-105  +5.467645e-86  +1.340363e-77  +1.487370e-75  +1.053280e-80  +1.035904e-96  +1.418917e-123  +3.624442e-155  +1.903421e-189  +8.104316e-218  +4.792221e-257  +3.935459e-307  +0.000000e+00  +0.000000e+00  +0.000000e+00  +0.000000e+00  +0.000000e+00  +0.000000e+00  +0.000000e+00  +0.000000e+00  +0.000000e+00  +0.000000e+00  +0.000000e+00  +0.000000e+00 
+0.000000e+00  +0.000000e+00  +0.000000e+00  +6.483519e-280  +9.484803e-241  +7.591142e-194  +5.001131e-142  +4.575959e-101  +5.814789e-71  +1.026180e-51  +2.515271e-43  +9.848630e-42  +6.973904e-47  +6.858954e-63  +6.199494e-86  +5.642904e-115  +8.039688e-136  +3.423117e-164  +2.024148e-203  +1.662267e-253  +1.895820e-314  +0.000000e+00  +0.000000e+00  +0.000000e+00  +0.000000e+00  +0.000000e+00  +0.000000e+00  +0.000000e+00  +0.000000e+00  +0.000000e+00  +0.000000e+00  +0.000000e+00 
+0.000000e+00  +0.000000e+00  +3.342355e-272  +3.520725e-222  +5.150503e-183  +1.046418e-154  +1.592606e-118  +1.192902e-77  +1.515638e-47  +2.674762e-28  +6.555807e-20  +9.057895e-19  +6.412795e-24  +2.107707e-38  +1.338431e-56  +1.538345e-75  +4.716094e-93  +2.008006e-121  +1.187369e-160  +9.750885e-211  +1.112091e-271  +0.000000e+00  +0.000000e+00  +0.000000e+00  +0.000000e+00  +0.000000e+00  +0.000000e+00  +0.000000e+00  +0.000000e+00  +0.000000e+00  +0.000000e+00  +0.000000e+00 
+0.000000e+00  +3.059176e-268  +4.520410e-221  +2.655165e-175  +3.884266e-136  +7.891589e-108  +1.266899e-89  +1.459528e-60  +1.028325e-34  +9.688072e-16  +2.374937e-07  +1.171013e-06  +9.498929e-12  +6.128023e-20  +3.284887e-35  +1.253210e-43  +3.842057e-61  +1.635861e-89  +9.673126e-129  +7.944633e-179  +1.758681e-227  +4.842586e-283  +0.000000e+00  +0.000000e+00  +0.000000e+00  +0.000000e+00  +0.000000e+00  +0.000000e+00  +0.000000e+00  +0.000000e+00  +0.000000e+00  +0.000000e+00 
+2.625041e-277  +2.792848e-219  +4.126638e-172  +8.470833e-136  +4.068237e-100  +8.265359e-72  +2.332143e-54  +6.300711e-40  +2.901423e-22  +3.292425e-10  +7.264771e-05  +1.404874e-04  +5.421925e-05  +1.240543e-09  +7.445481e-16  +1.417881e-22  +4.346934e-40  +1.850826e-68  +4.076984e-106  +5.664164e-140  +1.123022e-184  +3.092276e-240  +1.319011e-282  +4.136054e-271  +1.801201e-270  +1.089371e-280  +9.150140e-302  +0.000000e+00  +0.000000e+00  +0.000000e+00  +0.000000e+00  +0.000000e+00 
+3.328257e-239  +3.541018e-181  +5.232114e-134  +1.073654e-97  +3.065692e-72  +1.202256e-46  +3.392275e-29  +1.414281e-22  +7.347751e-12  +1.251804e-05  +5.795131e-05  +1.166791e-05  +1.246864e-05  +2.029962e-06  +1.056139e-05  +2.227901e-12  +6.830306e-30  +3.422820e-51  +3.518523e-74  +5.023134e-108  +9.959259e-153  +2.742314e-208  +3.325564e-212  +1.042805e-200  +4.541288e-200  +2.746584e-210  +2.306985e-231  +2.691129e-263  +4.359756e-306  +0.000000e+00  +0.000000e+00  +0.000000e+00 
+7.200695e-208  +6.237954e-154  +9.212892e-107  +1.890528e-70  +5.387759e-45  +2.157440e-30  +6.853174e-15  +2.754318e-08  +7.960979e-06  +4.487249e-05  +1.201877e-04  +4.477790e-05  +4.051707e-05  +3.114975e-05  +7.381496e-06  +4.498887e-11  +5.695381e-18  +4.215617e-30  +4.333487e-53  +6.186597e-87  +1.226603e-131  +3.892829e-166  +1.164448e-152  +3.651389e-141  +1.590135e-140  +9.617182e-151  +8.077921e-172  +9.423003e-204  +1.526571e-246  +3.434652e-300  +0.000000e+00  +0.000000e+00 
+1.333277e-157  +5.735019e-126  +1.723819e-88  +4.649146e-54  +1.317544e-28  +5.214682e-14  +3.674730e-09  +1.711753e-04  +2.294935e-04  +2.440943e-04  +2.300525e-04  +1.484156e-04  +1.159794e-04  +4.237828e-05  +1.352424e-04  +2.338883e-06  +9.781308e-08  +7.236775e-20  +7.436211e-43  +1.061243e-76  +6.386798e-110  +6.048120e-113  +5.662563e-104  +1.775624e-92  +7.732623e-92  +4.676712e-102  +3.928190e-123  +4.582286e-155  +7.423520e-198  +1.670227e-251  +5.218902e-316  +0.000000e+00 
+7.278424e-118  +1.748076e-87  +1.491647e-65  +2.528581e-39  +2.587391e-20  +1.895856e-08  +9.854629e-05  +5.630006e-05  +1.341042e-04  +1.675583e-04  +1.103879e-04  +2.321978e-04  +1.381196e-04  +1.804560e-04  +1.056022e-04  +4.411009e-05  +6.434181e-07  +4.252123e-19  +1.497824e-36  +2.949406e-54  +1.345666e-67  +1.305009e-70  +3.824228e-66  +1.199173e-54  +5.222250e-54  +3.158432e-64  +2.652915e-85  +3.094660e-117  +5.013496e-160  +1.127993e-213  +3.524601e-278  +0.000000e+00 
+5.518132e-89  +1.325303e-58  +4.420548e-39  +7.865885e-27  +1.856138e-11  +7.085411e-06  +6.892021e-05  +1.633811e-04  +1.586210e-04  +1.624731e-05  +1.834666e-04  +2.296130e-04  +4.184106e-04  +1.221755e-04  +1.770410e-05  +1.280487e-04  +2.262707e-05  +1.088723e-11  +1.116675e-18  +2.199287e-36  +4.032461e-36  +3.910608e-39  +3.586845e-39  +1.124736e-27  +4.898086e-27  +2.962376e-37  +2.488239e-58  +2.902564e-90  +4.702291e-133  +1.057974e-186  +3.305816e-251  +0.000000e+00 
+5.810117e-71  +1.395429e-40  +4.654455e-21  +2.158612e-12  +1.635751e-08  +2.280053e-04  +5.736095e-05  +6.736255e-05  +1.329234e-04  +2.704752e-04  +3.729859e-04  +3.222823e-04  +2.847586e-04  +1.646931e-04  +2.701459e-04  +1.984327e-04  +1.401916e-04  +8.231808e-05  +1.627583e-11  +1.554647e-18  +1.678790e-15  +1.627471e-18  +4.672461e-23  +1.465066e-11  +6.380183e-11  +3.858753e-21  +3.241147e-42  +3.780842e-74  +6.125142e-117  +1.378103e-170  +4.306125e-235  +4.190696e-307 
+9.055831e-64  +2.056139e-33  +6.812179e-14  +3.154040e-05  +1.017263e-04  +5.235862e-05  +1.071730e-04  +2.208809e-04  +9.912737e-06  +4.922101e-05  +1.183876e-05  +1.750722e-04  +1.325886e-04  +1.868461e-04  +1.566092e-04  +1.828200e-04  +1.796398e-04  +2.330487e-04  +4.770545e-06  +1.205686e-06  +9.976738e-06  +9.424315e-09  +1.112804e-15  +3.354468e-06  +1.154816e-05  +6.980589e-16  +5.863317e-37  +6.843024e-69  +7.524942e-108  +3.974040e-153  +5.942914e-208  +8.221792e-257 
+1.127486e-60  +3.147838e-31  +1.220552e-12  +6.737171e-05  +1.749641e-04  +4.565742e-05  +8.392367e-05  +2.533344e-04  +1.450385e-04  +8.108325e-05  +1.940488e-04  +1.466879e-07  +8.403016e-05  +7.694079e-05  +1.318205e-04  +1.435091e-04  +1.576458e-04  +2.684284e-04  +1.752707e-04  +4.547172e-05  +3.007294e-05  +3.764662e-06  +6.097854e-07  +3.656876e-05  +9.390376e-08  +2.456330e-15  +2.736328e-29  +2.183191e-53  +1.449704e-86  +1.651415e-130  +1.447897e-163  +8.228193e-205 
+3.153695e-67  +8.804815e-38  +3.416203e-19  +1.563596e-10  +4.551376e-05  +1.061179e-04  +9.185557e-05  +1.187078e-04  +5.036688e-05  +2.885371e-05  +3.822650e-05  +9.039840e-05  +6.814614e-05  +6.540398e-05  +1.461180e-04  +2.787448e-04  +2.442406e-04  +1.009038e-04  +1.371200e-04  +1.348175e-04  +5.321276e-06  +1.984460e-06  +5.351640e-05  +1.512185e-04  +7.877110e-05  +8.471798e-08  +1.829693e-19  +1.076268e-41  +1.677959e-72  +4.917959e-92  +2.012397e-122  +1.143617e-163 
+4.776072e-84  +3.723450e-48  +5.422253e-23  +1.096657e-08  +5.017402e-05  +1.604439e-04  +2.016275e-04  +1.808852e-04  +3.006312e-04  +7.596827e-05  +1.337616e-04  +4.718274e-05  +1.605409e-05  +2.856836e-05  +1.468878e-05  +3.453794e-04  +2.697825e-04  +9.967031e-05  +4.213771e-05  +4.411590e-05  +2.860777e-04  +1.861434e-04  +1.763837e-04  +3.080711e-04  +4.486547e-05  +3.631727e-07  +1.542041e-18  +1.646227e-33  +3.221869e-42  +9.492897e-62  +3.884432e-92  +2.207468e-133 
+3.898275e-84  +1.473803e-48  +7.850461e-24  +6.689170e-10  +1.763257e-04  +2.603085e-05  +2.192342e-04  +7.022516e-05  +1.101802e-04  +1.305321e-04  +1.614572e-04  +1.269694e-04  +1.044493e-04  +6.962741e-05  +6.112063e-05  +2.251458e-04  +2.389713e-04  +3.094010e-04  +1.765781e-04  +2.003642e-04  +2.513687e-04  +2.993084e-04  +3.940592e-04  +3.395633e-04  +1.149060e-04  +1.312984e-08  +2.294713e-11  +4.075484e-14  +8.636938e-23  +2.544786e-42  +1.041502e-72  +6.079181e-114 
+8.435737e-83  +3.163278e-47  +1.647369e-22  +1.196983e-08  +1.148886e-04  +5.997482e-05  +8.208547e-09  +1.249707e-04  +1.089649e-04  +2.189338e-04  +3.200960e-04  +3.456596e-04  +1.156103e-04  +3.318749e-04  +1.408454e-04  +1.759864e-04  +2.294567e-04  +3.036840e-04  +4.333479e-04  +9.993679e-05  +3.915107e-04  +4.262753e-04  +5.416085e-04  +1.795332e-04  +1.765212e-04  +2.878235e-05  +1.144534e-04  +1.516088e-05  +3.347475e-14  +6.648892e-33  +3.424829e-61  +2.850676e-100 
+2.546842e-92  +9.558456e-57  +2.637439e-31  +8.091210e-13  +7.911675e-05  +8.664513e-05  +1.381670e-05  +8.999363e-05  +1.124269e-04  +2.511161e-05  +8.670172e-05  +1.592930e-04  +9.970631e-05  +1.060581e-04  +1.143850e-05  +6.189561e-05  +2.281283e-04  +3.173083e-04  +2.087045e-04  +4.834231e-04  +4.585897e-04  +2.789814e-04  +2.994267e-04  +1.449313e-04  +5.677145e-05  +3.650748e-04  +1.062021e-04  +1.041734e-04  +3.233561e-11  +1.397013e-28  +8.382238e-57  +6.984857e-96 
+3.475799e-108  +9.877329e-68  +3.917788e-38  +2.830406e-19  +5.097040e-09  +2.000543e-05  +3.925297e-05  +1.916312e-06  +5.079621e-05  +1.440456e-04  +1.059246e-04  +9.119753e-05  +1.736986e-04  +3.259996e-04  +1.636892e-04  +2.639345e-04  +3.678716e-04  +5.882216e-04  +5.128225e-04  +4.712702e-04  +1.056801e-04  +1.584430e-04  +4.262277e-04  +4.808067e-04  +1.278202e-04  +5.253214e-05  +1.889950e-05  +1.819109e-07  +1.126361e-17  +4.753915e-35  +2.852403e-63  +2.376887e-102 
+1.294078e-125  +3.697212e-85  +1.958669e-55  +6.802149e-33  +1.655699e-18  +9.935521e-15  +1.273719e-12  +1.259890e-06  +1.047043e-04  +4.096593e-07  +1.229942e-04  +9.030274e-06  +2.978401e-07  +6.305718e-06  +2.602437e-05  +7.843423e-05  +1.138922e-04  +1.659790e-04  +1.979539e-04  +4.024053e-04  +2.312971e-04  +4.046779e-04  +2.373186e-04  +1.725398e-04  +2.352987e-04  +1.932022e-04  +1.475372e-05  +5.970857e-13  +2.593643e-29  +7.325622e-52  +1.348045e-80  +1.123304e-119 
+6.729674e-154  +2.754090e-113  +1.869769e-78  +3.285535e-53  +8.018713e-39  +1.619154e-33  +2.240418e-26  +1.859105e-14  +2.906518e-08  +8.607220e-13  +2.087360e-11  +5.256857e-13  +7.493738e-20  +4.791600e-17  +2.584515e-11  +9.819749e-05  +6.283896e-05  +1.567951e-04  +1.806791e-04  +1.011048e-04  +1.565008e-04  +2.186216e-04  +4.031314e-04  +1.735672e-05  +7.698877e-05  +7.068664e-05  +6.451091e-09  +8.989855e-20  +8.502084e-41  +6.375816e-70  +1.922320e-106  +7.380000e-148 
+1.761513e-192  +9.937692e-146  +1.257496e-109  +2.209873e-84  +5.393446e-70  +8.604823e-63  +1.674947e-45  +6.928643e-29  +1.476729e-22  +4.371124e-27  +5.443680e-29  +4.367345e-31  +5.708328e-33  +8.587106e-14  +1.794396e-05  +1.203049e-04  +1.085249e-07  +7.730205e-05  +2.148611e-04  +1.102546e-06  +4.397096e-06  +1.312552e-04  +1.512415e-04  +5.558495e-05  +8.225258e-06  +3.589843e-12  +2.738338e-18  +3.183029e-33  +6.133058e-55  +1.701946e-87  +2.571799e-130  +3.648838e-181 
+1.018822e-234  +9.282889e-188  +1.174643e-151  +2.064270e-126  +5.038533e-112  +6.116148e-98  +3.185730e-71  +4.888916e-54  +1.041998e-47  +3.084318e-52  +1.978005e-57  +5.041397e-60  +3.637845e-35  +6.038371e-16  +4.847498e-06  +5.485128e-06  +3.961284e-16  +5.305298e-10  +3.641355e-08  +1.705280e-10  +8.057466e-06  +2.322955e-04  +5.609856e-07  +4.980344e-06  +5.427868e-11  +9.752707e-23  +5.103959e-37  +2.068525e-53  +3.030270e-79  +8.078889e-112  +3.110909e-155  +1.664759e-209 
+1.321708e-287  +1.204260e-240  +1.523852e-204  +2.677957e-179  +6.583108e-165  +2.825637e-135  +3.121766e-107  +4.790896e-90  +1.021106e-83  +3.022479e-88  +9.989067e-97  +9.448643e-78  +2.805161e-45  +1.683201e-23  +1.404262e-12  +1.627045e-12  +2.618115e-23  +4.955650e-24  +5.455312e-22  +5.223067e-21  +5.992174e-09  +9.570244e-08  +4.539613e-16  +2.819546e-15  +1.788502e-24  +1.677392e-38  +2.242445e-61  +5.349977e-83  +3.013773e-110  +5.566232e-147  +2.052590e-190  +1.097680e-244 
+0.000000e+00  +2.169678e-304  +2.745478e-268  +4.824792e-243  +4.839795e-221  +3.844713e-182  +4.248566e-154  +6.520167e-137  +1.389674e-130  +4.113441e-135  +8.569933e-139  +2.669029e-95  +1.154491e-62  +6.935314e-41  +5.786015e-30  +6.703951e-30  +1.078748e-40  +6.582920e-49  +1.217517e-46  +1.566927e-33  +1.800545e-21  +2.873406e-20  +6.370302e-30  +2.234099e-35  +7.393187e-45  +3.705622e-63  +9.998369e-88  +1.021923e-121  +1.082536e-150  +8.469085e-189  +1.972860e-236  +1.005839e-290 
+0.000000e+00  +0.000000e+00  +0.000000e+00  +1.207235e-317  +9.132791e-279  +7.266813e-240  +8.030126e-212  +1.232363e-194  +2.626595e-188  +7.774730e-193  +4.903690e-167  +1.527294e-123  +6.606327e-91  +3.968583e-69  +3.310921e-58  +3.836191e-58  +6.172903e-69  +1.214444e-84  +7.941679e-80  +6.538936e-57  +7.513844e-45  +1.199100e-43  +2.657579e-53  +2.458462e-66  +8.135454e-76  +3.750012e-96  +3.039682e-123  +1.149476e-158  +5.488357e-202  +4.224829e-240  +4.590274e-289  +0.000000e+00 
+0.000000e+00  +0.000000e+00  +0.000000e+00  +0.000000e+00  +0.000000e+00  +1.907488e-308  +2.107853e-280  +3.234869e-263  +6.894630e-257  +1.941757e-260  +3.896999e-206  +1.213752e-162  +5.250097e-130  +3.153862e-108  +2.631214e-97  +3.048649e-97  +4.905652e-108  +1.127402e-129  +4.580218e-114  +3.789687e-91  +4.354702e-79  +6.949466e-78  +1.540219e-87  +8.497981e-108  +1.243314e-117  +5.713961e-138  +4.930174e-169  +4.852924e-205  +2.548866e-251  +2.927163e-302  +0.000000e+00  +0.000000e+00 
+0.000000e+00  +0.000000e+00  +0.000000e+00  +0.000000e+00  +0.000000e+00  +0.000000e+00  +0.000000e+00  +0.000000e+00  +0.000000e+00  +1.917847e-310  +4.301061e-256  +1.339600e-212  +5.794455e-180  +3.480871e-158  +2.904032e-147  +3.364749e-147  +5.414296e-158  +1.209955e-179  +3.686552e-159  +3.050264e-136  +3.505037e-124  +5.593525e-123  +1.239700e-132  +3.815800e-153  +2.638869e-170  +1.212758e-190  +7.740566e-222  +2.914021e-262  +1.494474e-308  +0.000000e+00  +0.000000e+00  +0.000000e+00 
+0.000000e+00  +0.000000e+00  +0.000000e+00  +0.000000e+00  +0.000000e+00  +0.000000e+00  +0.000000e+00  +0.000000e+00  +0.000000e+00  +0.000000e+00  +6.592631e-317  +2.053328e-273  +8.881693e-241  +5.335452e-219  +4.451276e-208  +5.157460e-208  +8.298989e-219  +1.854609e-240  +4.120904e-215  +3.409648e-192  +3.918002e-180  +6.252558e-179  +1.385762e-188  +4.265379e-209  +7.778448e-234  +3.574779e-254  +2.281621e-285  +0.000000e+00  +0.000000e+00  +0.000000e+00  +0.000000e+00  +0.000000e+00 
+0.000000e+00  +0.000000e+00  +0.000000e+00  +0.000000e+00  +0.000000e+00  +0.000000e+00  +0.000000e+00  +0.000000e+00  +0.000000e+00  +0.000000e+00  +0.000000e+00  +0.000000e+00  +1.890675e-312  +1.135775e-290  +9.475578e-280  +1.097885e-279  +1.766633e-290  +3.949041e-312  +6.397386e-282  +5.293217e-259  +6.082397e-247  +9.706615e-246  +2.151289e-255  +6.621673e-276  +3.148999e-307  +0.000000e+00  +0.000000e+00  +0.000000e+00  +0.000000e+00  +0.000000e+00  +0.000000e+00  +0.000000e+00 
+0.000000e+00  +0.000000e+00  +0.000000e+00  +0.000000e+00  +0.000000e+00  +0.000000e+00  +0.000000e+00  +0.000000e+00  +0.000000e+00  +0.000000e+00  +0.000000e+00  +0.000000e+00  +0.000000e+00  +0.000000e+00  +0.000000e+00  +0.000000e+00  +0.000000e+00  +0.000000e+00  +0.000000e+00  +0.000000e+00  +0.000000e+00  +1.976263e-323  +0.000000e+00  +0.000000e+00  +0.000000e+00  +0.000000e+00  +0.000000e+00  +0.000000e+00  +0.000000e+00  +0.000000e+00  +0.000000e+00  +0.000000e+00 
