+0.000000e+00  +0.000000e+00  +0.000000e+00  +0.000000e+00  +0.000000e+00  +0.000000e+00  +0.000000e+00  +1.824830e-314  +3.101412e-283  +7.320396e-263  +2.399649e-253  +2.331422e-242  +3.026197e-231  +1.414853e-187  +5.583051e-151  +3.059636e-125  +2.328689e-110  +3.506060e-102  +5.642725e-100  +1.261325e-108  +3.915640e-128  +3.561182e-153  +5.836814e-180  +1.329974e-217  +4.213922e-266  +0.000000e+00  +0.000000e+00  +0.000000e+00  +0.000000e+00  +0.000000e+00  +0.000000e+00  +0.000000e+00 
+0.000000e+00  +0.000000e+00  +0.000000e+00  +0.000000e+00  +0.000000e+00  +0.000000e+00  +1.332876e-288  +1.631132e-246  +2.772210e-215  +6.543365e-195  +2.144936e-185  +7.265715e-178  +9.418886e-167  +9.732711e-146  +1.983191e-109  +1.086833e-83  +8.271781e-69  +3.237855e-62  +5.197363e-60  +1.161772e-68  +3.656289e-88  +5.856180e-106  +9.658018e-133  +2.217099e-170  +7.087497e-219  +3.159219e-278  +0.000000e+00  +0.000000e+00  +0.000000e+00  +0.000000e+00  +0.000000e+00  +0.000000e+00 
+0.000000e+00  +0.000000e+00  +0.000000e+00  +0.000000e+00  +0.000000e+00  +1.877730e-284  +1.654605e-231  +2.024853e-189  +3.441364e-158  +8.122797e-138  +2.662680e-128  +3.152556e-124  +4.076708e-113  +8.649948e-107  +1.169224e-78  +5.361591e-53  +4.080656e-38  +4.561944e-33  +6.648369e-31  +1.486118e-39  +1.158449e-53  +1.387742e-69  +2.319194e-96  +5.407536e-134  +2.814392e-182  +4.152704e-229  +2.272198e-286  +0.000000e+00  +0.000000e+00  +0.000000e+00  +0.000000e+00  +0.000000e+00 
+0.000000e+00  +0.000000e+00  +0.000000e+00  +0.000000e+00  +5.102140e-302  +3.237245e-238  +2.852573e-185  +3.490888e-143  +5.932982e-112  +1.400387e-91  +4.590517e-82  +2.509230e-81  +2.456938e-70  +4.411822e-70  +4.871378e-51  +3.823176e-33  +2.795994e-18  +3.690173e-14  +1.181096e-12  +3.036608e-21  +4.019597e-28  +4.924757e-44  +8.439443e-71  +8.352141e-106  +2.363650e-141  +9.312371e-188  +5.095366e-245  +3.871938e-313  +0.000000e+00  +0.000000e+00  +0.000000e+00  +0.000000e+00 
+0.000000e+00  +0.000000e+00  +0.000000e+00  +0.000000e+00  +1.221611e-266  +7.750969e-203  +6.829945e-150  +8.358269e-108  +1.420540e-76  +3.352961e-56  +1.099113e-46  +2.068977e-46  +2.090966e-38  +3.693560e-38  +1.726646e-33  +5.302170e-17  +2.779321e-09  +3.130965e-05  +2.980472e-05  +3.583608e-08  +2.179896e-13  +2.767531e-29  +1.270322e-50  +2.594843e-75  +7.361229e-111  +2.900197e-157  +1.586875e-214  +1.205857e-282  +0.000000e+00  +0.000000e+00  +0.000000e+00  +0.000000e+00 
+0.000000e+00  +0.000000e+00  +0.000000e+00  +8.891312e-317  +4.062105e-242  +2.577356e-178  +2.271096e-125  +2.779296e-83  +4.723586e-52  +1.114928e-31  +3.654781e-22  +1.027108e-21  +2.728415e-17  +4.381048e-17  +7.355330e-23  +2.864230e-10  +1.818828e-04  +2.882855e-04  +2.398961e-04  +2.545214e-04  +2.192707e-09  +3.744493e-17  +5.494335e-31  +1.122319e-55  +3.183872e-91  +1.254390e-137  +6.863534e-195  +2.718721e-233  +4.202035e-272  +9.090808e-322  +0.000000e+00  +0.000000e+00 
+0.000000e+00  +0.000000e+00  +0.000000e+00  +4.106106e-303  +1.875952e-228  +1.190299e-164  +1.048907e-111  +1.283723e-69  +2.182082e-38  +5.151783e-18  +1.689549e-08  +7.106920e-08  +7.558550e-07  +1.146059e-06  +8.855288e-09  +6.447714e-08  +4.784421e-05  +2.522877e-05  +1.962382e-04  +1.654163e-04  +4.532653e-05  +2.243857e-08  +3.300338e-22  +6.743092e-47  +2.131569e-82  +4.574834e-127  +1.045984e-148  +1.163957e-176  +1.799027e-215  +2.265351e-258  +5.042083e-301  +0.000000e+00 
+0.000000e+00  +0.000000e+00  +0.000000e+00  +2.708007e-300  +1.263763e-225  +8.318519e-162  +7.800677e-109  +1.057120e-66  +2.106668e-35  +6.274778e-15  +2.816658e-05  +1.201922e-04  +3.879264e-05  +6.520130e-05  +1.012774e-04  +3.648763e-06  +1.745259e-04  +2.073157e-04  +1.705841e-04  +1.098343e-04  +1.329157e-04  +3.742090e-07  +2.718689e-18  +2.787667e-40  +3.963604e-72  +2.262538e-85  +6.218567e-103  +6.920657e-131  +1.366258e-165  +4.527842e-201  +7.414484e-239  +1.691046e-287 
+0.000000e+00  +0.000000e+00  +0.000000e+00  +1.044261e-306  +8.407060e-232  +9.440173e-168  +1.475751e-114  +3.208365e-72  +9.694613e-41  +4.070104e-20  +2.373739e-10  +5.654327e-08  +2.131203e-06  +4.867304e-06  +1.944980e-04  +4.156724e-04  +2.869855e-04  +2.512790e-04  +1.653089e-04  +8.894703e-05  +2.778029e-04  +1.809476e-06  +1.353840e-17  +1.978773e-36  +3.921556e-40  +6.424300e-51  +5.134977e-68  +1.646221e-94  +1.165220e-121  +9.220481e-150  +1.514224e-187  +3.454439e-236 
+0.000000e+00  +0.000000e+00  +0.000000e+00  +1.926856e-322  +1.577125e-247  +1.780870e-183  +2.792782e-130  +6.082475e-88  +1.839762e-56  +7.728251e-36  +4.514935e-26  +9.957978e-22  +5.373369e-09  +5.095025e-06  +2.025575e-04  +2.474443e-04  +2.431456e-04  +1.939079e-04  +8.474452e-05  +3.837612e-05  +1.184153e-04  +3.090150e-05  +1.526515e-13  +2.779054e-16  +6.115733e-19  +7.348642e-27  +6.245277e-44  +1.756405e-61  +2.211579e-82  +2.615175e-109  +4.305863e-147  +6.169680e-187 
+0.000000e+00  +0.000000e+00  +0.000000e+00  +0.000000e+00  +4.161882e-274  +4.699565e-210  +7.369931e-157  +1.605119e-114  +4.854995e-83  +2.544636e-58  +1.340080e-32  +9.807210e-18  +3.564148e-09  +2.062542e-04  +2.029556e-04  +2.741916e-04  +2.151789e-04  +3.354254e-04  +3.203289e-04  +5.776348e-05  +6.265247e-05  +2.761605e-05  +5.296409e-05  +4.278569e-06  +2.155402e-07  +1.170766e-13  +5.472694e-23  +1.026722e-36  +8.711397e-53  +1.065049e-79  +4.140793e-109  +2.313653e-144 
+0.000000e+00  +0.000000e+00  +0.000000e+00  +1.432790e-322  +4.727131e-281  +1.724553e-247  +6.463945e-192  +1.228219e-133  +3.263091e-86  +1.206815e-49  +6.212220e-24  +4.450409e-09  +7.851552e-05  +1.044579e-04  +1.323894e-04  +1.247040e-04  +2.714254e-04  +2.203086e-04  +2.548515e-04  +3.603378e-04  +5.661265e-05  +5.297577e-05  +2.414471e-05  +5.297706e-05  +5.621210e-05  +3.328718e-06  +2.465055e-11  +5.597034e-18  +6.902473e-34  +5.360763e-53  +2.156531e-77  +1.204958e-112 
+0.000000e+00  +0.000000e+00  +4.261831e-310  +1.897050e-259  +6.348126e-218  +2.950196e-187  +2.800702e-167  +1.156278e-124  +3.917991e-80  +1.929203e-46  +1.370748e-23  +3.522364e-10  +8.085692e-06  +9.927238e-05  +1.119045e-04  +1.028910e-04  +9.519214e-05  +5.329941e-05  +1.956128e-04  +1.424517e-04  +7.792021e-05  +2.625689e-04  +1.066784e-04  +1.980315e-04  +2.321636e-04  +6.352793e-05  +6.982822e-05  +2.947158e-09  +1.343434e-18  +3.876940e-32  +1.559794e-56  +8.715321e-92 
+0.000000e+00  +2.277711e-278  +9.947365e-241  +3.981378e-207  +1.183946e-165  +5.502204e-135  +3.551239e-115  +3.687968e-95  +2.922172e-64  +2.119679e-41  +1.447255e-18  +1.385625e-06  +3.016722e-04  +2.814519e-05  +1.267151e-04  +1.963005e-04  +2.520611e-04  +1.262658e-04  +1.743381e-04  +2.397835e-04  +1.273029e-04  +1.122223e-04  +3.645161e-04  +8.819265e-05  +1.710758e-04  +1.243041e-04  +3.261141e-05  +8.482955e-06  +1.344450e-08  +3.894947e-22  +1.567120e-46  +8.756876e-82 
+2.412136e-268  +7.585308e-220  +3.312704e-182  +2.013220e-155  +3.245888e-124  +1.425150e-93  +9.198219e-74  +8.244891e-65  +2.925901e-44  +3.219706e-24  +6.577273e-15  +1.679319e-09  +2.010279e-04  +7.960829e-05  +1.621522e-05  +1.070928e-04  +1.178726e-04  +1.287976e-04  +6.300831e-05  +9.762070e-05  +1.440073e-04  +3.250109e-04  +1.156078e-04  +5.982187e-05  +2.107614e-04  +3.039053e-04  +7.370702e-05  +5.804184e-05  +1.542439e-07  +6.053218e-21  +3.301938e-45  +2.502996e-80 
+1.115615e-220  +3.508212e-172  +1.532129e-134  +9.292716e-108  +2.678240e-88  +5.267451e-63  +3.308762e-43  +2.965833e-34  +4.437864e-35  +4.477216e-15  +6.842915e-06  +1.318936e-04  +6.785552e-05  +4.393508e-04  +2.944274e-04  +3.384415e-04  +1.994997e-04  +1.304673e-04  +1.125569e-04  +1.135052e-04  +8.537576e-06  +2.110822e-04  +2.823972e-04  +3.228699e-04  +3.190356e-04  +1.297076e-04  +3.509439e-05  +1.269109e-05  +2.260376e-13  +8.848943e-27  +4.838435e-51  +3.674146e-86 
+7.165803e-184  +2.253390e-135  +9.841149e-98  +5.968885e-71  +5.034090e-55  +9.048671e-40  +1.674340e-23  +1.481653e-14  +1.846738e-16  +3.801589e-16  +1.318715e-06  +1.196489e-04  +6.129311e-05  +1.889515e-04  +9.011353e-05  +9.258048e-05  +1.706577e-04  +1.967802e-04  +1.740014e-04  +1.645095e-04  +8.132606e-05  +3.065793e-04  +9.664782e-05  +2.668710e-04  +3.421741e-04  +1.559899e-04  +2.161796e-05  +6.028820e-10  +4.057916e-20  +3.914769e-41  +9.912099e-68  +7.526877e-103 
+7.959511e-158  +2.010182e-109  +8.778782e-72  +5.324535e-45  +4.485072e-29  +1.040035e-20  +1.212206e-11  +1.039819e-05  +7.974561e-07  +8.006394e-06  +2.635726e-05  +2.143631e-04  +3.926078e-04  +1.842001e-04  +2.893143e-04  +2.044972e-04  +1.470912e-04  +1.594291e-05  +3.306123e-04  +8.464523e-06  +4.163140e-06  +2.987079e-04  +2.558951e-04  +1.430576e-04  +2.120213e-04  +8.064699e-05  +2.015929e-08  +3.296533e-20  +6.433692e-32  +1.692325e-49  +6.185221e-78  +3.139530e-117 
+3.599469e-134  +2.624521e-90  +2.220803e-56  +6.597102e-30  +5.556415e-14  +8.770895e-09  +3.558337e-05  +1.027791e-04  +7.448960e-05  +6.647716e-05  +1.965680e-04  +3.602460e-04  +4.978811e-04  +2.479162e-04  +4.977114e-04  +1.096345e-04  +1.042253e-04  +1.510315e-04  +2.631723e-04  +6.846614e-05  +1.405760e-04  +2.254415e-04  +1.505150e-05  +9.190988e-05  +7.059049e-05  +1.758645e-04  +2.405395e-05  +1.611602e-09  +3.051836e-16  +8.031462e-34  +2.935392e-62  +1.489963e-101 
+1.226165e-110  +1.122185e-71  +2.273831e-43  +5.088864e-21  +5.748048e-09  +1.680729e-04  +4.026906e-05  +6.954288e-05  +4.340714e-05  +1.596471e-04  +4.615056e-04  +3.331133e-04  +1.039882e-04  +3.156583e-04  +1.217959e-04  +4.218029e-05  +1.090791e-04  +2.298910e-04  +3.158735e-05  +3.195648e-04  +5.151030e-05  +2.323963e-05  +1.073880e-05  +6.207522e-09  +8.461686e-10  +3.673544e-06  +1.003525e-04  +1.061613e-04  +2.011453e-11  +5.293506e-29  +1.934705e-57  +9.820289e-97 
+7.577863e-98  +6.935236e-59  +8.814827e-31  +1.556035e-13  +1.370649e-06  +2.652263e-04  +7.961757e-05  +2.478294e-04  +2.308104e-04  +2.186446e-04  +2.162585e-04  +4.770771e-04  +4.087334e-04  +2.059277e-04  +1.542293e-04  +2.091065e-04  +1.909139e-04  +2.364061e-04  +8.298444e-05  +2.644590e-04  +6.044730e-05  +6.252918e-13  +1.447793e-15  +1.006896e-22  +1.331884e-24  +7.292658e-15  +5.216465e-09  +9.792666e-11  +1.841182e-17  +4.845406e-35  +1.770931e-63  +8.988992e-103 
+6.504028e-96  +5.952467e-57  +7.565930e-29  +1.343236e-11  +7.141451e-05  +5.157893e-04  +1.745379e-04  +2.030427e-04  +1.896218e-04  +2.040617e-04  +3.759503e-04  +4.827557e-04  +5.114248e-04  +2.590528e-04  +6.271957e-06  +1.468522e-04  +1.556592e-04  +7.690931e-09  +1.283920e-07  +3.493212e-06  +6.019659e-07  +7.121661e-17  +3.377470e-36  +3.788394e-44  +8.438080e-45  +4.160436e-31  +4.383148e-24  +1.876789e-27  +2.340569e-34  +6.159633e-52  +2.251263e-80  +1.142709e-119 
+7.752756e-105  +7.095518e-66  +9.073182e-38  +3.487425e-20  +4.431283e-09  +9.502375e-06  +1.902847e-04  +2.111169e-04  +3.081184e-04  +3.013233e-04  +2.386330e-04  +2.000610e-04  +2.767217e-04  +2.518669e-04  +2.614193e-05  +6.940483e-05  +2.092398e-06  +2.642237e-13  +1.591595e-20  +1.726500e-17  +6.609232e-18  +7.817888e-28  +1.284305e-48  +1.128593e-75  +9.820984e-75  +4.852661e-57  +5.114873e-50  +7.705409e-54  +4.132227e-62  +1.087471e-79  +3.974559e-108  +2.017429e-147 
+1.283459e-124  +1.182087e-85  +3.659132e-57  +2.401260e-33  +2.634247e-19  +3.869972e-12  +4.560577e-05  +7.956741e-05  +1.975849e-04  +9.824906e-06  +1.755273e-04  +2.762526e-05  +2.452141e-04  +8.297894e-05  +1.215623e-07  +1.456331e-12  +1.666866e-14  +1.310601e-25  +2.131181e-43  +1.244107e-39  +1.007799e-39  +1.192103e-49  +1.958360e-70  +4.467960e-102  +1.036234e-111  +7.864418e-94  +8.289369e-87  +1.213964e-90  +1.013200e-100  +2.666356e-118  +9.745173e-147  +4.946511e-186 
+2.970449e-155  +5.045411e-115  +2.514950e-79  +1.986562e-54  +3.601701e-39  +2.504777e-20  +2.737732e-12  +6.943486e-08  +8.298613e-08  +3.466071e-05  +1.926270e-04  +1.895024e-06  +2.320970e-04  +5.723820e-06  +1.718675e-13  +4.063134e-27  +1.907878e-33  +1.455559e-44  +1.590965e-66  +1.318136e-72  +2.134203e-72  +2.524504e-82  +4.147198e-103  +9.461751e-135  +2.332245e-159  +1.770073e-141  +1.865718e-134  +2.731127e-138  +3.455585e-150  +9.079390e-168  +3.318395e-196  +1.684370e-235 
+1.242774e-193  +5.080502e-147  +2.889626e-111  +2.751595e-86  +2.656703e-57  +2.090702e-38  +1.338280e-29  +3.627962e-21  +2.087968e-14  +2.117343e-06  +1.918425e-04  +2.533855e-04  +3.974410e-06  +1.194099e-13  +1.540122e-24  +9.227939e-44  +3.079114e-63  +2.292118e-74  +2.465557e-96  +2.142895e-116  +6.276761e-116  +7.424654e-126  +1.219706e-146  +2.782734e-178  +7.298972e-218  +5.532912e-200  +5.831881e-193  +8.536926e-197  +1.805101e-210  +4.293715e-228  +1.569295e-256  +7.965518e-296 
+1.979521e-236  +8.106943e-190  +4.624289e-154  +5.434918e-116  +3.079669e-86  +2.423559e-67  +8.054385e-54  +5.112307e-45  +3.377269e-24  +6.747891e-11  +3.241722e-08  +3.844666e-09  +8.633124e-11  +6.308739e-22  +2.758846e-43  +9.965968e-65  +1.016879e-95  +5.012844e-115  +5.392110e-137  +8.613362e-170  +2.563738e-170  +3.032595e-180  +4.981879e-201  +1.136606e-232  +3.601343e-275  +2.401896e-269  +2.531682e-262  +3.705971e-266  +8.605679e-281  +2.819991e-299  +0.000000e+00  +0.000000e+00 
+4.386806e-290  +1.796649e-243  +2.144465e-196  +8.749676e-156  +4.957960e-126  +4.246569e-107  +8.118233e-89  +1.369740e-62  +2.770821e-38  +7.843533e-25  +3.140872e-22  +1.506254e-24  +2.645398e-26  +1.933129e-37  +1.961970e-59  +2.783085e-92  +1.254381e-126  +1.525694e-166  +1.637723e-188  +2.446575e-221  +1.454286e-235  +1.720246e-245  +2.825981e-266  +6.447420e-298  +0.000000e+00  +0.000000e+00  +0.000000e+00  +0.000000e+00  +0.000000e+00  +0.000000e+00  +0.000000e+00  +0.000000e+00 
+0.000000e+00  +1.632002e-298  +4.794638e-247  +1.956270e-206  +1.108511e-176  +4.828611e-154  +1.505398e-122  +2.209390e-87  +4.503938e-63  +1.275121e-49  +5.021102e-47  +8.648929e-51  +1.125785e-52  +8.226541e-64  +8.349278e-86  +1.176843e-118  +2.303732e-162  +3.046708e-210  +6.908122e-251  +1.031996e-283  +1.145681e-311  +1.353740e-321  +0.000000e+00  +0.000000e+00  +0.000000e+00  +0.000000e+00  +0.000000e+00  +0.000000e+00  +0.000000e+00  +0.000000e+00  +0.000000e+00  +0.000000e+00 
+0.000000e+00  +0.000000e+00  +1.488780e-308  +6.074405e-268  +3.447568e-238  +3.215311e-204  +3.398340e-158  +4.988269e-123  +1.016883e-98  +2.878922e-85  +1.132088e-82  +7.028695e-88  +6.653668e-90  +4.861963e-101  +4.934502e-123  +6.955253e-156  +1.361509e-199  +3.701400e-254  +1.427465e-315  +0.000000e+00  +0.000000e+00  +0.000000e+00  +0.000000e+00  +0.000000e+00  +0.000000e+00  +0.000000e+00  +0.000000e+00  +0.000000e+00  +0.000000e+00  +0.000000e+00  +0.000000e+00  +0.000000e+00 
+0.000000e+00  +0.000000e+00  +0.000000e+00  +0.000000e+00  +1.475727e-307  +1.008180e-250  +1.065573e-204  +1.564107e-169  +3.188507e-145  +9.027061e-132  +3.549341e-129  +8.351259e-136  +5.461456e-138  +3.990654e-149  +4.050193e-171  +5.708807e-204  +1.117514e-247  +3.038074e-302  +0.000000e+00  +0.000000e+00  +0.000000e+00  +0.000000e+00  +0.000000e+00  +0.000000e+00  +0.000000e+00  +0.000000e+00  +0.000000e+00  +0.000000e+00  +0.000000e+00  +0.000000e+00  +0.000000e+00  +0.000000e+00 
+0.000000e+00  +0.000000e+00  +0.000000e+00  +0.000000e+00  +0.000000e+00  +4.390284e-308  +4.640211e-262  +6.811156e-227  +1.388487e-202  +3.930980e-189  +1.545604e-186  +2.235244e-194  +6.225854e-197  +4.548984e-208  +4.616853e-230  +6.507522e-263  +1.273864e-306  +0.000000e+00  +0.000000e+00  +0.000000e+00  +0.000000e+00  +0.000000e+00  +0.000000e+00  +0.000000e+00  +0.000000e+00  +0.000000e+00  +0.000000e+00  +0.000000e+00  +0.000000e+00  +0.000000e+00  +0.000000e+00  +0.000000e+00 
