+0.000000e+00  +0.000000e+00  +0.000000e+00  +0.000000e+00  +0.000000e+00  +0.000000e+00  +0.000000e+00  +0.000000e+00  +0.000000e+00  +0.000000e+00  +9.026442e-296  +1.220204e-246  +2.290950e-208  +2.690914e-177  +1.663738e-152  +1.428909e-138  +1.704363e-135  +2.823304e-143  +6.495179e-162  +2.150835e-185  +5.496618e-183  +8.084577e-181  +3.212417e-178  +1.772786e-186  +1.323165e-199  +4.103855e-206  +1.767699e-223  +1.057457e-251  +8.785267e-291  +0.000000e+00  +0.000000e+00  +0.000000e+00 
+0.000000e+00  +0.000000e+00  +0.000000e+00  +0.000000e+00  +0.000000e+00  +0.000000e+00  +0.000000e+00  +0.000000e+00  +0.000000e+00  +6.403040e-281  +2.348372e-243  +3.167546e-194  +5.946955e-156  +1.734883e-128  +1.129434e-104  +9.700197e-91  +1.157013e-87  +1.916609e-95  +4.411302e-114  +2.314173e-128  +3.137909e-126  +6.516386e-125  +2.587961e-122  +1.428177e-130  +5.698619e-140  +1.767454e-146  +7.613151e-164  +4.554270e-192  +3.783651e-231  +4.365573e-281  +0.000000e+00  +0.000000e+00 
+0.000000e+00  +0.000000e+00  +0.000000e+00  +0.000000e+00  +0.000000e+00  +0.000000e+00  +0.000000e+00  +5.335909e-322  +1.307318e-265  +4.450052e-220  +2.114406e-185  +1.141961e-152  +2.143991e-114  +5.596193e-87  +1.066900e-67  +9.145227e-54  +1.090817e-50  +1.806956e-58  +6.044184e-75  +3.841533e-82  +2.487857e-80  +7.366160e-80  +2.895545e-77  +1.597913e-85  +3.408503e-91  +1.057163e-97  +4.553637e-115  +2.724036e-143  +2.263107e-182  +2.614717e-232  +4.589524e-292  +0.000000e+00 
+0.000000e+00  +0.000000e+00  +0.000000e+00  +0.000000e+00  +0.000000e+00  +0.000000e+00  +0.000000e+00  +5.148283e-272  +1.261851e-215  +4.295283e-170  +2.030622e-135  +2.843820e-111  +1.073469e-83  +2.801941e-56  +1.056959e-39  +1.197421e-27  +1.428249e-24  +2.366184e-32  +2.472362e-43  +9.375085e-47  +2.739697e-45  +1.379502e-45  +4.500888e-43  +2.483741e-51  +2.831364e-53  +8.781608e-60  +3.782600e-77  +2.262801e-105  +1.931882e-144  +4.423285e-192  +5.177600e-249  +1.115869e-316 
+0.000000e+00  +0.000000e+00  +0.000000e+00  +0.000000e+00  +0.000000e+00  +0.000000e+00  +3.910383e-300  +6.901239e-233  +1.691503e-176  +5.757798e-131  +2.721937e-96  +1.801495e-72  +4.133376e-57  +1.948339e-36  +7.253168e-20  +2.239232e-12  +2.597132e-09  +1.568544e-15  +1.719772e-21  +3.265929e-22  +4.205424e-21  +1.313695e-21  +9.778269e-20  +5.550415e-28  +3.266371e-26  +1.013081e-32  +4.364090e-50  +4.079515e-78  +8.960996e-114  +8.016963e-160  +1.740128e-214  +9.686022e-279 
+0.000000e+00  +0.000000e+00  +0.000000e+00  +0.000000e+00  +0.000000e+00  +0.000000e+00  +7.279842e-272  +1.284783e-204  +3.149020e-148  +1.071912e-102  +5.067347e-68  +3.327095e-44  +8.500370e-31  +2.266311e-24  +7.004918e-11  +5.984101e-05  +8.144294e-05  +1.211727e-05  +8.145195e-08  +1.634073e-08  +9.955577e-08  +6.503624e-08  +3.309369e-07  +6.755397e-13  +5.233281e-10  +1.625658e-16  +8.708386e-33  +3.552202e-57  +7.589697e-91  +2.139440e-133  +8.618967e-187  +4.822274e-251 
+0.000000e+00  +0.000000e+00  +0.000000e+00  +0.000000e+00  +0.000000e+00  +0.000000e+00  +1.882192e-254  +3.321777e-187  +8.141716e-131  +2.771402e-85  +1.310150e-50  +8.601633e-27  +7.943779e-14  +4.524602e-09  +2.444798e-08  +1.761641e-04  +2.129693e-04  +1.116941e-04  +8.743782e-05  +1.803878e-04  +1.824654e-04  +1.429826e-04  +4.649805e-04  +4.428424e-05  +1.203034e-04  +8.473131e-09  +1.889559e-21  +2.441511e-42  +5.099420e-74  +1.479253e-116  +2.609933e-168  +1.541832e-219 
+0.000000e+00  +0.000000e+00  +0.000000e+00  +0.000000e+00  +2.064157e-319  +3.133762e-265  +6.607430e-222  +1.222320e-176  +9.874761e-124  +1.381552e-78  +5.002687e-44  +3.120571e-20  +2.821178e-07  +1.849909e-04  +2.375948e-06  +1.558812e-04  +1.964879e-04  +2.365670e-04  +5.086334e-05  +2.260743e-04  +7.384814e-05  +1.835597e-04  +1.951062e-04  +9.737253e-05  +2.167613e-04  +1.439939e-05  +1.558750e-15  +2.394598e-36  +2.061544e-62  +2.565729e-96  +8.920816e-135  +4.516567e-184 
+0.000000e+00  +0.000000e+00  +0.000000e+00  +0.000000e+00  +1.512426e-267  +2.296163e-213  +4.841381e-170  +1.417665e-137  +3.189776e-104  +2.741788e-67  +3.646203e-41  +4.001562e-19  +5.961141e-07  +5.206459e-05  +5.405319e-06  +1.506984e-04  +2.232543e-05  +1.503080e-04  +1.576571e-04  +1.423358e-04  +1.421136e-04  +1.429778e-04  +2.818693e-04  +2.554663e-04  +1.905734e-04  +9.232662e-06  +8.713662e-11  +2.575868e-24  +3.794914e-44  +9.955855e-72  +8.518996e-110  +4.879770e-155 
+0.000000e+00  +0.000000e+00  +0.000000e+00  +1.407856e-291  +1.539036e-226  +2.336563e-172  +4.926561e-129  +1.442608e-96  +5.866657e-75  +1.607946e-53  +1.919478e-27  +3.182326e-12  +8.764333e-07  +1.902151e-04  +2.011291e-04  +1.533173e-04  +2.175006e-04  +1.087699e-04  +1.530613e-04  +2.104505e-04  +2.994203e-04  +3.330924e-04  +3.570248e-04  +4.340568e-05  +6.692902e-05  +8.811753e-05  +3.855423e-07  +1.138407e-13  +2.529470e-30  +2.000360e-54  +6.908538e-88  +9.028667e-126 
+0.000000e+00  +0.000000e+00  +9.666194e-314  +1.989623e-261  +2.175011e-196  +3.302098e-142  +6.962360e-99  +2.038736e-66  +8.290931e-45  +4.682563e-34  +1.142909e-22  +2.820143e-09  +7.286961e-05  +1.770334e-04  +2.220853e-04  +9.512135e-06  +1.667946e-04  +2.278892e-04  +2.226614e-04  +1.923780e-04  +5.243070e-05  +1.192245e-04  +1.699515e-04  +1.881069e-04  +2.800482e-04  +7.558681e-05  +7.624246e-05  +4.244021e-08  +1.659157e-20  +7.455460e-39  +8.858816e-66  +1.462630e-103 
+0.000000e+00  +4.713440e-303  +1.791676e-251  +9.458424e-211  +4.269554e-177  +6.480978e-123  +1.366492e-79  +4.001395e-47  +1.627248e-25  +9.190395e-15  +1.987236e-13  +5.932112e-07  +1.678186e-04  +9.913800e-05  +2.918962e-04  +2.096458e-04  +1.631400e-04  +1.492254e-04  +2.301074e-05  +7.890413e-05  +2.765830e-04  +2.377415e-04  +1.883446e-04  +4.606096e-06  +1.497084e-04  +2.981054e-05  +2.774757e-05  +2.209853e-05  +1.959159e-11  +1.676500e-27  +1.993078e-54  +3.290660e-92 
+4.432985e-314  +1.213332e-251  +4.612126e-200  +2.434785e-159  +1.785081e-129  +5.546400e-110  +3.724774e-71  +1.090711e-38  +4.436141e-17  +2.507500e-06  +2.394232e-06  +7.362761e-05  +2.159487e-04  +1.865463e-04  +3.495824e-04  +1.796882e-04  +4.652832e-05  +4.653133e-06  +4.218329e-05  +2.282485e-05  +6.021333e-05  +1.590779e-04  +7.826212e-05  +8.073500e-05  +8.336614e-05  +3.780784e-09  +1.174142e-05  +7.430574e-05  +6.977743e-11  +5.254503e-27  +6.227886e-54  +1.028183e-91 
+1.584806e-273  +4.337700e-211  +1.648849e-159  +8.704430e-119  +6.381719e-89  +6.514080e-70  +4.911700e-57  +6.514411e-36  +1.546461e-15  +6.148548e-06  +8.854316e-05  +1.692814e-04  +1.620496e-04  +8.918087e-05  +1.975225e-04  +4.668021e-05  +1.019101e-04  +3.859480e-07  +1.872373e-04  +1.393655e-04  +1.006409e-04  +2.109412e-04  +1.302964e-04  +9.925310e-06  +1.958448e-04  +6.973558e-05  +1.401953e-04  +4.494166e-06  +3.101324e-14  +1.191622e-32  +2.607395e-61  +9.856830e-101 
+7.868533e-244  +2.153660e-181  +8.186508e-130  +4.321734e-89  +3.168512e-59  +3.226205e-40  +3.005813e-30  +2.310599e-25  +7.504671e-12  +2.912312e-06  +2.101881e-04  +2.087965e-04  +8.369815e-05  +1.605449e-04  +2.308362e-04  +7.061576e-07  +7.847111e-05  +1.276133e-09  +9.584147e-06  +6.058421e-05  +1.064976e-04  +5.015226e-05  +2.500029e-04  +1.449013e-04  +9.233769e-05  +1.582186e-05  +3.069320e-09  +4.558827e-16  +1.193549e-24  +9.617993e-44  +1.096335e-73  +2.462023e-114 
+5.425621e-225  +1.485022e-162  +5.644875e-111  +2.979983e-70  +2.184797e-40  +2.224571e-21  +3.393490e-13  +1.044496e-09  +5.667023e-08  +6.649978e-05  +1.131230e-04  +3.934518e-04  +2.103675e-04  +1.120879e-04  +1.054500e-04  +6.501322e-05  +6.221714e-05  +4.871438e-06  +8.324576e-09  +1.189830e-05  +1.077315e-04  +1.685409e-04  +1.929974e-04  +1.495433e-04  +1.229273e-04  +3.551351e-05  +2.940864e-13  +3.453650e-32  +7.667385e-46  +6.172342e-65  +6.902001e-95  +1.071945e-135 
+5.195696e-217  +1.422090e-154  +5.405655e-103  +2.853695e-62  +2.092208e-32  +2.130297e-13  +3.012698e-05  +1.222132e-04  +1.598861e-05  +1.071030e-05  +8.129306e-05  +2.110377e-04  +2.247336e-04  +1.454410e-04  +3.931123e-07  +1.003408e-07  +2.750926e-06  +9.799445e-05  +7.287531e-05  +2.637250e-04  +3.192144e-05  +1.335177e-04  +2.057079e-04  +1.288418e-04  +9.092268e-05  +3.352192e-05  +2.275725e-14  +2.514037e-34  +7.380932e-65  +5.505897e-97  +6.156751e-127  +9.561214e-168 
+6.746260e-216  +1.317370e-153  +3.572706e-102  +1.345659e-61  +7.039222e-32  +5.114249e-13  +5.309121e-05  +1.483694e-04  +8.950350e-05  +8.585696e-05  +1.196696e-04  +8.036363e-05  +4.311431e-04  +7.861633e-05  +1.282043e-04  +5.584756e-05  +1.829934e-05  +2.424972e-04  +7.798547e-05  +1.077235e-04  +2.125645e-04  +2.680727e-04  +1.003330e-04  +4.341306e-06  +2.237605e-06  +1.991379e-11  +1.476774e-20  +1.521106e-40  +2.175964e-71  +4.322995e-113  +1.192848e-165  +1.184484e-210 
+7.787029e-220  +1.520542e-157  +4.123472e-106  +1.553002e-65  +8.147938e-36  +9.814874e-17  +8.603381e-07  +1.904296e-04  +2.570309e-04  +1.481943e-04  +1.348651e-04  +2.734027e-04  +2.322716e-04  +1.209998e-04  +1.697060e-04  +2.914371e-05  +4.822335e-04  +2.072282e-04  +2.729832e-04  +6.081073e-05  +1.064316e-04  +1.291905e-04  +1.485802e-07  +1.234694e-14  +1.725544e-16  +5.592356e-26  +1.401855e-37  +1.443980e-57  +2.065652e-88  +4.103846e-130  +1.132304e-182  +4.338832e-246 
+1.248426e-234  +2.437778e-172  +6.625371e-121  +3.666271e-80  +1.332560e-48  +2.059180e-27  +6.093371e-13  +1.609879e-06  +1.584451e-04  +5.171890e-04  +2.928214e-04  +2.879474e-04  +2.729685e-04  +2.492457e-04  +3.837726e-04  +7.237315e-05  +2.839309e-04  +2.537134e-04  +2.241544e-04  +1.546940e-04  +7.867761e-05  +7.162923e-07  +7.426444e-10  +2.453847e-23  +1.848036e-37  +5.969100e-47  +1.874972e-65  +1.903733e-85  +2.723341e-116  +5.410482e-158  +1.492821e-210  +5.720285e-274 
+2.784026e-260  +7.254642e-198  +1.077062e-144  +8.579841e-102  +1.336945e-69  +1.936578e-39  +2.229067e-17  +3.573301e-06  +2.343209e-05  +3.053445e-04  +4.891642e-04  +4.332590e-04  +2.704391e-04  +2.780985e-04  +3.401125e-04  +1.066384e-04  +1.297666e-04  +1.250842e-04  +2.063115e-04  +8.670504e-06  +2.519930e-11  +6.918591e-15  +2.699328e-22  +8.919793e-36  +4.093509e-60  +8.878326e-79  +3.982641e-99  +3.485692e-124  +4.986373e-155  +9.906465e-197  +2.733321e-249  +1.047371e-312 
+4.504683e-295  +1.850322e-230  +2.305939e-175  +9.471293e-121  +5.667080e-77  +4.709203e-44  +5.440685e-22  +1.344723e-09  +5.829512e-05  +4.763685e-04  +5.813564e-04  +2.334008e-04  +4.353033e-04  +3.414571e-04  +2.701858e-04  +4.512910e-04  +2.971146e-04  +3.505929e-04  +2.251099e-04  +5.827484e-06  +2.190608e-13  +2.211378e-30  +1.959379e-45  +4.503292e-59  +2.066670e-83  +1.319029e-118  +8.226739e-142  +6.011455e-173  +1.267960e-204  +2.519065e-246  +6.950425e-299  +0.000000e+00 
+0.000000e+00  +2.399448e-256  +7.443643e-191  +3.206990e-136  +1.918942e-92  +2.270712e-59  +1.125618e-33  +2.592821e-15  +1.492116e-06  +2.011381e-04  +2.012164e-04  +2.272701e-04  +3.581077e-04  +1.796835e-04  +1.819395e-04  +4.244849e-05  +2.095329e-05  +1.433419e-04  +1.824975e-04  +4.021375e-05  +2.960228e-11  +3.058123e-28  +4.387557e-56  +3.244933e-93  +1.449053e-117  +9.235561e-153  +2.360893e-195  +1.470281e-226  +4.479067e-265  +8.896069e-307  +0.000000e+00  +0.000000e+00 
+0.000000e+00  +1.128334e-282  +3.500356e-217  +1.526861e-162  +1.607516e-116  +1.831966e-75  +5.080825e-42  +2.515887e-19  +2.966638e-07  +1.048922e-04  +6.026938e-05  +2.672506e-04  +1.572459e-04  +7.186547e-05  +3.581953e-05  +1.329476e-04  +1.801152e-09  +2.464203e-11  +2.664942e-10  +1.627367e-13  +5.689793e-20  +5.877954e-37  +8.433230e-65  +1.680350e-103  +4.649898e-153  +8.993205e-198  +7.960336e-244  +5.857825e-291  +0.000000e+00  +0.000000e+00  +0.000000e+00  +0.000000e+00 
+0.000000e+00  +7.371459e-320  +1.624698e-247  +1.067813e-180  +9.772527e-125  +1.273417e-79  +2.969518e-45  +3.050638e-21  +1.174809e-07  +2.266979e-04  +2.056826e-04  +2.276198e-04  +2.056394e-04  +1.287483e-04  +3.072842e-04  +3.141045e-06  +1.029754e-05  +3.743688e-11  +9.936273e-25  +2.920588e-31  +1.518865e-39  +1.569045e-56  +2.251143e-84  +4.485479e-123  +1.241231e-172  +4.770174e-233  +1.076542e-299  +0.000000e+00  +0.000000e+00  +0.000000e+00  +0.000000e+00  +0.000000e+00 
+0.000000e+00  +0.000000e+00  +1.662459e-249  +4.282972e-182  +1.532427e-125  +7.614813e-80  +5.255360e-45  +5.038199e-21  +6.719436e-08  +6.264926e-05  +9.126736e-05  +1.321351e-04  +2.820338e-05  +1.965150e-05  +1.437885e-04  +7.588698e-05  +5.114213e-05  +8.361692e-08  +2.155351e-21  +7.737448e-46  +5.649724e-70  +5.816778e-87  +8.345459e-115  +1.662861e-153  +4.601503e-203  +1.768403e-263  +0.000000e+00  +0.000000e+00  +0.000000e+00  +0.000000e+00  +0.000000e+00  +0.000000e+00 
+0.000000e+00  +0.000000e+00  +1.924780e-258  +4.958778e-191  +1.774215e-134  +8.816086e-89  +6.083918e-54  +5.830813e-30  +7.785347e-17  +2.019650e-13  +3.764696e-07  +2.663044e-05  +1.722016e-05  +4.993657e-05  +8.620752e-05  +4.815802e-05  +7.502564e-07  +1.219241e-09  +2.759160e-23  +8.671659e-48  +3.784996e-83  +3.224237e-128  +4.296703e-156  +8.561326e-195  +2.369107e-244  +9.104716e-305  +0.000000e+00  +0.000000e+00  +0.000000e+00  +0.000000e+00  +0.000000e+00  +0.000000e+00 
+0.000000e+00  +0.000000e+00  +3.094920e-278  +7.973392e-211  +2.852822e-154  +1.417569e-108  +9.782544e-74  +9.375584e-50  +1.260668e-36  +4.072269e-28  +1.264391e-17  +2.340384e-13  +7.435962e-13  +3.707817e-09  +4.168203e-07  +1.815377e-07  +9.158766e-15  +1.556546e-21  +3.522484e-35  +1.107068e-59  +4.832117e-95  +2.929129e-141  +2.465912e-198  +6.121588e-247  +1.693978e-296  +0.000000e+00  +0.000000e+00  +0.000000e+00  +0.000000e+00  +0.000000e+00  +0.000000e+00  +0.000000e+00 
+0.000000e+00  +0.000000e+00  +6.911239e-309  +1.780531e-241  +6.370612e-185  +3.165561e-139  +2.184531e-104  +2.093665e-80  +2.880134e-67  +7.137729e-51  +2.264083e-37  +2.554247e-31  +9.394259e-31  +5.567745e-22  +1.319240e-19  +1.494026e-20  +7.479333e-28  +2.812293e-44  +6.245397e-58  +1.962841e-82  +8.567387e-118  +5.193373e-164  +4.372084e-221  +5.111702e-289  +0.000000e+00  +0.000000e+00  +0.000000e+00  +0.000000e+00  +0.000000e+00  +0.000000e+00  +0.000000e+00  +0.000000e+00 
+0.000000e+00  +0.000000e+00  +0.000000e+00  +5.521968e-283  +1.975721e-226  +9.817368e-181  +6.774895e-146  +6.493208e-122  +1.769443e-104  +3.057666e-82  +5.809295e-68  +4.474006e-60  +9.986776e-58  +1.161307e-45  +6.074307e-43  +1.749097e-44  +8.483492e-52  +5.957568e-70  +1.537832e-91  +4.833193e-116  +2.109586e-151  +1.278787e-197  +1.076558e-254  +1.235164e-322  +0.000000e+00  +0.000000e+00  +0.000000e+00  +0.000000e+00  +0.000000e+00  +0.000000e+00  +0.000000e+00  +0.000000e+00 
+0.000000e+00  +0.000000e+00  +0.000000e+00  +0.000000e+00  +8.509574e-279  +4.228413e-233  +2.917997e-198  +2.796847e-174  +1.288326e-148  +1.084996e-123  +2.110079e-109  +1.090835e-99  +2.845122e-92  +3.363988e-80  +3.970870e-77  +3.117878e-79  +1.336363e-86  +9.384664e-105  +9.205327e-134  +1.652803e-160  +7.214133e-196  +4.373058e-242  +3.681496e-299  +0.000000e+00  +0.000000e+00  +0.000000e+00  +0.000000e+00  +0.000000e+00  +0.000000e+00  +0.000000e+00  +0.000000e+00  +0.000000e+00 
+0.000000e+00  +0.000000e+00  +0.000000e+00  +0.000000e+00  +0.000000e+00  +2.529284e-296  +1.745441e-261  +4.018776e-235  +3.911548e-201  +5.368097e-176  +2.415866e-161  +3.693808e-150  +1.144572e-137  +1.353331e-125  +3.641312e-122  +1.017250e-124  +2.923561e-132  +2.053082e-150  +2.002344e-179  +7.852280e-216  +3.426170e-251  +2.076873e-297  +0.000000e+00  +0.000000e+00  +0.000000e+00  +0.000000e+00  +0.000000e+00  +0.000000e+00  +0.000000e+00  +0.000000e+00  +0.000000e+00  +0.000000e+00 
