+0.000000e+00  +0.000000e+00  +0.000000e+00  +0.000000e+00  +0.000000e+00  +0.000000e+00  +5.065886e-316  +2.401021e-292  +1.652567e-279  +1.582060e-277  +3.567073e-281  +1.036155e-290  +3.686810e-301  +1.828043e-322  +0.000000e+00  +0.000000e+00  +0.000000e+00  +0.000000e+00  +0.000000e+00  +0.000000e+00  +0.000000e+00  +0.000000e+00  +1.254927e-321  +5.137996e-316  +2.924869e-321  +0.000000e+00  +0.000000e+00  +0.000000e+00  +0.000000e+00  +0.000000e+00  +0.000000e+00  +0.000000e+00 
+0.000000e+00  +0.000000e+00  +0.000000e+00  +0.000000e+00  +2.797733e-309  +6.460537e-271  +2.217293e-243  +7.205570e-221  +4.959420e-208  +4.756301e-206  +2.324047e-209  +1.757752e-217  +6.297199e-228  +3.133958e-249  +2.642174e-274  +3.520530e-303  +0.000000e+00  +0.000000e+00  +0.000000e+00  +0.000000e+00  +1.270777e-288  +2.700911e-261  +7.972400e-245  +3.268179e-239  +1.860632e-244  +1.471139e-260  +1.697956e-287  +4.100745e-322  +0.000000e+00  +0.000000e+00  +0.000000e+00  +0.000000e+00 
+0.000000e+00  +0.000000e+00  +0.000000e+00  +2.189356e-295  +3.640330e-246  +8.406266e-208  +2.696503e-180  +3.004354e-160  +2.067001e-147  +1.990014e-145  +2.102889e-148  +4.168491e-155  +1.493764e-165  +7.523766e-187  +6.920742e-207  +1.223888e-235  +1.593105e-269  +1.167929e-313  +6.656588e-310  +7.335278e-261  +1.122586e-222  +2.385944e-195  +7.042698e-179  +2.887060e-173  +1.643654e-178  +1.299821e-194  +1.001505e-220  +4.253194e-254  +2.925302e-298  +0.000000e+00  +0.000000e+00  +0.000000e+00 
+0.000000e+00  +0.000000e+00  +3.304475e-303  +3.956297e-243  +6.578293e-194  +1.519062e-155  +4.871650e-128  +1.955279e-110  +1.196433e-97  +1.161509e-95  +2.642574e-98  +1.373242e-103  +4.921015e-114  +2.716876e-132  +2.518360e-150  +1.896544e-176  +9.993746e-210  +7.326569e-254  +1.006948e-254  +8.999213e-206  +1.377233e-167  +2.927172e-140  +8.640264e-124  +3.541961e-118  +2.016502e-123  +1.629176e-139  +1.242685e-163  +6.145660e-197  +4.226942e-241  +4.037589e-296  +0.000000e+00  +0.000000e+00 
+0.000000e+00  +0.000000e+00  +8.293022e-262  +9.928856e-202  +1.650911e-152  +3.812290e-114  +1.222605e-86  +5.585070e-70  +9.617796e-59  +9.505258e-57  +4.612083e-59  +6.282862e-63  +2.251570e-73  +1.332467e-86  +1.706133e-104  +1.649364e-127  +8.706639e-161  +6.382975e-205  +3.783292e-202  +1.603920e-161  +2.346569e-123  +4.987399e-96  +1.472153e-79  +6.034894e-74  +3.436044e-79  +9.699838e-95  +2.490275e-117  +1.233281e-150  +8.482421e-195  +8.102435e-250  +1.074854e-315  +0.000000e+00 
+0.000000e+00  +1.647238e-296  +3.047403e-230  +3.461211e-171  +5.754027e-122  +1.328722e-83  +4.261225e-56  +1.898055e-39  +1.074919e-30  +1.102206e-28  +1.119339e-30  +3.992143e-33  +2.581126e-43  +9.313454e-52  +5.259177e-67  +1.995613e-89  +1.053469e-122  +1.985887e-165  +1.044621e-159  +1.949607e-120  +5.603143e-90  +1.180152e-62  +3.483508e-46  +1.428018e-40  +8.205752e-46  +1.952647e-59  +6.940227e-82  +3.437110e-115  +2.364021e-159  +2.258120e-214  +2.995579e-280  +0.000000e+00 
+1.221981e-315  +5.173282e-260  +5.224070e-201  +1.214907e-145  +4.202385e-101  +6.433382e-64  +2.062627e-36  +9.186714e-20  +2.247340e-13  +1.876183e-11  +3.899340e-13  +3.522892e-14  +2.707505e-20  +1.229263e-27  +8.822234e-40  +3.356361e-62  +1.642866e-94  +1.062197e-112  +2.574051e-127  +7.476080e-89  +1.937760e-60  +3.885261e-40  +1.144771e-23  +4.692994e-18  +5.605424e-23  +7.533093e-35  +2.686229e-57  +1.330341e-90  +9.149992e-135  +8.740102e-190  +1.159445e-255  +0.000000e+00 
+6.910825e-263  +2.841281e-210  +7.749340e-166  +1.040255e-125  +1.032072e-82  +4.629345e-49  +3.022467e-26  +6.178208e-11  +4.192849e-05  +1.054954e-04  +3.462646e-06  +5.455220e-06  +2.043075e-07  +7.534688e-12  +2.126188e-23  +2.343735e-43  +5.875995e-65  +1.249886e-70  +3.524957e-85  +3.981428e-68  +1.031965e-39  +3.714746e-22  +5.227229e-12  +2.150314e-06  +1.589168e-09  +4.049194e-21  +1.443944e-43  +7.151058e-77  +4.918448e-121  +4.698117e-176  +6.232432e-242  +1.148233e-318 
+5.427923e-221  +2.231608e-168  +1.274207e-126  +2.241830e-93  +4.041236e-64  +2.097655e-41  +1.070229e-18  +9.123173e-07  +7.022991e-05  +6.109459e-05  +6.195160e-05  +2.955552e-04  +5.822979e-05  +5.316197e-06  +7.186181e-14  +1.963374e-26  +3.384399e-34  +2.545013e-39  +7.944252e-54  +1.061755e-52  +7.632517e-30  +2.747463e-12  +1.374772e-05  +8.853484e-05  +1.177336e-06  +3.022831e-18  +1.077943e-40  +5.338455e-74  +3.671753e-118  +3.507270e-173  +7.125785e-239  +2.119233e-292 
+5.920732e-190  +2.434219e-137  +1.389894e-95  +1.102153e-64  +1.254371e-42  +3.124024e-24  +5.773081e-16  +4.708013e-06  +7.673984e-05  +1.260408e-04  +6.425307e-06  +1.412477e-05  +2.144093e-04  +1.287850e-04  +2.639310e-07  +4.569806e-12  +2.946770e-14  +7.748818e-19  +3.102255e-30  +6.690627e-26  +1.675926e-23  +4.558921e-13  +2.662996e-05  +2.976825e-05  +6.623956e-09  +2.635151e-23  +2.570024e-48  +5.545893e-82  +5.034022e-118  +2.236531e-149  +1.379979e-191  +1.182519e-244 
+3.657407e-167  +3.687562e-117  +2.105530e-75  +1.669635e-44  +1.838738e-24  +1.361785e-13  +4.667088e-06  +1.284840e-04  +1.818061e-05  +1.179015e-04  +1.311961e-04  +1.609233e-04  +1.971414e-04  +5.418026e-05  +1.107984e-04  +7.230387e-06  +4.362947e-05  +4.518894e-09  +3.416516e-13  +6.990093e-10  +3.421024e-10  +3.768646e-07  +1.523745e-04  +2.807003e-06  +9.493332e-11  +3.772167e-25  +1.135123e-43  +1.219448e-60  +3.901059e-81  +1.733175e-112  +1.069400e-154  +9.163802e-208 
+8.107094e-135  +1.003705e-94  +7.532335e-64  +3.512686e-35  +3.868464e-15  +5.917174e-06  +6.843263e-05  +1.724595e-04  +2.085875e-04  +2.866277e-04  +4.557318e-04  +1.942609e-04  +2.074310e-04  +2.037847e-04  +1.994888e-04  +1.231638e-04  +1.637970e-04  +3.446726e-05  +4.833526e-05  +1.379369e-04  +1.968369e-04  +2.625628e-05  +8.644570e-05  +3.337383e-09  +9.393559e-10  +6.322628e-14  +8.513418e-25  +1.312400e-34  +4.198440e-55  +1.865296e-86  +1.150921e-128  +9.862366e-182 
+7.005415e-108  +3.995966e-71  +5.637421e-44  +5.515542e-24  +2.504087e-13  +7.797848e-06  +1.648891e-04  +1.570334e-04  +1.082267e-04  +1.431016e-04  +2.908547e-04  +2.782025e-04  +2.271102e-04  +3.618623e-04  +7.472059e-05  +3.138101e-04  +1.106157e-04  +1.362841e-04  +1.148464e-04  +6.094700e-06  +2.984112e-04  +1.910515e-04  +2.774016e-04  +1.565284e-04  +1.372837e-04  +2.273338e-06  +8.518067e-10  +1.961597e-19  +6.275278e-40  +2.788096e-71  +1.720922e-113  +1.480156e-166 
+8.605135e-92  +4.907588e-55  +3.887022e-29  +4.820076e-14  +7.841821e-06  +1.349672e-04  +1.092115e-04  +2.797738e-04  +3.365947e-04  +3.414875e-04  +2.362401e-04  +1.103111e-04  +7.420769e-05  +4.215197e-04  +1.860356e-04  +6.153521e-04  +3.545827e-04  +2.114511e-04  +1.176912e-05  +3.417741e-04  +1.351659e-04  +1.583840e-04  +4.020889e-04  +1.219722e-04  +3.502913e-05  +3.746161e-05  +1.968870e-05  +8.874678e-15  +1.722699e-34  +7.390601e-65  +4.692854e-106  +4.165021e-158 
+1.507147e-86  +8.564600e-50  +6.769244e-24  +7.437628e-09  +2.065171e-04  +1.601083e-04  +1.494801e-04  +2.454540e-04  +2.254505e-04  +1.513724e-04  +1.986830e-04  +3.302687e-04  +3.764116e-04  +2.351589e-04  +3.209524e-04  +3.360184e-04  +4.592492e-04  +1.812280e-04  +2.989923e-05  +8.318170e-05  +4.128421e-04  +4.072678e-04  +1.954616e-04  +6.495156e-04  +1.370548e-04  +1.059393e-04  +1.921082e-06  +4.580944e-15  +1.518867e-34  +6.993952e-65  +4.472636e-106  +3.972302e-158 
+9.971492e-83  +5.491639e-47  +4.312382e-22  +5.386920e-08  +1.918209e-04  +3.085173e-04  +2.661435e-04  +1.953480e-04  +2.979024e-04  +3.063100e-04  +1.549248e-04  +1.805877e-04  +4.302998e-04  +2.480370e-04  +1.697032e-04  +2.660301e-04  +4.492604e-04  +2.414500e-04  +3.750602e-04  +1.110640e-04  +1.310161e-04  +1.095062e-04  +1.491000e-04  +1.727413e-04  +1.678519e-04  +1.011240e-04  +1.263634e-08  +2.281043e-23  +2.012537e-45  +9.264407e-76  +5.924593e-117  +5.261836e-169 
+7.223157e-87  +3.955366e-51  +3.008124e-26  +3.177728e-12  +3.651966e-07  +1.552935e-06  +8.051887e-05  +1.633393e-04  +1.541172e-04  +1.101671e-04  +9.989066e-05  +6.068591e-05  +1.158807e-04  +5.763512e-05  +9.032093e-05  +1.540395e-04  +3.625607e-04  +1.128759e-04  +1.365984e-04  +3.160167e-04  +3.176565e-04  +2.091411e-04  +1.052234e-04  +1.694919e-04  +1.419570e-04  +4.516512e-05  +4.693490e-13  +6.687891e-28  +1.530625e-53  +4.865047e-90  +2.256542e-137  +9.680017e-191 
+7.275563e-102  +3.984040e-66  +3.029833e-41  +3.332339e-27  +8.983815e-19  +4.033976e-17  +2.298089e-12  +2.292012e-10  +2.228620e-07  +8.566214e-07  +8.479896e-10  +4.754796e-13  +4.294975e-08  +5.175081e-07  +3.684521e-05  +5.155139e-05  +3.687340e-04  +2.644909e-04  +3.518734e-04  +2.615164e-04  +1.707603e-04  +1.913259e-04  +7.700457e-05  +8.678830e-05  +1.406604e-04  +5.347281e-08  +1.664013e-19  +3.452606e-39  +8.774436e-69  +2.471705e-105  +1.091069e-152  +6.688769e-211 
+1.017758e-127  +5.573162e-92  +4.238454e-67  +5.184895e-51  +3.513352e-41  +1.577602e-35  +9.323363e-31  +3.757234e-24  +1.499654e-20  +8.550431e-19  +3.810648e-22  +3.531629e-30  +2.630756e-17  +1.871772e-06  +2.719638e-04  +2.224887e-04  +2.803605e-04  +2.009269e-04  +1.366156e-05  +9.793434e-05  +3.078940e-04  +1.421569e-04  +1.234254e-04  +1.715902e-04  +5.893852e-06  +1.650611e-12  +1.370027e-26  +2.002509e-51  +4.361694e-86  +1.588213e-127  +8.583877e-179  +4.719480e-237 
+1.977245e-164  +1.082724e-128  +8.802924e-104  +2.799906e-84  +1.913855e-74  +8.884903e-65  +5.408379e-60  +3.755541e-48  +1.420106e-44  +1.186089e-41  +5.281542e-45  +1.017279e-47  +5.211006e-26  +1.468548e-12  +1.340826e-05  +9.578879e-05  +1.299927e-04  +2.905135e-04  +2.169258e-04  +3.914495e-04  +1.671444e-04  +9.490163e-05  +1.134779e-07  +3.196378e-08  +2.477622e-14  +1.013514e-23  +1.302992e-41  +6.845887e-67  +1.389415e-102  +3.916821e-149  +2.020814e-206  +3.774621e-270 
+5.334755e-212  +2.921391e-176  +4.326603e-149  +2.118509e-128  +1.464409e-118  +6.949386e-105  +2.354933e-97  +5.219346e-83  +1.888844e-79  +2.285051e-75  +1.017513e-78  +4.011505e-65  +1.035129e-34  +5.265003e-15  +1.266280e-05  +1.773356e-04  +9.385953e-05  +6.504985e-06  +1.202972e-04  +1.265645e-04  +1.375883e-04  +2.216399e-04  +3.940524e-05  +5.397960e-05  +4.230565e-08  +4.839879e-20  +8.639906e-43  +2.216741e-76  +7.971431e-121  +2.258547e-175  +7.280040e-233  +3.958316e-301 
+1.998970e-270  +1.222252e-234  +4.523137e-204  +2.226169e-183  +1.789967e-171  +7.548803e-156  +4.524283e-143  +1.007390e-128  +3.537642e-125  +6.113831e-120  +2.808022e-106  +5.059963e-65  +1.266305e-34  +4.401930e-15  +2.129783e-06  +6.286353e-07  +2.694187e-04  +3.377051e-04  +5.580301e-04  +4.784341e-04  +2.437276e-04  +1.188441e-04  +2.059593e-04  +2.299231e-04  +2.946901e-07  +2.182735e-19  +3.632555e-42  +9.151486e-76  +3.275164e-120  +1.637522e-175  +1.138795e-241  +1.100304e-318 
+0.000000e+00  +1.868313e-301  +6.600924e-270  +3.248807e-249  +2.677363e-233  +1.138801e-217  +1.212744e-199  +2.700334e-185  +9.883228e-182  +3.831076e-169  +4.970830e-117  +8.957262e-76  +2.241608e-45  +7.790798e-26  +3.825330e-17  +1.016600e-06  +8.740854e-05  +1.955253e-04  +8.540369e-05  +2.169805e-04  +2.639634e-04  +1.453182e-04  +6.693363e-05  +2.726687e-06  +1.454121e-10  +3.848987e-24  +1.473650e-48  +7.927607e-84  +7.722286e-130  +9.941577e-186  +6.497604e-252  +0.000000e+00 
+0.000000e+00  +0.000000e+00  +0.000000e+00  +0.000000e+00  +5.609375e-306  +2.414076e-290  +4.514678e-267  +1.005252e-252  +3.265982e-245  +3.534024e-189  +1.222073e-138  +2.202124e-97  +5.517492e-67  +6.362547e-45  +5.020376e-24  +2.049142e-10  +2.508986e-05  +2.445353e-04  +3.176416e-04  +3.265090e-04  +1.411798e-04  +2.769849e-04  +1.722873e-04  +3.224444e-05  +1.020533e-10  +3.138740e-26  +1.453127e-52  +9.353172e-90  +8.361023e-138  +1.038227e-196  +1.822818e-266  +0.000000e+00 
+0.000000e+00  +0.000000e+00  +0.000000e+00  +0.000000e+00  +0.000000e+00  +0.000000e+00  +0.000000e+00  +1.834726e-279  +1.391715e-212  +1.466114e-156  +2.144978e-111  +4.358290e-77  +5.164099e-53  +3.785441e-28  +5.067798e-14  +1.652335e-07  +2.267102e-05  +2.948062e-04  +7.695235e-06  +6.332384e-06  +9.438704e-05  +1.185972e-04  +1.303568e-04  +1.561247e-04  +2.003213e-10  +5.903881e-26  +2.732946e-52  +1.759088e-89  +1.572486e-137  +1.952200e-196  +3.365887e-266  +0.000000e+00 
+0.000000e+00  +0.000000e+00  +0.000000e+00  +0.000000e+00  +0.000000e+00  +0.000000e+00  +0.000000e+00  +1.086022e-257  +8.237930e-191  +8.678315e-135  +1.269669e-89  +2.579787e-55  +7.279724e-32  +2.923777e-19  +4.257369e-08  +8.401496e-05  +5.284644e-05  +5.101154e-06  +2.039492e-10  +1.592615e-08  +1.076831e-04  +1.689582e-04  +8.733824e-05  +1.268627e-06  +8.255268e-16  +2.171338e-33  +1.006437e-61  +5.158004e-100  +4.111987e-148  +5.099124e-207  +8.791566e-277  +0.000000e+00 
+0.000000e+00  +0.000000e+00  +0.000000e+00  +0.000000e+00  +0.000000e+00  +0.000000e+00  +0.000000e+00  +8.927799e-247  +6.772106e-180  +7.134130e-124  +1.043749e-78  +2.120750e-44  +5.984399e-21  +2.345257e-08  +3.170722e-05  +1.955973e-05  +9.704896e-06  +3.448108e-11  +7.091767e-21  +3.916819e-08  +2.313412e-05  +8.188683e-06  +4.748823e-09  +1.460968e-12  +1.173984e-24  +1.406636e-47  +3.862372e-77  +2.320371e-116  +1.943220e-166  +2.441865e-227  +3.553433e-298  +0.000000e+00 
+0.000000e+00  +0.000000e+00  +0.000000e+00  +0.000000e+00  +0.000000e+00  +0.000000e+00  +0.000000e+00  +1.019267e-246  +7.731564e-180  +8.144896e-124  +1.191703e-78  +2.425816e-44  +7.212436e-21  +7.037773e-08  +7.090913e-05  +2.798231e-11  +7.875830e-15  +9.506322e-24  +4.441118e-31  +2.919071e-18  +6.582388e-14  +5.386814e-16  +1.798509e-21  +2.561592e-29  +2.058329e-41  +2.297077e-64  +3.560223e-98  +2.095201e-142  +1.110675e-192  +1.290886e-253  +0.000000e+00  +0.000000e+00 
+0.000000e+00  +0.000000e+00  +0.000000e+00  +0.000000e+00  +0.000000e+00  +0.000000e+00  +0.000000e+00  +1.626989e-257  +1.467491e-190  +8.740117e-134  +3.208136e-87  +1.896795e-51  +1.566096e-26  +1.796123e-12  +2.860848e-09  +6.328365e-17  +3.798029e-34  +3.763909e-44  +4.625896e-52  +3.049757e-39  +3.304260e-33  +1.597997e-35  +5.899232e-43  +7.136282e-57  +5.011958e-69  +5.593301e-92  +8.668958e-126  +1.865965e-170  +5.578879e-226  +1.048599e-290  +0.000000e+00  +0.000000e+00 
+0.000000e+00  +0.000000e+00  +0.000000e+00  +0.000000e+00  +0.000000e+00  +0.000000e+00  +0.000000e+00  +6.226842e-275  +1.382213e-206  +4.261310e-149  +1.824526e-102  +1.084913e-66  +8.959377e-42  +1.027540e-27  +1.636656e-24  +3.620380e-32  +1.112215e-50  +3.139726e-75  +6.691728e-84  +5.065587e-71  +2.312693e-63  +1.112574e-65  +3.155967e-75  +3.097584e-91  +1.694876e-107  +1.891467e-130  +2.931551e-164  +6.310069e-209  +1.886291e-264  +0.000000e+00  +0.000000e+00  +0.000000e+00 
+0.000000e+00  +0.000000e+00  +0.000000e+00  +0.000000e+00  +0.000000e+00  +0.000000e+00  +0.000000e+00  +4.947019e-301  +1.098183e-232  +3.385662e-175  +1.449608e-128  +8.619766e-93  +7.118334e-68  +8.163928e-54  +1.300343e-50  +2.876435e-58  +8.836683e-77  +3.770179e-106  +1.344372e-126  +7.374054e-113  +2.248199e-104  +1.081505e-106  +2.416810e-118  +2.231992e-134  +7.960966e-157  +8.883154e-180  +1.376784e-213  +2.963484e-258  +8.858847e-314  +0.000000e+00  +0.000000e+00  +0.000000e+00 
+0.000000e+00  +0.000000e+00  +0.000000e+00  +0.000000e+00  +0.000000e+00  +0.000000e+00  +0.000000e+00  +0.000000e+00  +1.211750e-269  +3.735787e-212  +1.599518e-165  +9.511170e-130  +7.854469e-105  +9.008192e-91  +1.434817e-87  +3.173899e-95  +9.750520e-114  +4.160068e-143  +3.753727e-180  +8.787280e-165  +3.035220e-156  +1.460105e-158  +1.217426e-171  +2.303210e-188  +3.113837e-215  +5.793935e-240  +8.979918e-274  +1.932898e-318  +0.000000e+00  +0.000000e+00  +0.000000e+00  +0.000000e+00 
