+0.000000e+00  +0.000000e+00  +0.000000e+00  +0.000000e+00  +0.000000e+00  +0.000000e+00  +0.000000e+00  +8.412290e-274  +2.767459e-225  +1.264405e-187  +6.532175e-160  +2.456802e-134  +1.533833e-119  +2.399245e-106  +1.127987e-102  +7.364985e-110  +6.678478e-128  +1.121919e-156  +4.238488e-190  +8.882858e-234  +2.585429e-288  +0.000000e+00  +0.000000e+00  +0.000000e+00  +0.000000e+00  +0.000000e+00  +0.000000e+00  +0.000000e+00  +0.000000e+00  +0.000000e+00  +0.000000e+00  +0.000000e+00 
+0.000000e+00  +0.000000e+00  +0.000000e+00  +0.000000e+00  +0.000000e+00  +0.000000e+00  +1.997689e-284  +4.732134e-225  +1.556768e-176  +7.112610e-139  +4.513325e-112  +1.101169e-90  +6.557482e-76  +1.160452e-65  +5.455776e-62  +3.562248e-69  +3.234451e-87  +4.617157e-112  +6.966912e-145  +1.460099e-188  +2.168419e-233  +1.164434e-279  +0.000000e+00  +0.000000e+00  +0.000000e+00  +0.000000e+00  +0.000000e+00  +0.000000e+00  +0.000000e+00  +0.000000e+00  +0.000000e+00  +0.000000e+00 
+0.000000e+00  +0.000000e+00  +0.000000e+00  +0.000000e+00  +0.000000e+00  +9.150823e-317  +1.560661e-246  +3.696900e-187  +1.216199e-138  +5.556607e-101  +3.525759e-74  +9.961459e-58  +4.081650e-43  +7.798938e-36  +3.664794e-32  +2.392858e-39  +9.916222e-56  +1.053911e-77  +1.590405e-110  +5.901230e-146  +2.307763e-181  +1.444419e-227  +4.693716e-275  +0.000000e+00  +0.000000e+00  +0.000000e+00  +0.000000e+00  +0.000000e+00  +0.000000e+00  +0.000000e+00  +0.000000e+00  +0.000000e+00 
+0.000000e+00  +0.000000e+00  +0.000000e+00  +0.000000e+00  +0.000000e+00  +7.135857e-276  +1.741283e-215  +4.011360e-160  +1.319542e-111  +6.028765e-74  +3.825351e-47  +3.371008e-31  +3.530491e-21  +1.025706e-16  +3.421777e-13  +2.625452e-20  +3.074988e-32  +3.341251e-54  +3.115101e-80  +8.948610e-105  +3.868472e-140  +1.253497e-177  +4.608683e-224  +5.431545e-276  +0.000000e+00  +0.000000e+00  +0.000000e+00  +0.000000e+00  +0.000000e+00  +0.000000e+00  +0.000000e+00  +0.000000e+00 
+0.000000e+00  +0.000000e+00  +0.000000e+00  +0.000000e+00  +4.661534e-313  +8.134768e-242  +1.971542e-181  +6.652812e-132  +4.724075e-93  +9.122370e-58  +5.764058e-31  +5.079357e-15  +1.089534e-09  +3.631393e-06  +4.936660e-05  +1.730740e-08  +1.353900e-19  +3.206260e-36  +6.857787e-50  +2.271836e-74  +6.456628e-102  +1.807733e-137  +2.327509e-178  +3.052441e-224  +2.440048e-269  +3.283955e-317  +0.000000e+00  +0.000000e+00  +0.000000e+00  +0.000000e+00  +0.000000e+00  +0.000000e+00 
+0.000000e+00  +0.000000e+00  +0.000000e+00  +0.000000e+00  +1.751907e-289  +1.287954e-218  +3.121434e-158  +1.050628e-108  +4.915853e-70  +3.697403e-42  +1.047296e-22  +1.330406e-09  +1.377365e-04  +9.045100e-05  +6.185134e-05  +1.105015e-06  +1.958004e-12  +1.055527e-16  +2.794450e-30  +6.414581e-48  +1.407730e-72  +1.925389e-102  +1.702448e-137  +6.302008e-175  +6.107167e-212  +8.219372e-260  +1.536297e-318  +0.000000e+00  +0.000000e+00  +0.000000e+00  +0.000000e+00  +0.000000e+00 
+0.000000e+00  +0.000000e+00  +0.000000e+00  +0.000000e+00  +5.616553e-260  +5.082849e-195  +6.388326e-141  +2.421656e-96  +1.079867e-57  +7.012897e-30  +6.703234e-13  +9.458393e-06  +1.049409e-04  +5.307486e-06  +6.280521e-05  +7.571630e-05  +7.141720e-05  +7.617273e-08  +1.231360e-15  +2.200656e-29  +3.074576e-48  +1.831371e-72  +3.149408e-102  +2.190576e-128  +2.122849e-165  +2.857052e-213  +5.340168e-272  +0.000000e+00  +0.000000e+00  +0.000000e+00  +0.000000e+00  +0.000000e+00 
+0.000000e+00  +0.000000e+00  +0.000000e+00  +6.631323e-317  +4.321152e-241  +3.910541e-176  +4.914871e-122  +8.578776e-79  +2.079585e-46  +7.158267e-25  +5.027235e-11  +4.165061e-05  +1.394379e-04  +1.769056e-04  +2.770399e-04  +2.457728e-04  +1.428233e-04  +6.621098e-05  +7.566730e-08  +9.477028e-16  +3.799773e-29  +1.125413e-49  +1.515489e-66  +1.057488e-92  +1.024794e-129  +1.379226e-177  +2.577937e-236  +6.691863e-306  +0.000000e+00  +0.000000e+00  +0.000000e+00  +0.000000e+00 
+0.000000e+00  +0.000000e+00  +0.000000e+00  +1.586312e-295  +4.617078e-233  +4.178347e-168  +5.251456e-114  +9.166276e-71  +2.222000e-38  +7.480546e-17  +3.499301e-06  +2.267722e-04  +6.112147e-05  +3.028194e-05  +1.641046e-04  +3.012178e-04  +1.433259e-04  +1.369987e-04  +7.658715e-05  +1.529459e-07  +2.588249e-16  +2.022205e-26  +1.016033e-41  +7.089751e-68  +6.870556e-105  +9.246793e-153  +1.728389e-211  +1.074553e-272  +0.000000e+00  +0.000000e+00  +0.000000e+00  +0.000000e+00 
+0.000000e+00  +3.903119e-322  +1.618666e-270  +9.300628e-230  +7.423222e-200  +6.200262e-171  +7.792652e-117  +1.360187e-73  +3.297307e-41  +1.124280e-19  +4.605471e-08  +1.616032e-04  +6.158158e-05  +2.342269e-04  +1.895171e-04  +2.856247e-04  +2.036291e-04  +3.196047e-04  +1.678791e-04  +1.964402e-04  +5.550428e-08  +1.883054e-12  +9.460831e-28  +6.615493e-54  +6.916941e-91  +1.061373e-135  +9.228700e-176  +1.119502e-226  +1.886023e-288  +0.000000e+00  +0.000000e+00  +0.000000e+00 
+0.000000e+00  +3.185678e-267  +1.318011e-215  +7.573106e-175  +6.043460e-145  +7.049574e-126  +6.736773e-116  +2.808401e-87  +9.459843e-54  +1.421855e-26  +3.695311e-10  +1.497211e-04  +6.812125e-05  +1.823752e-04  +2.502655e-04  +1.663628e-04  +2.763192e-04  +3.105073e-04  +1.765972e-04  +1.238196e-04  +2.089381e-04  +1.605883e-08  +2.529462e-22  +6.604369e-47  +2.465446e-71  +1.528778e-100  +1.335328e-140  +1.619897e-191  +4.494498e-253  +6.867512e-322  +0.000000e+00  +0.000000e+00 
+1.209268e-285  +3.602481e-223  +1.490455e-171  +8.563943e-131  +6.833933e-101  +7.658727e-82  +1.721000e-72  +4.195913e-72  +9.893405e-58  +4.214623e-30  +2.494241e-13  +2.065568e-07  +6.256003e-07  +6.663793e-06  +2.708941e-04  +2.324159e-04  +5.070984e-04  +4.156842e-04  +8.951077e-05  +1.656972e-04  +8.375785e-05  +5.670165e-08  +6.720486e-18  +1.255967e-28  +4.890827e-47  +3.075472e-76  +3.644430e-116  +1.930497e-163  +5.397475e-221  +2.096155e-289  +0.000000e+00  +0.000000e+00 
+1.899154e-252  +5.657693e-190  +2.340758e-138  +1.344967e-97  +1.073261e-67  +1.192283e-48  +7.219881e-40  +1.409698e-39  +5.118255e-50  +2.523402e-43  +1.493658e-26  +1.399869e-20  +1.232622e-13  +4.366292e-05  +2.835082e-04  +3.433821e-04  +4.176485e-04  +1.488236e-04  +2.734024e-04  +3.340214e-04  +1.576858e-05  +9.196373e-07  +2.694367e-07  +3.163915e-15  +1.692716e-33  +2.808018e-59  +4.069874e-95  +8.194789e-142  +2.291567e-199  +8.899495e-268  +0.000000e+00  +0.000000e+00 
+4.142246e-230  +1.234000e-167  +5.105428e-116  +2.933507e-75  +2.340886e-45  +2.595581e-26  +6.506849e-18  +6.582816e-18  +2.387844e-28  +3.538965e-45  +6.648547e-34  +8.446625e-19  +5.456273e-07  +7.242634e-05  +1.485168e-04  +1.371088e-04  +2.039341e-04  +3.767275e-04  +2.727895e-04  +1.088150e-04  +3.022100e-04  +1.306343e-04  +2.272277e-04  +2.118468e-09  +1.585481e-23  +1.655167e-48  +2.399721e-84  +4.831897e-131  +1.351178e-188  +5.247413e-257  +0.000000e+00  +0.000000e+00 
+1.254728e-218  +3.737909e-156  +1.546485e-104  +8.885887e-64  +7.090777e-34  +7.859095e-15  +1.372339e-06  +4.286133e-07  +1.886938e-15  +2.417358e-23  +5.805494e-17  +9.741031e-11  +1.755638e-06  +1.218905e-04  +1.856699e-04  +3.186001e-05  +3.398381e-04  +5.698877e-04  +1.663212e-04  +4.012130e-04  +1.575864e-05  +2.967351e-04  +8.598878e-05  +1.735600e-09  +1.298312e-23  +1.355376e-48  +1.965073e-84  +3.956722e-131  +1.106446e-188  +2.245212e-253  +1.037771e-317  +0.000000e+00 
+5.278386e-218  +1.572462e-155  +6.505749e-104  +3.738112e-63  +2.982946e-33  +3.305876e-14  +5.234621e-06  +1.247987e-04  +4.645225e-06  +4.580497e-12  +5.389649e-09  +1.183413e-04  +1.669503e-04  +4.586827e-05  +1.363426e-04  +7.108640e-05  +4.054105e-04  +3.342093e-04  +1.103096e-04  +1.708616e-04  +7.056632e-05  +1.937272e-04  +3.057623e-07  +9.093808e-15  +4.965837e-32  +2.449161e-54  +7.910929e-81  +4.508012e-118  +2.260619e-161  +7.539768e-215  +3.496313e-279  +0.000000e+00 
+3.083832e-228  +9.186917e-166  +3.800904e-114  +2.183946e-73  +1.742749e-43  +1.931381e-24  +1.332739e-13  +6.251550e-06  +5.757307e-05  +2.616313e-07  +1.739385e-04  +2.278881e-04  +3.395880e-04  +2.008726e-04  +1.489799e-04  +2.203181e-04  +3.610453e-04  +1.726967e-04  +1.765115e-04  +1.407543e-04  +1.962760e-04  +2.819886e-05  +8.174916e-05  +1.497254e-08  +6.563981e-19  +1.533411e-34  +2.595431e-59  +4.400465e-91  +1.065560e-133  +4.475703e-187  +1.548841e-250  +5.232198e-313 
+2.502178e-249  +7.454135e-187  +3.084000e-135  +1.772023e-94  +1.414141e-64  +4.983820e-37  +3.484137e-16  +3.384030e-06  +1.155584e-04  +1.338016e-04  +3.596062e-04  +4.876107e-04  +9.632288e-05  +3.493506e-04  +2.478314e-04  +2.085782e-04  +2.533091e-04  +1.719399e-04  +7.706120e-05  +4.095923e-04  +1.215109e-04  +8.581952e-05  +1.684387e-04  +4.763518e-05  +5.983012e-10  +1.339332e-21  +1.755071e-42  +8.488838e-74  +4.319048e-115  +6.075188e-162  +1.249572e-208  +3.610353e-266 
+2.819574e-281  +8.399679e-219  +3.475201e-167  +1.984182e-120  +7.191721e-78  +3.620117e-46  +2.530866e-25  +1.143663e-12  +1.383459e-05  +3.298855e-04  +3.387993e-04  +2.642725e-04  +4.194940e-04  +6.469671e-04  +4.373122e-04  +5.405381e-04  +1.050453e-04  +9.343026e-05  +1.128469e-04  +1.807199e-04  +3.000616e-04  +1.136746e-04  +1.529954e-04  +2.883210e-04  +2.081081e-05  +1.841684e-14  +6.751604e-34  +2.822994e-60  +3.844134e-90  +5.755917e-126  +1.197471e-172  +3.459817e-230 
+4.940656e-324  +4.082542e-258  +7.669492e-194  +2.001614e-140  +7.254912e-98  +3.653776e-66  +4.059264e-41  +2.172701e-20  +4.546409e-10  +6.860861e-05  +3.362129e-04  +2.499944e-04  +3.201640e-04  +2.826631e-04  +3.434186e-04  +3.721910e-04  +1.848413e-04  +5.240865e-05  +1.947655e-04  +1.269861e-04  +1.210442e-04  +1.233115e-04  +3.650322e-04  +8.609134e-05  +1.079070e-05  +5.987494e-11  +1.904633e-22  +4.741462e-40  +5.113797e-65  +7.660479e-101  +1.593699e-147  +4.604629e-205 
+0.000000e+00  +5.717788e-289  +1.074494e-224  +2.804256e-171  +5.419961e-126  +5.120705e-83  +1.159513e-50  +2.262663e-26  +6.178935e-12  +9.864869e-05  +2.313015e-04  +2.742803e-04  +3.424137e-04  +1.823766e-04  +2.003641e-04  +2.507971e-04  +1.644486e-04  +8.319422e-05  +1.137395e-04  +2.085316e-04  +1.606616e-04  +2.840087e-04  +2.941734e-04  +2.124934e-04  +1.808058e-04  +3.810982e-06  +1.133023e-11  +8.762915e-26  +9.451982e-51  +1.415909e-86  +2.945681e-133  +8.510871e-191 
+0.000000e+00  +2.216117e-308  +7.829105e-233  +3.841223e-168  +2.617368e-114  +2.476841e-71  +3.255138e-39  +5.942406e-18  +2.256646e-07  +1.506827e-04  +2.155346e-04  +2.900351e-04  +2.221777e-04  +3.891767e-04  +3.296665e-04  +4.314357e-05  +4.385927e-05  +1.550473e-04  +5.403660e-05  +2.302238e-04  +2.954866e-04  +1.859078e-04  +1.594061e-04  +8.932605e-05  +4.829943e-05  +7.456725e-05  +2.896556e-08  +2.249395e-22  +2.426276e-47  +3.634567e-83  +7.561414e-130  +2.184698e-187 
+0.000000e+00  +1.489099e-307  +5.260703e-232  +2.581107e-167  +1.758852e-113  +1.665026e-70  +2.192778e-38  +4.049597e-17  +1.117896e-06  +8.824016e-05  +7.112923e-05  +1.368758e-04  +2.794335e-04  +1.561237e-04  +2.352828e-04  +8.219514e-06  +1.872545e-05  +2.968744e-05  +1.045412e-04  +4.345789e-04  +2.322932e-04  +1.563617e-04  +6.874243e-05  +3.944368e-05  +2.557160e-09  +1.946966e-06  +5.130696e-13  +9.889193e-30  +8.650539e-55  +1.295710e-90  +2.695618e-137  +7.788371e-195 
+0.000000e+00  +2.650010e-313  +5.334738e-237  +1.491530e-171  +5.791510e-117  +3.123129e-73  +2.338978e-40  +2.432765e-18  +3.515697e-07  +2.738865e-05  +8.897272e-05  +6.267170e-05  +3.770328e-05  +5.595070e-05  +5.383989e-06  +1.419199e-14  +1.236064e-11  +9.391232e-08  +9.489727e-06  +8.792508e-07  +2.929662e-06  +1.871383e-05  +2.857429e-06  +6.363591e-05  +4.239840e-12  +4.587655e-18  +1.206519e-24  +4.406724e-42  +2.239577e-70  +7.989745e-109  +1.334755e-155  +3.856025e-213 
+0.000000e+00  +1.482197e-323  +3.139155e-247  +8.776777e-182  +3.407967e-127  +1.837785e-83  +1.432196e-50  +8.785245e-26  +1.915020e-10  +8.136664e-06  +1.023718e-04  +8.755213e-06  +1.285014e-04  +6.563911e-05  +1.500303e-08  +2.329567e-22  +2.786084e-27  +2.549860e-19  +5.942176e-16  +6.683627e-17  +6.554578e-16  +5.572833e-15  +9.410825e-14  +1.535057e-12  +9.478864e-20  +9.731220e-38  +3.948251e-47  +1.442069e-64  +7.314850e-93  +5.153034e-132  +5.050654e-182  +3.336375e-242 
+0.000000e+00  +0.000000e+00  +2.565396e-268  +7.174342e-203  +1.299442e-147  +8.313817e-100  +9.402107e-63  +1.476712e-36  +3.223202e-21  +4.146911e-12  +1.052185e-07  +1.204315e-08  +1.452711e-07  +1.395303e-10  +1.921397e-17  +1.856987e-31  +1.085424e-52  +9.680342e-42  +6.356311e-37  +2.329627e-37  +2.297636e-36  +2.422253e-35  +5.305204e-32  +5.403484e-31  +2.943241e-38  +3.016695e-56  +1.794419e-80  +6.553823e-98  +3.324406e-126  +2.341916e-165  +2.291218e-215  +3.113149e-276 
+0.000000e+00  +0.000000e+00  +9.672122e-298  +4.071282e-228  +2.387194e-169  +1.943938e-121  +2.198441e-84  +3.452918e-58  +8.617291e-41  +2.425585e-26  +2.517417e-21  +8.215214e-21  +9.803881e-20  +6.228162e-27  +1.387044e-35  +3.252984e-51  +4.435930e-76  +5.295650e-75  +9.547444e-69  +1.132512e-68  +1.118723e-67  +1.462744e-66  +4.155668e-61  +2.829576e-60  +1.269293e-67  +1.300781e-85  +1.851932e-114  +4.136579e-142  +2.098266e-170  +1.478148e-209  +1.446149e-259  +1.964899e-320 
+0.000000e+00  +0.000000e+00  +0.000000e+00  +1.322083e-260  +7.752030e-202  +6.312626e-154  +7.139085e-117  +1.538455e-90  +1.118067e-66  +8.018558e-51  +8.370749e-46  +7.782909e-44  +9.287955e-43  +1.577765e-52  +8.372626e-63  +1.044640e-81  +1.079050e-106  +7.852546e-119  +1.992667e-111  +7.652775e-111  +7.565427e-110  +1.226982e-108  +4.522118e-101  +2.238336e-100  +7.603050e-108  +7.789590e-126  +1.109010e-154  +2.196405e-194  +1.839268e-225  +1.295694e-264  +1.267645e-314  +0.000000e+00 
+0.000000e+00  +0.000000e+00  +0.000000e+00  +5.962445e-304  +3.496078e-245  +2.846923e-197  +3.223693e-160  +1.270186e-128  +4.926558e-102  +3.702876e-86  +3.865556e-81  +1.024008e-77  +1.222028e-76  +2.025341e-86  +7.190508e-101  +2.179309e-120  +3.654467e-148  +1.229451e-172  +5.776052e-165  +7.183742e-164  +7.105946e-163  +1.464314e-161  +6.835168e-152  +2.683769e-151  +6.326245e-159  +6.478332e-177  +9.223253e-206  +1.823657e-245  +2.239120e-291  +0.000000e+00  +0.000000e+00  +0.000000e+00 
+0.000000e+00  +0.000000e+00  +0.000000e+00  +0.000000e+00  +2.189700e-299  +1.783122e-251  +6.388686e-212  +5.841382e-175  +3.159294e-148  +2.374788e-132  +2.479121e-127  +1.871123e-122  +2.232958e-121  +3.700808e-131  +8.661465e-150  +2.596126e-169  +1.262443e-199  +3.719520e-236  +2.325230e-229  +9.366059e-228  +9.270375e-227  +9.761431e-225  +1.434935e-213  +4.826093e-213  +7.313300e-221  +7.482553e-239  +1.065297e-267  +2.106346e-307  +0.000000e+00  +0.000000e+00  +0.000000e+00  +0.000000e+00 
+0.000000e+00  +0.000000e+00  +0.000000e+00  +0.000000e+00  +0.000000e+00  +2.869496e-316  +1.342152e-269  +5.198970e-232  +2.813932e-205  +2.115185e-189  +2.208118e-184  +4.748315e-178  +5.666536e-177  +9.391472e-187  +2.175868e-207  +4.300345e-229  +1.807984e-259  +2.216285e-299  +1.299986e-304  +1.695947e-302  +1.679853e-301  +2.177567e-297  +4.183827e-286  +1.277509e-285  +1.174977e-293  +1.200258e-311  +0.000000e+00  +0.000000e+00  +0.000000e+00  +0.000000e+00  +0.000000e+00  +0.000000e+00 
+0.000000e+00  +0.000000e+00  +0.000000e+00  +0.000000e+00  +0.000000e+00  +0.000000e+00  +0.000000e+00  +6.430996e-300  +3.480768e-273  +2.616435e-257  +2.731579e-252  +1.673457e-244  +1.997067e-243  +3.309853e-253  +7.618386e-274  +9.892817e-300  +0.000000e+00  +0.000000e+00  +0.000000e+00  +0.000000e+00  +0.000000e+00  +0.000000e+00  +0.000000e+00  +0.000000e+00  +0.000000e+00  +0.000000e+00  +0.000000e+00  +0.000000e+00  +0.000000e+00  +0.000000e+00  +0.000000e+00  +0.000000e+00 
