+0.000000e+00  +0.000000e+00  +0.000000e+00  +0.000000e+00  +0.000000e+00  +0.000000e+00  +7.851293e-297  +3.573435e-244  +2.261413e-202  +2.083750e-171  +4.304427e-145  +1.956283e-113  +4.253012e-91  +1.284102e-79  +5.384946e-79  +2.000368e-85  +1.093404e-98  +8.301520e-123  +8.753313e-158  +1.281815e-203  +2.164827e-213  +1.053878e-212  +7.125179e-223  +6.690200e-244  +8.724094e-276  +1.579938e-318  +0.000000e+00  +0.000000e+00  +0.000000e+00  +0.000000e+00  +0.000000e+00  +0.000000e+00 
+0.000000e+00  +0.000000e+00  +0.000000e+00  +0.000000e+00  +0.000000e+00  +2.637869e-305  +5.593324e-246  +4.336249e-195  +2.734079e-153  +2.402961e-122  +4.598024e-100  +6.189467e-79  +1.267245e-56  +3.826162e-45  +1.607064e-44  +1.061017e-49  +5.800393e-63  +4.403869e-87  +4.643540e-122  +3.357455e-151  +9.144659e-152  +4.451786e-151  +3.009813e-161  +2.826070e-182  +3.685226e-214  +6.673955e-257  +1.678574e-310  +0.000000e+00  +0.000000e+00  +0.000000e+00  +0.000000e+00  +0.000000e+00 
+0.000000e+00  +0.000000e+00  +0.000000e+00  +0.000000e+00  +0.000000e+00  +2.180363e-262  +4.544869e-203  +1.322938e-154  +4.643609e-115  +4.034711e-84  +5.063819e-64  +6.305228e-49  +5.245189e-33  +1.583307e-21  +6.837630e-21  +7.816879e-25  +4.273386e-38  +3.244509e-62  +7.493146e-97  +5.589247e-101  +5.364944e-101  +2.611656e-100  +1.765718e-110  +1.657924e-131  +2.161951e-163  +3.915300e-206  +9.847413e-260  +4.940656e-324  +0.000000e+00  +0.000000e+00  +0.000000e+00  +0.000000e+00 
+0.000000e+00  +0.000000e+00  +0.000000e+00  +0.000000e+00  +5.120298e-288  +1.128141e-226  +5.217218e-171  +1.510309e-122  +6.082736e-85  +9.747506e-57  +1.148398e-36  +1.788225e-25  +9.786142e-17  +9.099245e-09  +5.847269e-08  +7.998083e-11  +4.373076e-24  +3.598728e-48  +9.414441e-58  +1.292214e-61  +4.375215e-61  +2.127824e-60  +1.438603e-70  +1.350779e-91  +1.761431e-123  +3.189956e-166  +8.023093e-220  +2.802444e-284  +0.000000e+00  +0.000000e+00  +0.000000e+00  +0.000000e+00 
+0.000000e+00  +0.000000e+00  +0.000000e+00  +5.614300e-314  +2.986067e-246  +2.250037e-189  +1.764733e-140  +1.221296e-100  +9.680302e-64  +5.408005e-37  +4.138186e-20  +6.408292e-11  +5.457889e-07  +1.414597e-05  +3.230043e-05  +7.204183e-07  +1.933292e-17  +9.808029e-32  +3.022829e-29  +4.149168e-33  +5.073514e-32  +2.407652e-31  +1.627791e-41  +1.528417e-62  +1.993073e-94  +3.609461e-137  +9.078195e-191  +3.170988e-255  +0.000000e+00  +0.000000e+00  +0.000000e+00  +0.000000e+00 
+0.000000e+00  +0.000000e+00  +5.418890e-310  +2.583021e-256  +1.812305e-213  +7.561735e-158  +7.759369e-112  +6.417477e-76  +4.104013e-47  +1.292643e-26  +9.305604e-11  +3.877293e-05  +4.141908e-05  +6.921411e-05  +5.459897e-05  +2.552937e-06  +2.208496e-15  +4.403446e-13  +1.347962e-11  +1.932318e-15  +1.300099e-13  +3.783563e-13  +2.557963e-23  +2.401804e-44  +3.131978e-76  +5.672022e-119  +1.426577e-172  +4.982992e-237  +2.417259e-312  +0.000000e+00  +0.000000e+00  +0.000000e+00 
+0.000000e+00  +8.694843e-317  +2.113934e-259  +9.978946e-206  +6.606024e-163  +6.073686e-131  +3.693341e-91  +5.262707e-56  +1.072324e-31  +3.316106e-15  +7.578363e-08  +2.809864e-04  +2.163547e-04  +3.631553e-04  +2.114347e-05  +9.365985e-09  +1.318090e-07  +3.720904e-05  +8.637606e-05  +1.311033e-06  +3.156697e-05  +8.262970e-06  +5.582488e-16  +5.241687e-37  +6.835217e-69  +1.237860e-111  +3.113355e-165  +1.087486e-229  +5.275417e-305  +0.000000e+00  +0.000000e+00  +0.000000e+00 
+0.000000e+00  +1.067791e-266  +2.512815e-211  +6.175328e-166  +3.544358e-123  +3.258590e-91  +4.279012e-70  +3.479587e-46  +6.885266e-22  +1.892629e-08  +5.886449e-05  +1.633151e-04  +1.675952e-04  +2.232944e-04  +3.663757e-04  +1.974287e-04  +1.687429e-04  +2.128672e-04  +1.345916e-05  +1.044329e-04  +2.796550e-07  +2.549683e-09  +1.691997e-19  +1.588702e-40  +2.071685e-72  +3.751828e-115  +9.436265e-169  +3.296061e-233  +1.598926e-308  +0.000000e+00  +0.000000e+00  +0.000000e+00 
+1.074761e-293  +1.821162e-227  +4.285712e-172  +1.400669e-127  +8.999946e-94  +2.428711e-62  +3.101287e-41  +6.586070e-29  +1.292331e-16  +1.886820e-09  +5.149721e-05  +7.646996e-05  +2.276600e-04  +1.288581e-04  +1.865564e-04  +2.590802e-04  +3.174263e-04  +1.220733e-04  +3.300335e-06  +9.549455e-09  +6.465679e-13  +1.569113e-23  +7.122254e-34  +6.687318e-55  +8.720336e-87  +1.579256e-129  +3.972003e-183  +1.387410e-247  +6.916919e-323  +0.000000e+00  +0.000000e+00  +0.000000e+00 
+2.545730e-265  +4.313688e-199  +1.015134e-143  +3.317689e-99  +1.505865e-65  +9.749382e-43  +3.243352e-23  +6.436359e-13  +2.448508e-07  +1.888030e-04  +2.290832e-04  +9.766201e-05  +1.914512e-04  +2.710663e-04  +1.970753e-04  +1.507289e-04  +1.208259e-04  +2.787985e-04  +5.683568e-09  +1.563620e-22  +9.473243e-28  +9.065573e-43  +4.165666e-59  +3.909304e-80  +5.097775e-112  +9.232086e-155  +2.321972e-208  +8.110583e-273  +0.000000e+00  +0.000000e+00  +0.000000e+00  +0.000000e+00 
+1.622127e-247  +1.438669e-181  +3.340030e-126  +1.091378e-81  +4.953638e-48  +3.122573e-25  +2.742605e-13  +1.189073e-05  +2.624995e-04  +2.073738e-04  +3.826669e-04  +2.263336e-04  +2.046952e-04  +1.413425e-04  +2.419404e-04  +3.568417e-04  +5.693230e-05  +2.447310e-05  +1.986407e-09  +3.460815e-24  +8.375841e-50  +1.844649e-68  +2.794215e-94  +3.173840e-116  +4.138719e-148  +7.495234e-191  +1.885134e-244  +6.492349e-308  +0.000000e+00  +0.000000e+00  +0.000000e+00  +0.000000e+00 
+4.055541e-233  +1.015799e-168  +3.533648e-115  +1.712009e-72  +1.371589e-40  +1.533270e-18  +1.250245e-06  +6.508634e-05  +3.451174e-04  +1.693263e-04  +2.252835e-04  +2.032105e-04  +3.299340e-04  +2.763087e-04  +1.239873e-04  +2.926867e-04  +6.222163e-07  +5.246036e-07  +7.124770e-14  +3.269455e-30  +2.102902e-57  +1.287791e-83  +3.165778e-107  +2.547746e-130  +3.383905e-144  +6.241921e-169  +1.599029e-204  +5.688951e-251  +2.810988e-308  +0.000000e+00  +0.000000e+00  +0.000000e+00 
+2.910957e-229  +7.291128e-165  +2.536247e-111  +1.225254e-68  +8.220515e-37  +7.659665e-16  +9.912225e-06  +2.244550e-05  +1.374614e-04  +6.486005e-05  +2.589282e-04  +3.842070e-04  +6.004254e-04  +4.761469e-04  +1.746639e-04  +4.444737e-04  +1.634470e-04  +9.745524e-05  +3.101786e-10  +1.423446e-26  +4.474614e-39  +7.920503e-52  +1.947102e-75  +3.450397e-84  +4.582802e-98  +8.453395e-123  +2.165555e-158  +7.704518e-205  +7.180709e-249  +5.657317e-283  +0.000000e+00  +0.000000e+00 
+2.901755e-236  +7.268079e-172  +2.528230e-118  +1.221381e-75  +8.194529e-44  +7.635615e-23  +1.242530e-11  +1.527120e-05  +1.060357e-04  +1.424503e-04  +3.517443e-04  +3.062461e-04  +2.708588e-04  +2.587767e-04  +4.020262e-04  +2.324650e-04  +2.094255e-04  +3.493986e-04  +4.110703e-09  +2.999197e-16  +3.822094e-18  +6.765475e-31  +6.786378e-46  +6.489629e-49  +8.619498e-63  +1.589945e-87  +4.073052e-123  +7.505388e-158  +2.388700e-188  +3.794077e-220  +8.369301e-263  +8.206211e-316 
+4.017202e-254  +1.006196e-189  +3.500289e-136  +1.447468e-91  +1.491789e-53  +2.186599e-26  +4.469331e-10  +1.276563e-04  +1.580247e-04  +1.587735e-04  +1.069314e-04  +2.043708e-04  +4.530393e-04  +1.500900e-04  +3.299128e-04  +2.753044e-04  +2.764796e-04  +1.063528e-04  +4.704624e-06  +3.609273e-06  +4.544207e-08  +8.064043e-21  +1.774470e-21  +1.695152e-24  +2.251494e-38  +4.153085e-63  +1.520599e-88  +3.197274e-115  +2.224822e-136  +3.533783e-168  +1.312733e-210  +2.347695e-258 
+1.138027e-236  +5.731430e-182  +6.687442e-138  +6.845488e-90  +2.429562e-52  +1.197540e-25  +8.197692e-10  +7.818158e-05  +4.935725e-05  +2.097167e-04  +1.282320e-04  +7.711096e-05  +3.156578e-04  +1.378112e-04  +2.552989e-04  +5.029360e-04  +2.535618e-04  +2.071179e-04  +4.857849e-05  +1.465699e-04  +2.020166e-06  +3.927468e-09  +6.602131e-08  +6.149438e-11  +8.167804e-25  +5.946548e-41  +3.527644e-57  +2.516288e-74  +2.877841e-95  +5.542941e-127  +3.081312e-164  +1.364537e-211 
+2.273394e-204  +1.144947e-149  +8.008178e-106  +7.778935e-73  +1.049408e-50  +2.942589e-33  +2.172530e-17  +4.755681e-10  +3.903764e-05  +1.846786e-04  +1.724365e-04  +1.557309e-04  +9.652115e-05  +2.298556e-04  +2.081060e-04  +1.613003e-04  +5.238370e-04  +1.806457e-04  +2.133946e-04  +1.945369e-04  +1.464614e-04  +1.303060e-04  +7.161208e-05  +3.296675e-08  +1.531220e-13  +1.918310e-20  +5.559727e-34  +4.520327e-44  +5.511532e-65  +7.800237e-92  +2.666672e-128  +9.667682e-170 
+6.307175e-183  +3.176475e-128  +2.221743e-84  +2.158144e-51  +2.911419e-29  +5.454737e-18  +3.797127e-11  +4.840501e-05  +1.651288e-04  +4.833620e-07  +7.684620e-08  +3.623312e-10  +6.731380e-06  +4.124222e-05  +3.041077e-04  +3.106945e-04  +2.631737e-04  +2.293335e-05  +2.409422e-04  +2.115133e-04  +2.237855e-04  +4.861411e-05  +1.044255e-04  +1.016497e-04  +2.028932e-05  +7.266624e-10  +1.369458e-14  +1.150932e-24  +3.808578e-41  +1.788352e-66  +3.342908e-96  +2.106708e-136 
+2.430149e-172  +1.223893e-117  +8.560360e-74  +8.315311e-41  +1.121768e-18  +2.101673e-07  +3.049461e-06  +3.804148e-05  +9.273140e-07  +3.199806e-13  +2.154383e-21  +6.628349e-13  +4.752732e-06  +1.768646e-04  +2.561403e-04  +2.578046e-04  +1.784901e-04  +4.813462e-05  +2.924194e-04  +3.406476e-04  +2.619435e-04  +1.511230e-04  +1.688418e-04  +1.529283e-04  +6.383029e-05  +1.242357e-05  +4.775280e-06  +3.586879e-12  +9.038229e-26  +2.441566e-44  +2.596678e-73  +1.708779e-112 
+1.300376e-172  +6.549070e-118  +4.580661e-74  +4.449534e-41  +6.002594e-19  +1.124609e-07  +1.139934e-05  +1.987235e-08  +1.915396e-15  +4.481436e-27  +5.771352e-36  +1.305683e-16  +4.120382e-08  +3.310981e-05  +1.855065e-04  +1.166345e-04  +1.278849e-04  +3.087674e-04  +1.607566e-04  +1.507313e-04  +3.259291e-04  +1.977474e-04  +2.713707e-04  +1.132038e-04  +1.364375e-06  +1.076670e-06  +8.734472e-05  +1.572669e-06  +5.621062e-14  +1.437332e-31  +9.053213e-60  +8.285113e-99 
+9.663693e-184  +4.866914e-129  +3.404099e-85  +3.306653e-52  +4.460803e-30  +8.357789e-19  +3.972859e-15  +7.100803e-18  +1.767491e-31  +2.817767e-47  +6.884867e-30  +2.442399e-12  +3.399125e-05  +2.480306e-04  +1.236691e-04  +2.622911e-06  +2.415618e-04  +1.818831e-04  +1.992656e-04  +1.860840e-04  +1.744180e-04  +2.681392e-04  +2.986141e-04  +3.534679e-04  +3.583427e-04  +7.077504e-05  +2.533439e-04  +1.213555e-04  +2.169057e-11  +9.533025e-29  +6.229688e-57  +5.707705e-96 
+9.973673e-206  +5.023029e-151  +3.513291e-107  +3.412720e-74  +4.603891e-52  +8.640872e-41  +1.971460e-35  +3.525535e-38  +8.755986e-52  +4.560237e-59  +1.131100e-30  +3.896302e-13  +1.869195e-06  +5.743072e-05  +1.313977e-04  +1.790487e-04  +1.631492e-04  +7.816489e-05  +2.094517e-04  +2.443132e-04  +1.721682e-04  +2.699898e-04  +1.287086e-04  +5.763324e-05  +8.091635e-05  +8.490409e-05  +1.126581e-04  +1.310486e-07  +5.059869e-15  +3.343028e-33  +3.074790e-62  +3.968092e-102 
+1.429569e-238  +7.199720e-184  +5.035749e-140  +4.891596e-107  +6.598952e-85  +1.341907e-73  +1.359373e-66  +2.430976e-69  +6.037549e-83  +9.394695e-70  +1.256489e-37  +2.624560e-16  +7.617034e-06  +1.451023e-04  +2.530206e-06  +1.603032e-04  +2.363718e-04  +7.760207e-05  +1.215073e-04  +1.330169e-05  +3.651045e-05  +1.252306e-04  +1.877881e-04  +1.685636e-04  +2.535277e-04  +1.164401e-04  +3.947895e-10  +1.878452e-18  +1.997001e-28  +1.319166e-46  +1.211297e-75  +1.544692e-115 
+2.845725e-282  +1.433189e-227  +1.002425e-183  +9.737298e-151  +1.313599e-128  +1.257054e-116  +1.301764e-108  +2.327953e-111  +1.628964e-119  +1.764171e-76  +2.653457e-44  +5.851383e-23  +8.768926e-10  +3.452163e-06  +7.601623e-05  +5.056334e-05  +1.641553e-04  +9.701152e-05  +6.973101e-05  +7.118190e-05  +7.973625e-05  +1.855121e-04  +1.288607e-04  +2.291465e-05  +1.949569e-04  +2.907078e-05  +9.649712e-13  +2.424713e-29  +1.160822e-52  +7.231256e-71  +6.639956e-100  +8.467521e-140 
+0.000000e+00  +3.962136e-282  +2.771264e-238  +2.691933e-205  +3.631537e-183  +1.351300e-169  +1.731266e-161  +3.096034e-164  +4.777578e-137  +5.184502e-94  +1.600266e-60  +6.800867e-35  +7.056669e-15  +1.893020e-05  +8.423318e-05  +1.423239e-09  +1.791619e-04  +1.575298e-04  +1.621943e-04  +7.528054e-05  +3.914765e-05  +2.969459e-05  +3.973529e-05  +6.417241e-05  +1.350965e-07  +7.677627e-14  +1.194280e-21  +4.055453e-40  +2.225385e-69  +5.548580e-106  +5.054958e-135  +6.446272e-175 
+0.000000e+00  +0.000000e+00  +1.064000e-303  +1.033542e-270  +1.394556e-248  +2.483561e-233  +3.197667e-225  +2.495639e-219  +3.317967e-165  +2.862629e-115  +7.299574e-73  +2.555078e-40  +1.922606e-18  +2.087255e-07  +7.781376e-05  +1.739752e-05  +2.504820e-06  +6.544409e-05  +2.099469e-04  +1.713326e-04  +1.238255e-04  +4.362218e-05  +3.515057e-05  +9.196474e-08  +1.270741e-10  +9.642552e-24  +3.204731e-41  +1.085441e-59  +5.117850e-89  +3.352045e-129  +3.730027e-180  +6.815519e-221 
+0.000000e+00  +0.000000e+00  +0.000000e+00  +0.000000e+00  +0.000000e+00  +6.369972e-308  +8.202394e-300  +2.619095e-247  +5.353258e-182  +1.525416e-127  +6.037410e-84  +3.866527e-51  +2.431419e-26  +1.495695e-11  +2.562896e-05  +2.216152e-04  +1.487233e-04  +1.561217e-04  +5.202680e-05  +1.444197e-04  +1.279070e-04  +4.274130e-05  +1.748588e-12  +4.608507e-16  +1.662024e-24  +1.261153e-37  +1.329048e-61  +4.037973e-90  +1.903885e-119  +1.246696e-159  +1.133753e-210  +1.432014e-272 
+0.000000e+00  +0.000000e+00  +0.000000e+00  +0.000000e+00  +0.000000e+00  +0.000000e+00  +0.000000e+00  +4.774899e-269  +9.799932e-204  +5.919071e-149  +7.184762e-102  +2.292054e-65  +1.419837e-39  +7.357216e-20  +1.860167e-10  +7.515520e-06  +4.685365e-06  +3.214306e-05  +9.186486e-07  +1.189224e-04  +2.227925e-06  +5.917911e-12  +1.050348e-20  +4.361166e-35  +1.940163e-48  +2.290771e-62  +2.414096e-86  +3.533178e-121  +9.836321e-161  +6.440983e-201  +5.857467e-252  +7.397851e-314 
+0.000000e+00  +0.000000e+00  +0.000000e+00  +0.000000e+00  +0.000000e+00  +0.000000e+00  +0.000000e+00  +1.042915e-300  +1.097700e-231  +1.815836e-173  +4.175194e-126  +3.270381e-87  +4.268833e-56  +7.770144e-36  +4.620868e-24  +7.559266e-15  +4.607972e-16  +2.075924e-14  +2.162933e-09  +9.263051e-07  +1.500172e-08  +1.814148e-19  +2.546191e-38  +6.266374e-58  +2.153127e-78  +5.778856e-98  +6.089847e-122  +8.912863e-157  +1.811616e-202  +4.621492e-253  +4.202807e-304  +0.000000e+00 
+0.000000e+00  +0.000000e+00  +0.000000e+00  +0.000000e+00  +0.000000e+00  +0.000000e+00  +0.000000e+00  +0.000000e+00  +8.852878e-267  +2.209453e-208  +5.062247e-156  +4.777321e-114  +6.261327e-83  +1.194284e-62  +6.458444e-44  +1.061069e-34  +5.395320e-36  +3.383076e-34  +4.528186e-21  +1.905452e-18  +1.979622e-21  +2.393946e-32  +4.020563e-54  +3.046210e-86  +7.254413e-117  +2.252743e-143  +2.133517e-168  +3.122532e-203  +6.346814e-249  +1.791606e-305  +0.000000e+00  +0.000000e+00 
+0.000000e+00  +0.000000e+00  +0.000000e+00  +0.000000e+00  +0.000000e+00  +0.000000e+00  +0.000000e+00  +0.000000e+00  +3.111342e-310  +1.517503e-246  +1.031183e-193  +9.731496e-152  +1.275457e-120  +1.064273e-94  +1.259011e-74  +2.068451e-65  +9.445794e-67  +4.350373e-57  +1.316569e-43  +5.533905e-41  +3.628259e-45  +4.387268e-56  +7.368289e-78  +1.718609e-110  +5.600769e-154  +5.213280e-195  +1.038101e-225  +1.519269e-260  +3.088044e-306  +0.000000e+00  +0.000000e+00  +0.000000e+00 
+0.000000e+00  +0.000000e+00  +0.000000e+00  +0.000000e+00  +0.000000e+00  +0.000000e+00  +0.000000e+00  +0.000000e+00  +0.000000e+00  +4.293018e-295  +2.917217e-242  +2.753042e-200  +3.418694e-167  +2.881322e-136  +3.408548e-116  +5.599960e-107  +2.321735e-108  +1.756645e-90  +5.316199e-77  +2.234387e-74  +9.246777e-80  +1.116637e-90  +1.875359e-112  +4.374161e-145  +1.416913e-188  +6.374360e-243  +1.395809e-292  +0.000000e+00  +0.000000e+00  +0.000000e+00  +0.000000e+00  +0.000000e+00 
