+0.000000e+00  +0.000000e+00  +0.000000e+00  +0.000000e+00  +0.000000e+00  +0.000000e+00  +0.000000e+00  +1.288577e-264  +2.218326e-209  +5.303692e-165  +1.761040e-131  +1.422566e-108  +5.955105e-90  +8.067524e-82  +1.517851e-84  +7.267886e-92  +2.638787e-95  +1.991840e-104  +3.959637e-122  +4.392502e-148  +2.539961e-177  +1.305660e-213  +1.506338e-255  +2.572255e-308  +0.000000e+00  +0.000000e+00  +0.000000e+00  +0.000000e+00  +0.000000e+00  +0.000000e+00  +0.000000e+00  +0.000000e+00 
+0.000000e+00  +0.000000e+00  +0.000000e+00  +0.000000e+00  +0.000000e+00  +1.737071e-305  +1.950549e-281  +1.045591e-225  +1.800018e-170  +4.303578e-126  +1.428962e-92  +6.591095e-70  +1.600017e-54  +2.167010e-46  +4.077084e-49  +9.033640e-54  +1.649310e-56  +1.508625e-65  +2.121482e-81  +6.169084e-104  +1.633929e-130  +1.996028e-162  +2.454252e-204  +4.190931e-257  +3.340378e-320  +0.000000e+00  +0.000000e+00  +0.000000e+00  +0.000000e+00  +0.000000e+00  +0.000000e+00  +0.000000e+00 
+0.000000e+00  +0.000000e+00  +0.000000e+00  +2.939027e-305  +1.727113e-264  +1.707284e-234  +2.066494e-212  +1.068092e-186  +2.028458e-142  +4.849747e-98  +1.610312e-64  +7.425726e-42  +1.072278e-29  +8.083873e-22  +1.520931e-24  +1.559571e-26  +1.433740e-28  +2.089710e-36  +1.875573e-51  +4.757175e-68  +5.102431e-91  +4.516482e-122  +5.553333e-164  +5.786034e-215  +1.395241e-260  +4.785932e-305  +0.000000e+00  +0.000000e+00  +0.000000e+00  +0.000000e+00  +0.000000e+00  +0.000000e+00 
+0.000000e+00  +0.000000e+00  +5.045011e-296  +2.134648e-244  +1.254380e-203  +1.032086e-173  +5.936112e-153  +1.926021e-135  +1.190153e-113  +7.590082e-81  +2.520214e-47  +1.162161e-24  +7.445835e-13  +4.188752e-08  +8.131477e-11  +3.741835e-10  +1.767081e-11  +2.070079e-17  +3.088671e-27  +2.565457e-41  +1.603088e-61  +1.419295e-92  +2.669012e-131  +4.699434e-166  +5.684956e-209  +6.499775e-237  +1.065618e-275  +1.320839e-317  +0.000000e+00  +0.000000e+00  +0.000000e+00  +0.000000e+00 
+0.000000e+00  +1.670308e-308  +5.088887e-246  +2.153213e-194  +1.265288e-153  +1.032922e-123  +3.448564e-104  +2.200241e-92  +2.980517e-73  +2.557840e-62  +5.581069e-41  +2.542170e-18  +1.621229e-06  +4.512343e-05  +3.118744e-05  +1.270092e-04  +1.050218e-04  +4.205687e-08  +6.978604e-13  +1.097465e-22  +6.996289e-43  +2.474990e-69  +3.055513e-93  +5.407385e-128  +1.038594e-151  +1.225940e-179  +1.099895e-215  +7.387858e-252  +6.904273e-299  +0.000000e+00  +0.000000e+00  +0.000000e+00 
+0.000000e+00  +2.339889e-269  +7.128882e-207  +3.016378e-155  +1.772507e-114  +1.446550e-84  +1.763333e-65  +1.195111e-54  +1.036618e-43  +8.896143e-33  +2.000832e-32  +1.823201e-17  +3.790865e-06  +2.686676e-05  +1.568668e-04  +2.709072e-04  +3.241774e-04  +1.077300e-04  +1.449198e-05  +6.651791e-15  +6.394185e-29  +3.876417e-42  +5.003556e-66  +7.029364e-88  +2.720280e-105  +3.228881e-133  +8.528326e-161  +5.738855e-197  +5.363209e-244  +6.960847e-302  +0.000000e+00  +0.000000e+00 
+2.075121e-314  +4.552309e-241  +1.386941e-178  +5.868435e-127  +3.448454e-86  +2.814264e-56  +3.198999e-37  +9.505255e-28  +4.838315e-24  +4.297078e-14  +2.361592e-13  +2.051804e-14  +1.183385e-13  +8.839070e-10  +1.225380e-04  +1.900924e-04  +2.383457e-04  +3.024927e-04  +2.361725e-07  +3.797098e-09  +1.119252e-12  +1.119911e-25  +2.526991e-41  +1.168535e-52  +9.896085e-70  +1.898826e-91  +9.200438e-117  +6.191131e-153  +5.785894e-200  +7.879512e-258  +1.482197e-323  +0.000000e+00 
+5.606838e-297  +1.230003e-223  +3.747422e-161  +1.585612e-109  +9.317493e-69  +7.603949e-39  +8.619195e-20  +2.300557e-11  +2.715717e-09  +2.882795e-06  +5.398070e-05  +2.584500e-05  +3.387028e-06  +5.383873e-05  +2.578063e-04  +3.948841e-05  +1.811919e-04  +1.767910e-04  +1.529760e-04  +3.495229e-04  +1.310509e-06  +5.286446e-13  +4.631275e-20  +5.882619e-28  +8.658063e-44  +2.844904e-58  +1.378450e-83  +9.280611e-120  +9.621433e-166  +2.224684e-219  +7.851191e-284  +0.000000e+00 
+2.103926e-290  +4.615501e-217  +1.406194e-154  +5.949896e-103  +3.496323e-62  +2.853328e-32  +3.233938e-13  +5.227796e-05  +4.002372e-05  +3.243415e-05  +1.367943e-05  +1.379879e-04  +3.279972e-04  +3.671088e-04  +8.015450e-05  +1.659261e-04  +1.669843e-04  +1.677000e-04  +1.650781e-04  +6.219836e-05  +8.222278e-05  +8.986792e-06  +7.830834e-08  +4.603738e-14  +1.696691e-21  +5.919576e-36  +3.171386e-61  +3.996247e-94  +7.308632e-137  +1.857238e-190  +6.554460e-255  +0.000000e+00 
+1.096430e-294  +2.405300e-221  +7.328171e-159  +3.100701e-107  +1.822057e-66  +1.486970e-36  +1.685312e-17  +2.655530e-09  +1.459656e-10  +7.361936e-07  +2.378107e-06  +3.788078e-07  +2.176668e-04  +1.122030e-04  +7.248244e-05  +2.512053e-04  +2.251659e-04  +1.847493e-04  +3.377996e-05  +1.784746e-04  +6.724151e-05  +4.999814e-05  +1.785866e-04  +1.968574e-06  +4.908417e-10  +3.876234e-23  +3.515017e-44  +4.631076e-76  +8.473745e-119  +2.153312e-172  +7.599347e-237  +3.724634e-312 
+7.935411e-310  +1.740836e-236  +5.303762e-174  +2.244131e-122  +1.318714e-81  +1.076194e-51  +1.219744e-32  +1.920005e-24  +5.641290e-23  +4.100532e-19  +8.075699e-18  +5.777888e-07  +2.429256e-04  +5.015832e-05  +2.743384e-04  +3.009217e-04  +3.280280e-04  +3.080474e-04  +2.146816e-04  +2.364224e-05  +1.929829e-04  +4.463277e-05  +3.006375e-05  +1.133212e-05  +8.735854e-06  +5.966038e-16  +5.659833e-37  +7.456915e-69  +1.364435e-111  +3.467242e-165  +1.223640e-229  +1.022132e-296 
+0.000000e+00  +1.749783e-262  +5.331021e-200  +2.255665e-148  +1.325491e-107  +1.081725e-77  +1.226013e-58  +1.929798e-50  +4.396617e-46  +3.195988e-42  +3.523631e-24  +2.351240e-10  +3.323945e-07  +3.388002e-05  +1.801697e-04  +2.290635e-04  +2.859685e-04  +3.967036e-04  +2.542583e-04  +3.040610e-04  +3.226746e-04  +1.556640e-04  +5.235453e-05  +6.192293e-05  +4.719646e-08  +1.343896e-19  +1.265849e-40  +1.668359e-72  +3.240153e-115  +1.490571e-163  +7.087193e-196  +4.680086e-239 
+0.000000e+00  +2.442578e-299  +7.441744e-237  +3.148756e-185  +1.850296e-144  +1.510015e-114  +1.711431e-95  +2.693863e-87  +4.759235e-80  +1.160099e-61  +5.574415e-37  +3.907993e-23  +2.501728e-11  +2.483127e-05  +1.082730e-04  +4.113247e-05  +4.866994e-04  +2.268361e-04  +2.611557e-04  +4.250438e-04  +7.949304e-05  +1.502326e-04  +1.411736e-04  +8.329225e-05  +3.327758e-06  +4.971148e-15  +5.983054e-34  +1.002268e-63  +2.768304e-95  +9.478017e-117  +4.506705e-149  +2.976039e-192 
+0.000000e+00  +0.000000e+00  +1.442703e-284  +6.104375e-233  +3.587100e-192  +2.927410e-162  +3.317888e-143  +5.222628e-135  +7.369791e-121  +5.581604e-79  +3.038804e-44  +2.297654e-20  +2.412808e-07  +1.654895e-04  +2.544761e-04  +2.352934e-04  +2.948924e-04  +2.068363e-04  +3.140817e-04  +4.118599e-04  +9.911607e-05  +7.708640e-05  +2.250048e-04  +1.851193e-04  +9.789088e-06  +8.500115e-14  +1.025293e-32  +9.916785e-49  +2.444762e-59  +8.370285e-81  +3.979989e-113  +2.628218e-156 
+0.000000e+00  +0.000000e+00  +0.000000e+00  +1.643545e-291  +9.657921e-251  +7.890848e-221  +6.357167e-180  +6.183353e-147  +7.658599e-112  +1.117515e-75  +2.780406e-50  +3.899867e-27  +4.312123e-14  +1.041512e-06  +3.063690e-04  +2.140382e-04  +1.209562e-04  +5.620792e-04  +1.991833e-04  +1.891863e-04  +1.327339e-04  +1.088166e-04  +1.595157e-04  +6.773588e-07  +1.468940e-10  +1.783070e-12  +2.264275e-21  +1.216274e-23  +2.998453e-34  +1.026599e-55  +4.881380e-88  +3.223459e-131 
+0.000000e+00  +0.000000e+00  +0.000000e+00  +3.533370e-301  +1.283026e-235  +6.470235e-181  +4.531505e-137  +4.407606e-104  +5.968062e-82  +1.220918e-56  +2.474276e-31  +6.967401e-17  +3.755512e-13  +4.811266e-05  +3.296172e-04  +5.371317e-04  +3.845978e-04  +2.084155e-04  +2.203211e-05  +7.014679e-05  +1.022326e-04  +1.154830e-04  +7.629486e-05  +8.121747e-05  +5.275739e-05  +1.582579e-06  +5.379917e-09  +2.071716e-09  +5.107354e-20  +1.748637e-41  +8.314598e-74  +5.490613e-117 
+0.000000e+00  +0.000000e+00  +3.087564e-319  +4.751458e-269  +1.270142e-203  +6.405261e-149  +4.485999e-105  +4.363345e-72  +5.894107e-50  +3.339362e-37  +3.763085e-23  +1.088128e-08  +5.664791e-05  +3.063395e-05  +1.727183e-04  +4.254005e-04  +3.020222e-04  +4.125415e-04  +2.309439e-04  +1.184663e-04  +1.238981e-04  +2.089920e-07  +9.138794e-10  +3.823895e-08  +6.264592e-06  +1.957353e-05  +8.345948e-05  +4.900816e-06  +1.208183e-16  +4.136531e-38  +1.966880e-70  +1.298845e-113 
+0.000000e+00  +1.976263e-323  +5.364863e-263  +2.178177e-213  +1.228190e-174  +8.806261e-128  +6.167568e-84  +5.998937e-51  +8.103499e-29  +1.528418e-17  +1.420886e-11  +2.370985e-08  +8.538350e-05  +5.345006e-05  +8.430174e-05  +1.760886e-04  +3.047632e-04  +2.206118e-04  +2.857963e-04  +9.957138e-06  +5.741359e-08  +3.880652e-16  +5.244748e-24  +2.844817e-21  +4.740498e-15  +1.302852e-12  +1.723941e-08  +1.646620e-13  +3.969238e-24  +1.358973e-45  +6.461784e-78  +4.267092e-121 
+0.000000e+00  +4.428383e-278  +1.294617e-217  +5.256246e-168  +2.963794e-129  +2.320911e-101  +2.355967e-73  +1.146425e-40  +1.549022e-18  +2.907004e-07  +5.778396e-05  +8.726969e-05  +7.487029e-05  +8.725871e-05  +2.577298e-04  +1.429967e-04  +2.853075e-04  +2.656106e-04  +3.005776e-04  +1.271178e-04  +7.184409e-05  +7.826134e-12  +1.188240e-29  +1.183955e-44  +7.873429e-34  +3.353696e-27  +5.121522e-23  +1.093562e-29  +1.811037e-42  +6.200452e-64  +2.948255e-96  +1.946904e-139 
+2.654789e-309  +3.577324e-242  +4.350154e-183  +1.761555e-133  +9.932728e-95  +7.778197e-67  +8.459745e-50  +2.946668e-31  +1.547915e-14  +2.582067e-06  +3.050806e-04  +1.228664e-04  +1.851895e-04  +3.620204e-04  +2.182087e-04  +2.611680e-04  +3.286961e-04  +7.736407e-05  +2.144006e-04  +2.084287e-04  +2.835573e-05  +4.578723e-13  +1.074797e-31  +3.975280e-61  +1.852017e-63  +1.383684e-52  +2.113080e-48  +4.481604e-55  +1.279551e-71  +3.928926e-93  +1.868166e-125  +1.233659e-168 
+1.102170e-268  +3.085383e-207  +9.603489e-155  +5.204280e-109  +4.625852e-71  +3.620240e-43  +3.937184e-26  +1.858363e-18  +6.441144e-09  +1.501023e-04  +3.609050e-04  +1.227773e-04  +1.550291e-04  +1.944916e-04  +3.067062e-04  +5.588703e-04  +1.360502e-04  +1.040627e-04  +8.609071e-05  +3.445335e-05  +3.544775e-05  +4.099310e-14  +1.023120e-33  +1.459664e-63  +1.917151e-103  +7.928510e-89  +1.210795e-84  +2.567957e-91  +7.573948e-109  +3.457810e-133  +1.644008e-165  +1.085634e-208 
+1.375524e-238  +3.850244e-177  +1.496740e-126  +8.138569e-87  +3.304314e-54  +5.242211e-30  +2.545326e-13  +3.861612e-07  +1.281115e-04  +2.400760e-04  +2.137562e-04  +4.934489e-05  +2.229435e-04  +1.971781e-04  +1.733533e-04  +2.551192e-04  +1.178962e-04  +2.199268e-04  +1.919787e-04  +2.071346e-05  +3.083230e-07  +2.760605e-15  +3.460351e-34  +6.024223e-64  +1.456558e-104  +6.309346e-136  +9.635261e-132  +2.043528e-138  +6.019157e-156  +6.687833e-184  +2.009233e-216  +1.326813e-259 
+2.384108e-219  +6.673381e-158  +2.594203e-107  +1.400556e-67  +1.050247e-38  +2.245546e-20  +6.814528e-08  +4.473683e-05  +1.973590e-05  +1.558731e-04  +2.279879e-04  +3.050545e-04  +2.893099e-04  +2.770702e-04  +8.163841e-05  +9.759385e-05  +5.754978e-05  +1.873871e-04  +3.456227e-06  +1.125273e-04  +5.391766e-05  +9.087771e-13  +2.292995e-31  +8.370450e-61  +4.331409e-101  +3.143432e-152  +1.064864e-189  +2.258454e-196  +6.652216e-214  +2.721910e-242  +3.411862e-278  +2.252939e-321 
+5.738805e-211  +1.606355e-149  +6.244526e-99  +3.371288e-59  +2.527886e-30  +2.646054e-12  +5.932782e-05  +3.594572e-04  +1.283387e-04  +1.740084e-04  +2.691561e-04  +2.082549e-04  +1.484004e-04  +1.984483e-04  +5.538409e-05  +1.172996e-04  +1.135753e-04  +1.598453e-04  +9.391637e-06  +2.841772e-05  +3.153379e-05  +2.657575e-14  +5.308215e-34  +9.542685e-64  +4.797398e-104  +3.504350e-155  +3.561910e-217  +3.466410e-265  +1.021022e-282  +4.176649e-311  +0.000000e+00  +0.000000e+00 
+1.918470e-213  +5.370010e-152  +2.087532e-101  +1.127014e-61  +8.450412e-33  +8.882628e-15  +4.800735e-06  +3.724375e-05  +3.971781e-05  +2.103212e-04  +1.506725e-04  +1.189926e-04  +1.057990e-04  +1.452503e-04  +1.183691e-04  +4.071316e-05  +1.197353e-04  +1.210150e-04  +3.770007e-06  +9.438880e-05  +8.472151e-06  +2.625450e-16  +1.134715e-37  +7.523712e-70  +2.245406e-112  +5.183127e-165  +2.165780e-228  +1.343536e-302  +0.000000e+00  +0.000000e+00  +0.000000e+00  +0.000000e+00 
+8.906900e-227  +2.493140e-165  +9.691805e-115  +5.235310e-75  +1.535098e-45  +6.225939e-24  +4.710143e-13  +4.978876e-13  +4.418994e-08  +3.137292e-05  +1.369655e-04  +3.617028e-05  +8.603937e-05  +7.018956e-05  +1.195778e-04  +9.283509e-05  +1.027836e-04  +8.527506e-05  +1.216853e-04  +1.206246e-04  +3.003891e-10  +5.070162e-22  +2.181397e-43  +1.303922e-75  +1.082446e-118  +1.247955e-172  +1.998157e-237  +4.443226e-313  +0.000000e+00  +0.000000e+00  +0.000000e+00  +0.000000e+00 
+5.742964e-251  +1.607594e-189  +7.784749e-139  +4.340907e-96  +1.701444e-63  +9.268947e-42  +7.012633e-31  +2.735765e-30  +7.175068e-17  +3.927544e-14  +3.777182e-08  +1.646690e-05  +1.098239e-04  +2.832996e-05  +8.062820e-05  +2.728976e-05  +8.722386e-05  +1.344104e-05  +2.043133e-05  +4.878977e-09  +3.332283e-15  +4.315064e-32  +1.361848e-59  +3.496337e-92  +2.902470e-135  +3.346266e-189  +5.357856e-254  +0.000000e+00  +0.000000e+00  +0.000000e+00  +0.000000e+00  +0.000000e+00 
+5.249229e-286  +1.575751e-222  +3.175424e-168  +8.968873e-125  +3.518137e-92  +1.916574e-70  +1.450028e-59  +5.169925e-50  +1.923943e-36  +1.606789e-30  +4.992275e-17  +2.219095e-14  +2.087953e-11  +1.171373e-09  +4.903126e-05  +1.592249e-05  +9.860672e-05  +2.444556e-08  +1.732684e-11  +7.029261e-22  +1.425041e-30  +1.845245e-47  +3.318420e-75  +8.287953e-114  +1.368330e-162  +1.246120e-216  +1.995219e-281  +0.000000e+00  +0.000000e+00  +0.000000e+00  +0.000000e+00  +0.000000e+00 
+0.000000e+00  +4.483686e-262  +9.118724e-208  +2.575556e-164  +1.010289e-131  +5.503749e-110  +4.163994e-99  +1.925265e-80  +7.164706e-67  +2.934543e-50  +9.210391e-37  +1.592119e-33  +5.778959e-29  +4.820528e-19  +1.593179e-13  +1.042444e-07  +9.474425e-08  +2.659033e-11  +2.015676e-25  +1.636873e-38  +8.485315e-57  +1.095885e-73  +1.970799e-101  +4.922182e-140  +1.707304e-189  +8.224423e-250  +1.086895e-319  +0.000000e+00  +0.000000e+00  +0.000000e+00  +0.000000e+00  +0.000000e+00 
+0.000000e+00  +1.788159e-312  +3.636680e-258  +1.027169e-214  +4.029181e-182  +2.194975e-160  +3.717567e-146  +9.957143e-122  +3.330748e-105  +7.518964e-81  +2.359911e-67  +4.586986e-62  +9.186355e-55  +2.181526e-38  +4.326345e-30  +1.367744e-19  +6.095330e-20  +4.363099e-25  +3.299843e-39  +3.526749e-64  +2.982771e-87  +9.038872e-111  +1.625517e-138  +4.059819e-177  +1.408186e-226  +6.783457e-287  +0.000000e+00  +0.000000e+00  +0.000000e+00  +0.000000e+00  +0.000000e+00  +0.000000e+00 
+0.000000e+00  +0.000000e+00  +2.014256e-319  +5.689197e-276  +2.231649e-243  +1.215734e-221  +2.668990e-198  +7.151826e-174  +1.183897e-146  +2.675553e-122  +8.397520e-109  +2.443237e-101  +5.761612e-85  +1.371626e-68  +7.875453e-53  +2.493927e-42  +1.096988e-42  +9.943355e-50  +7.519730e-64  +7.898393e-89  +1.305877e-124  +1.151882e-157  +1.861995e-186  +4.650436e-225  +1.613047e-274  +0.000000e+00  +0.000000e+00  +0.000000e+00  +0.000000e+00  +0.000000e+00  +0.000000e+00  +0.000000e+00 
+0.000000e+00  +0.000000e+00  +0.000000e+00  +0.000000e+00  +1.716614e-315  +9.365390e-294  +2.662362e-261  +3.602521e-234  +5.850693e-199  +1.322230e-174  +4.149971e-161  +1.840705e-151  +5.031021e-126  +8.866029e-108  +1.994309e-86  +6.315397e-76  +2.777459e-76  +3.163630e-85  +2.379848e-99  +2.499687e-124  +3.646365e-160  +1.489016e-206  +2.962196e-245  +7.398073e-284  +0.000000e+00  +0.000000e+00  +0.000000e+00  +0.000000e+00  +0.000000e+00  +0.000000e+00  +0.000000e+00  +0.000000e+00 
