+0.000000e+00  +0.000000e+00  +0.000000e+00  +0.000000e+00  +0.000000e+00  +0.000000e+00  +0.000000e+00  +0.000000e+00  +0.000000e+00  +0.000000e+00  +0.000000e+00  +0.000000e+00  +0.000000e+00  +0.000000e+00  +0.000000e+00  +0.000000e+00  +0.000000e+00  +0.000000e+00  +0.000000e+00  +0.000000e+00  +0.000000e+00  +0.000000e+00  +0.000000e+00  +0.000000e+00  +0.000000e+00  +0.000000e+00  +0.000000e+00  +0.000000e+00  +0.000000e+00  +0.000000e+00  +0.000000e+00  +0.000000e+00 
+0.000000e+00  +0.000000e+00  +0.000000e+00  +0.000000e+00  +0.000000e+00  +0.000000e+00  +0.000000e+00  +0.000000e+00  +0.000000e+00  +0.000000e+00  +0.000000e+00  +0.000000e+00  +0.000000e+00  +0.000000e+00  +4.940656e-324  +1.823820e-303  +1.096692e-293  +9.158531e-295  +1.062196e-306  +1.136351e-322  +5.336448e-318  +4.940656e-324  +0.000000e+00  +0.000000e+00  +0.000000e+00  +0.000000e+00  +0.000000e+00  +0.000000e+00  +0.000000e+00  +0.000000e+00  +0.000000e+00  +0.000000e+00 
+0.000000e+00  +0.000000e+00  +0.000000e+00  +0.000000e+00  +0.000000e+00  +0.000000e+00  +0.000000e+00  +0.000000e+00  +7.905050e-323  +1.870631e-293  +2.410108e-274  +1.436916e-259  +1.585810e-255  +2.431596e-262  +2.021759e-250  +8.752688e-230  +5.263134e-220  +4.395268e-221  +5.097583e-233  +1.309197e-245  +6.152234e-241  +2.648854e-246  +6.778436e-252  +4.453065e-266  +2.335782e-252  +1.219886e-248  +8.847972e-256  +8.912730e-274  +6.369343e-297  +0.000000e+00  +0.000000e+00  +0.000000e+00 
+0.000000e+00  +0.000000e+00  +0.000000e+00  +0.000000e+00  +0.000000e+00  +0.000000e+00  +0.000000e+00  +5.622981e-293  +9.380413e-253  +2.173278e-223  +7.419861e-205  +3.394292e-191  +3.746033e-187  +5.759773e-194  +1.379782e-187  +5.833632e-167  +3.507858e-157  +2.929429e-158  +3.397518e-170  +2.262110e-179  +9.850348e-175  +2.455350e-179  +7.227592e-185  +4.078561e-197  +5.184953e-185  +2.707894e-181  +1.964067e-188  +2.020872e-206  +3.006686e-226  +2.957546e-255  +4.040294e-295  +0.000000e+00 
+0.000000e+00  +0.000000e+00  +0.000000e+00  +1.829375e-296  +5.031045e-275  +9.152607e-259  +2.325980e-253  +9.072601e-234  +1.513516e-193  +3.506553e-164  +1.129667e-145  +1.113586e-133  +1.228993e-129  +1.928723e-136  +7.181005e-135  +5.400046e-115  +3.246964e-105  +2.711555e-106  +3.144831e-118  +7.501070e-124  +2.190330e-119  +3.553871e-123  +1.070371e-128  +6.032496e-139  +1.598436e-128  +8.347993e-125  +6.054897e-132  +2.844002e-148  +1.971153e-166  +1.938938e-195  +2.648776e-235  +5.025331e-286 
+0.000000e+00  +3.589048e-297  +2.979095e-256  +3.434215e-226  +1.133397e-206  +1.067903e-190  +2.713910e-185  +3.362028e-185  +3.391487e-145  +7.857483e-116  +2.528283e-97  +5.084683e-87  +5.601609e-83  +1.013146e-89  +1.508450e-91  +7.014189e-74  +4.173985e-64  +3.485714e-65  +4.042704e-77  +7.542847e-79  +6.764198e-75  +7.283381e-78  +2.221016e-83  +1.243286e-91  +6.843586e-83  +3.574131e-79  +2.592364e-86  +2.533901e-99  +1.794695e-117  +1.765363e-146  +2.411657e-186  +4.575461e-237 
+1.565678e-289  +9.357244e-238  +7.766922e-197  +8.953467e-167  +1.442873e-147  +1.730445e-133  +4.397743e-128  +2.370213e-128  +1.055435e-107  +2.445257e-78  +7.867848e-60  +3.561782e-51  +3.554864e-47  +1.281793e-53  +5.314225e-59  +3.805887e-43  +7.451990e-34  +6.223048e-35  +1.088388e-46  +1.942817e-44  +2.901855e-41  +2.079141e-43  +1.199494e-48  +3.567302e-55  +4.069210e-48  +2.125186e-44  +1.547704e-51  +3.204006e-61  +2.269336e-79  +2.232247e-108  +3.049465e-148  +5.785529e-199 
+5.681518e-241  +3.389534e-189  +2.812472e-148  +3.241905e-118  +5.190307e-99  +3.895370e-87  +9.897552e-82  +5.873824e-82  +4.561565e-81  +1.056826e-51  +3.400437e-33  +1.801626e-25  +3.193064e-22  +5.468273e-28  +2.609436e-37  +1.260441e-21  +1.856078e-14  +1.542952e-15  +1.593248e-22  +9.176484e-21  +1.736742e-18  +8.246493e-20  +2.294232e-23  +2.235093e-29  +3.360272e-24  +1.754936e-20  +1.230807e-26  +5.626514e-34  +3.985152e-52  +3.920021e-81  +5.355128e-121  +1.016654e-171 
+3.088005e-203  +1.731797e-151  +1.418756e-110  +1.631224e-80  +2.610172e-61  +1.275114e-51  +3.094282e-46  +2.025488e-46  +1.298368e-50  +6.343377e-36  +2.041041e-17  +9.155753e-10  +4.534772e-08  +1.350110e-12  +4.389819e-23  +9.303109e-11  +1.301539e-05  +5.313669e-07  +9.619441e-09  +9.590622e-08  +1.595161e-06  +4.563674e-07  +1.253707e-08  +1.108203e-12  +3.856163e-11  +2.012668e-07  +2.696924e-10  +1.372219e-17  +9.719174e-36  +9.681735e-65  +2.395406e-101  +6.623543e-146 
+8.063229e-176  +1.909016e-124  +1.105877e-83  +1.165466e-53  +1.831172e-34  +4.584448e-26  +1.344629e-21  +9.763601e-22  +6.201286e-26  +6.336255e-26  +1.701825e-12  +7.767174e-05  +2.434690e-04  +1.095698e-06  +1.287288e-10  +7.988492e-06  +9.529708e-05  +3.151591e-08  +7.207308e-05  +1.153007e-04  +8.099435e-05  +1.518555e-04  +1.471998e-04  +2.945560e-06  +9.565576e-06  +4.480967e-05  +9.320871e-05  +6.317582e-12  +3.833132e-26  +3.318870e-49  +1.256031e-80  +5.648651e-120 
+2.190642e-158  +2.669450e-107  +5.158398e-67  +2.063744e-37  +2.072137e-18  +4.067661e-10  +8.215951e-08  +6.679611e-08  +4.265261e-12  +8.483027e-10  +6.627142e-09  +8.537388e-05  +1.435560e-04  +6.197945e-05  +2.126211e-04  +3.147661e-05  +1.574503e-04  +4.145084e-06  +1.003707e-04  +1.396260e-04  +2.898125e-05  +1.510844e-04  +2.493989e-04  +1.350129e-04  +3.410224e-04  +2.595557e-05  +8.677030e-05  +9.083989e-07  +1.534680e-17  +3.371950e-35  +1.098144e-63  +4.973728e-103 
+6.633773e-143  +4.171922e-97  +1.526519e-58  +1.243035e-30  +1.791856e-12  +1.191497e-04  +3.539532e-04  +9.630525e-05  +2.415006e-07  +1.970282e-04  +1.536137e-04  +1.460703e-04  +1.325535e-04  +1.506537e-04  +1.870073e-04  +7.266222e-05  +1.073394e-04  +1.299183e-04  +3.834842e-05  +1.767100e-04  +3.243397e-04  +2.359210e-04  +2.846567e-04  +4.017141e-04  +1.471368e-04  +2.418963e-04  +1.326868e-04  +1.112778e-04  +1.806385e-11  +3.859506e-28  +5.082507e-53  +8.098044e-83 
+2.675360e-115  +8.912262e-79  +8.846294e-48  +2.400133e-27  +7.983630e-11  +7.687569e-05  +1.771907e-05  +3.812594e-04  +1.807010e-04  +2.631466e-04  +5.937887e-05  +9.394136e-07  +2.944014e-04  +1.632634e-04  +1.828269e-04  +2.257147e-04  +1.736909e-05  +1.906851e-04  +2.004011e-05  +1.703369e-04  +3.127177e-04  +3.045178e-04  +3.812338e-04  +2.356057e-04  +2.107509e-04  +3.125763e-04  +1.774142e-04  +1.959487e-04  +3.137878e-08  +3.187491e-18  +6.852125e-37  +2.047114e-66 
+5.918828e-88  +5.999071e-57  +1.075873e-35  +3.250161e-16  +6.179376e-07  +3.075796e-04  +3.710670e-04  +5.499230e-04  +1.449369e-04  +1.240315e-04  +2.029751e-04  +1.348278e-04  +6.375738e-05  +1.903767e-04  +8.374381e-05  +2.507611e-04  +7.676261e-05  +2.244894e-04  +1.325655e-04  +3.208982e-04  +1.955525e-04  +3.302437e-04  +2.894482e-04  +3.162206e-04  +2.737934e-04  +6.618412e-05  +1.058727e-04  +2.908609e-04  +1.013231e-04  +1.179206e-12  +2.423133e-31  +7.193903e-61 
+9.118748e-71  +3.674006e-40  +3.232205e-20  +3.787417e-10  +1.172580e-04  +6.225364e-05  +1.303486e-04  +1.861630e-04  +1.420922e-04  +3.175016e-04  +2.001695e-04  +1.460633e-04  +6.490295e-05  +1.132158e-04  +2.337480e-04  +7.859782e-06  +8.301795e-07  +1.560435e-05  +2.921871e-04  +2.976890e-04  +1.871024e-04  +4.595265e-04  +2.261973e-04  +2.827048e-04  +2.226523e-04  +1.698447e-04  +3.408539e-04  +1.579606e-04  +7.002860e-08  +2.429839e-17  +1.722191e-36  +3.726443e-66 
+2.035218e-64  +8.072025e-34  +4.472156e-14  +4.192315e-05  +1.321996e-04  +1.269699e-04  +1.617165e-04  +1.663122e-04  +2.159721e-04  +2.267927e-04  +1.743271e-05  +5.923582e-05  +1.973541e-04  +5.317123e-05  +2.999506e-05  +3.906081e-08  +7.416855e-10  +5.612825e-07  +2.087989e-06  +2.154561e-04  +3.332383e-05  +2.268513e-04  +2.460489e-04  +1.040022e-04  +2.848802e-05  +5.686578e-05  +1.051079e-05  +2.580637e-05  +4.984763e-14  +1.950726e-29  +2.436521e-51  +1.188752e-81 
+6.311167e-69  +2.502725e-38  +1.378414e-18  +1.097600e-09  +3.494468e-05  +2.844922e-05  +3.600067e-04  +3.196801e-04  +1.529202e-04  +2.110788e-04  +7.067160e-05  +1.239491e-04  +1.242337e-05  +2.491450e-06  +3.803522e-09  +2.071079e-09  +2.442993e-04  +1.830499e-04  +2.008974e-04  +2.135480e-04  +3.653434e-05  +4.582949e-04  +1.475152e-04  +1.816422e-10  +9.654717e-07  +7.543918e-09  +2.693716e-12  +3.676417e-12  +3.396641e-22  +8.912236e-42  +5.206516e-72  +6.293631e-107 
+2.717992e-84  +1.077832e-53  +5.936918e-34  +3.145209e-18  +2.309876e-09  +5.016507e-05  +6.456827e-05  +1.055132e-04  +2.415602e-04  +1.211135e-04  +2.458766e-05  +1.928248e-04  +4.322877e-06  +3.552644e-05  +1.091493e-04  +4.652761e-05  +1.645159e-04  +1.998312e-04  +2.412249e-04  +1.952142e-04  +1.736506e-04  +2.686249e-04  +4.950634e-05  +3.245298e-10  +5.574231e-19  +8.067492e-23  +2.143784e-29  +2.836284e-29  +5.440953e-40  +8.786468e-61  +3.363515e-91  +2.101301e-132 
+1.625641e-110  +6.448150e-80  +6.009815e-53  +3.139041e-33  +2.207167e-18  +6.262036e-10  +6.330195e-05  +7.857112e-05  +1.446323e-05  +2.218539e-04  +2.299430e-04  +4.174296e-05  +4.631343e-04  +3.237539e-04  +1.127877e-04  +3.245827e-04  +2.094618e-04  +1.871552e-04  +1.722242e-04  +6.729996e-05  +3.097955e-04  +1.007695e-04  +1.129726e-09  +8.147987e-19  +8.157799e-35  +3.077668e-47  +4.239480e-57  +3.136980e-57  +5.768191e-68  +1.558448e-89  +4.431684e-121  +2.448662e-162 
+1.351145e-147  +2.215007e-109  +8.330355e-79  +1.934232e-53  +3.930813e-34  +2.820730e-18  +4.597925e-10  +1.900351e-06  +7.748231e-05  +5.990527e-05  +4.726854e-05  +1.501507e-04  +1.339788e-04  +2.185896e-04  +2.966510e-04  +4.206791e-04  +2.993771e-04  +5.723492e-05  +1.436394e-04  +4.443684e-04  +6.778704e-05  +1.286834e-04  +1.381118e-07  +5.258901e-21  +2.789151e-45  +2.669759e-80  +3.745017e-93  +4.820136e-96  +8.859095e-107  +2.262677e-128  +8.648118e-161  +4.349247e-203 
+1.574581e-187  +4.263946e-146  +3.269388e-110  +4.784058e-80  +2.440796e-53  +2.055082e-34  +2.652211e-22  +1.401684e-16  +3.855674e-12  +4.977379e-05  +1.408759e-04  +1.146675e-04  +1.789842e-04  +1.790695e-04  +2.335749e-04  +2.747614e-04  +2.286755e-04  +2.491576e-04  +6.044269e-05  +1.108525e-04  +2.628255e-07  +2.235855e-08  +5.713538e-14  +2.182085e-27  +1.157480e-51  +8.526944e-87  +8.723911e-133  +1.028600e-145  +1.890490e-156  +4.825508e-178  +1.712002e-210  +9.309346e-254 
+4.209571e-235  +1.065863e-188  +1.123017e-147  +4.073592e-110  +2.466334e-80  +8.082321e-60  +7.518080e-45  +2.218296e-27  +1.168317e-10  +1.136613e-04  +2.514428e-04  +5.403603e-05  +2.310178e-04  +1.741951e-04  +2.815659e-04  +2.338006e-04  +2.296675e-04  +2.744080e-04  +3.553379e-04  +7.809219e-05  +3.428396e-06  +3.608771e-16  +5.089328e-31  +1.257635e-44  +6.671084e-69  +4.914465e-104  +5.027985e-150  +3.762809e-206  +5.602725e-217  +1.430096e-238  +5.069590e-271  +2.498575e-314 
+6.702171e-289  +5.084549e-237  +1.311292e-188  +5.716547e-148  +3.912102e-118  +3.109810e-93  +8.788949e-57  +1.176718e-28  +2.187995e-11  +5.897534e-05  +2.816909e-04  +2.250686e-04  +3.820892e-04  +1.203668e-04  +2.553922e-04  +1.515880e-04  +3.673642e-04  +5.729426e-05  +4.242394e-06  +3.400314e-09  +6.091155e-13  +4.317401e-25  +1.627905e-46  +1.006926e-72  +5.339704e-97  +3.933662e-132  +4.024526e-178  +5.718346e-235  +2.306016e-288  +5.886107e-310  +0.000000e+00  +0.000000e+00 
+0.000000e+00  +8.141365e-289  +2.555604e-237  +1.114608e-196  +1.094396e-153  +7.596869e-104  +7.323738e-65  +9.805645e-37  +4.619943e-19  +6.704817e-08  +2.753166e-04  +1.717972e-04  +2.970992e-04  +2.555803e-05  +3.999228e-06  +1.187233e-04  +8.302323e-05  +9.077331e-05  +2.174512e-07  +5.137925e-17  +5.659776e-30  +3.264164e-42  +2.665801e-65  +1.661019e-98  +5.935808e-136  +4.372761e-171  +4.473768e-217  +6.356663e-274  +0.000000e+00  +0.000000e+00  +0.000000e+00  +0.000000e+00 
+0.000000e+00  +0.000000e+00  +6.917138e-297  +2.533886e-233  +1.266512e-172  +8.791634e-123  +8.523065e-84  +5.907182e-53  +2.456870e-30  +9.252943e-13  +1.524981e-05  +1.594390e-04  +4.268838e-05  +1.160510e-04  +7.112809e-06  +2.527509e-08  +2.604575e-06  +9.298933e-12  +3.143174e-18  +3.578414e-29  +1.405686e-49  +4.212417e-70  +3.376443e-93  +3.764451e-127  +8.072821e-172  +6.750877e-221  +6.906693e-267  +9.881313e-324  +0.000000e+00  +0.000000e+00  +0.000000e+00  +0.000000e+00 
+0.000000e+00  +0.000000e+00  +0.000000e+00  +4.072489e-263  +2.035594e-202  +4.096260e-152  +2.695287e-108  +1.831327e-69  +1.583708e-40  +1.905084e-22  +5.585543e-11  +1.532371e-04  +1.406328e-04  +8.837647e-07  +9.685414e-10  +4.974322e-19  +4.606564e-17  +6.002358e-26  +4.183050e-36  +3.652618e-52  +1.358104e-72  +7.453317e-104  +6.051838e-132  +6.736757e-166  +1.041618e-210  +2.308159e-266  +0.000000e+00  +0.000000e+00  +0.000000e+00  +0.000000e+00  +0.000000e+00  +0.000000e+00 
+0.000000e+00  +0.000000e+00  +0.000000e+00  +9.153236e-304  +2.990024e-240  +2.035536e-180  +9.137786e-130  +5.697088e-90  +4.144431e-60  +4.261916e-32  +7.772277e-15  +3.788277e-08  +5.447470e-08  +2.513406e-13  +7.744242e-23  +1.593597e-35  +1.401281e-38  +1.789100e-47  +8.170572e-65  +3.705876e-82  +1.822531e-106  +1.000030e-137  +7.773896e-180  +1.676946e-215  +2.592510e-260  +5.566272e-316  +0.000000e+00  +0.000000e+00  +0.000000e+00  +0.000000e+00  +0.000000e+00  +0.000000e+00 
+0.000000e+00  +0.000000e+00  +0.000000e+00  +0.000000e+00  +2.724244e-273  +8.806081e-212  +3.969993e-161  +9.946112e-114  +8.250963e-75  +9.808913e-47  +2.021150e-29  +3.734712e-22  +4.621855e-21  +3.334710e-30  +5.752299e-43  +1.766514e-59  +6.001061e-71  +7.653132e-80  +1.355617e-99  +1.001247e-121  +6.670343e-150  +1.863454e-182  +1.420514e-224  +5.947686e-276  +8.962351e-321  +0.000000e+00  +0.000000e+00  +0.000000e+00  +0.000000e+00  +0.000000e+00  +0.000000e+00  +0.000000e+00 
+0.000000e+00  +0.000000e+00  +0.000000e+00  +0.000000e+00  +1.636824e-315  +1.221887e-249  +5.232981e-189  +3.115572e-139  +2.596598e-100  +3.201648e-72  +8.073689e-55  +3.360429e-46  +6.218109e-45  +1.649224e-54  +3.407854e-71  +5.267968e-94  +3.572705e-114  +4.554972e-123  +8.066948e-143  +3.955786e-172  +2.375739e-200  +5.031009e-238  +3.676110e-280  +0.000000e+00  +0.000000e+00  +0.000000e+00  +0.000000e+00  +0.000000e+00  +0.000000e+00  +0.000000e+00  +0.000000e+00  +0.000000e+00 
+0.000000e+00  +0.000000e+00  +0.000000e+00  +0.000000e+00  +0.000000e+00  +5.312108e-286  +2.275432e-225  +1.356297e-175  +1.141185e-136  +1.509823e-108  +5.123731e-91  +6.158729e-81  +1.163669e-79  +3.056895e-89  +1.459946e-109  +2.094795e-133  +1.664836e-163  +3.765435e-177  +6.668605e-197  +1.640188e-227  +1.238167e-261  +1.087429e-300  +0.000000e+00  +0.000000e+00  +0.000000e+00  +0.000000e+00  +0.000000e+00  +0.000000e+00  +0.000000e+00  +0.000000e+00  +0.000000e+00  +0.000000e+00 
+0.000000e+00  +0.000000e+00  +0.000000e+00  +0.000000e+00  +0.000000e+00  +0.000000e+00  +1.374326e-272  +8.211419e-223  +7.044009e-184  +1.058935e-155  +6.202012e-138  +1.599189e-126  +3.024447e-125  +7.944208e-135  +2.899882e-155  +2.393369e-183  +2.491222e-217  +4.322999e-242  +7.656049e-262  +1.883052e-292  +0.000000e+00  +0.000000e+00  +0.000000e+00  +0.000000e+00  +0.000000e+00  +0.000000e+00  +0.000000e+00  +0.000000e+00  +0.000000e+00  +0.000000e+00  +0.000000e+00  +0.000000e+00 
+0.000000e+00  +0.000000e+00  +0.000000e+00  +0.000000e+00  +0.000000e+00  +0.000000e+00  +0.000000e+00  +6.924217e-281  +6.173373e-242  +1.143685e-213  +5.000463e-195  +5.772124e-183  +1.091694e-181  +2.867510e-191  +1.046044e-211  +5.699295e-243  +3.941820e-278  +6.893629e-318  +0.000000e+00  +0.000000e+00  +0.000000e+00  +0.000000e+00  +0.000000e+00  +0.000000e+00  +0.000000e+00  +0.000000e+00  +0.000000e+00  +0.000000e+00  +0.000000e+00  +0.000000e+00  +0.000000e+00  +0.000000e+00 
