+0.000000e+00  +0.000000e+00  +0.000000e+00  +0.000000e+00  +0.000000e+00  +0.000000e+00  +0.000000e+00  +0.000000e+00  +0.000000e+00  +0.000000e+00  +1.409889e-267  +2.752770e-220  +1.062530e-183  +1.594800e-153  +4.715462e-122  +3.358194e-101  +3.321460e-91  +4.562367e-92  +8.703408e-104  +3.483645e-119  +8.901451e-115  +1.061422e-116  +1.757736e-129  +5.347754e-143  +1.942017e-158  +4.803619e-178  +1.864405e-205  +4.978996e-242  +3.230004e-289  +0.000000e+00  +0.000000e+00  +0.000000e+00 
+0.000000e+00  +0.000000e+00  +0.000000e+00  +0.000000e+00  +0.000000e+00  +0.000000e+00  +0.000000e+00  +0.000000e+00  +0.000000e+00  +5.146036e-277  +7.234526e-219  +1.412490e-171  +3.834061e-135  +2.991282e-108  +2.452349e-84  +1.662200e-63  +1.644016e-53  +2.258225e-54  +4.307908e-66  +8.258020e-75  +2.025018e-71  +2.414660e-73  +3.999327e-86  +1.572599e-94  +2.672434e-109  +2.858383e-126  +1.060198e-152  +4.769511e-189  +3.105198e-236  +2.808240e-294  +0.000000e+00  +0.000000e+00 
+0.000000e+00  +0.000000e+00  +0.000000e+00  +0.000000e+00  +0.000000e+00  +0.000000e+00  +0.000000e+00  +0.000000e+00  +3.622736e-308  +3.667211e-239  +5.155529e-181  +1.006580e-133  +2.729372e-97  +1.078637e-71  +5.427765e-54  +1.149245e-36  +1.130111e-26  +1.552324e-27  +2.961315e-39  +2.718733e-41  +6.397912e-39  +7.628897e-41  +2.587480e-52  +6.422497e-57  +1.580467e-68  +5.924684e-85  +1.361042e-110  +6.366763e-147  +4.145920e-194  +3.749439e-252  +4.708446e-321  +0.000000e+00 
+0.000000e+00  +0.000000e+00  +0.000000e+00  +0.000000e+00  +0.000000e+00  +0.000000e+00  +0.000000e+00  +0.000000e+00  +3.585401e-281  +3.629419e-212  +5.102398e-154  +9.962069e-107  +2.701237e-70  +1.017344e-44  +1.758419e-29  +3.863866e-19  +1.079911e-10  +1.482706e-11  +6.883946e-22  +1.243072e-18  +2.807499e-17  +3.347383e-19  +1.395917e-25  +3.661175e-30  +1.922820e-38  +7.653987e-54  +2.518091e-79  +1.180549e-115  +7.687603e-163  +6.952424e-221  +8.732117e-290  +0.000000e+00 
+0.000000e+00  +0.000000e+00  +0.000000e+00  +0.000000e+00  +0.000000e+00  +0.000000e+00  +0.000000e+00  +0.000000e+00  +4.928069e-265  +4.988570e-196  +7.013154e-138  +1.369268e-90  +3.712802e-54  +1.398148e-28  +7.354382e-14  +6.201442e-08  +9.168202e-05  +5.248665e-06  +3.573388e-10  +7.911955e-07  +1.713275e-06  +2.040715e-08  +1.099563e-09  +2.979135e-13  +1.021901e-18  +1.923218e-33  +6.483736e-59  +3.040126e-95  +1.979698e-142  +1.790376e-200  +2.248679e-269  +0.000000e+00 
+0.000000e+00  +0.000000e+00  +0.000000e+00  +0.000000e+00  +0.000000e+00  +0.000000e+00  +0.000000e+00  +3.499103e-294  +3.429221e-243  +9.733658e-190  +1.382804e-132  +2.614287e-85  +7.087276e-49  +2.668885e-23  +1.395807e-08  +1.398996e-04  +1.362671e-04  +2.386262e-04  +9.296375e-07  +3.056455e-04  +2.465768e-04  +1.869186e-04  +1.335241e-04  +6.891575e-05  +2.871397e-09  +6.868662e-24  +2.318826e-49  +1.087270e-85  +7.080189e-133  +6.403099e-191  +8.042174e-260  +0.000000e+00 
+0.000000e+00  +0.000000e+00  +0.000000e+00  +0.000000e+00  +0.000000e+00  +0.000000e+00  +1.424800e-305  +8.313275e-244  +6.752405e-193  +1.257723e-152  +1.432554e-116  +5.704701e-76  +1.246879e-43  +1.205906e-20  +3.947712e-08  +2.405835e-04  +5.236575e-05  +1.994189e-04  +4.689547e-05  +3.881485e-04  +8.555157e-05  +1.335938e-04  +1.399573e-04  +1.575380e-04  +3.713590e-10  +3.703499e-25  +1.173915e-50  +5.626001e-87  +9.672976e-134  +2.660604e-190  +1.560446e-257  +0.000000e+00 
+0.000000e+00  +0.000000e+00  +0.000000e+00  +0.000000e+00  +0.000000e+00  +3.791266e-311  +4.704772e-266  +2.745045e-204  +2.224404e-153  +2.521943e-113  +1.199101e-83  +8.231830e-62  +1.060790e-33  +2.733860e-15  +7.817735e-06  +2.725146e-04  +1.486848e-04  +2.228225e-04  +2.615233e-04  +1.768407e-04  +1.131417e-04  +1.704252e-04  +5.849962e-05  +9.853505e-05  +7.605993e-08  +8.585889e-21  +1.369563e-44  +3.034239e-79  +9.335890e-125  +3.989326e-181  +2.367453e-248  +0.000000e+00 
+0.000000e+00  +0.000000e+00  +0.000000e+00  +0.000000e+00  +1.107709e-299  +8.173526e-249  +8.376003e-209  +1.259324e-175  +1.020049e-124  +1.148017e-84  +1.836201e-55  +2.908857e-36  +3.579875e-26  +2.492298e-10  +9.385834e-05  +2.179337e-04  +5.111895e-04  +4.365650e-04  +3.776448e-04  +3.144853e-04  +2.862121e-04  +8.177063e-05  +9.984891e-05  +2.326476e-05  +1.578019e-09  +1.809398e-22  +2.886447e-46  +6.394866e-81  +1.967603e-126  +8.407778e-183  +4.989569e-250  +0.000000e+00 
+0.000000e+00  +0.000000e+00  +0.000000e+00  +6.242275e-310  +3.316567e-248  +2.447217e-197  +2.507808e-157  +3.593811e-128  +1.816918e-106  +7.310911e-67  +1.142911e-37  +2.662536e-19  +1.590202e-10  +4.849521e-10  +5.940016e-05  +1.152639e-04  +2.512373e-04  +3.956234e-04  +2.337370e-04  +1.016692e-04  +6.936211e-05  +2.310824e-05  +7.628108e-05  +1.548855e-07  +1.825487e-18  +5.296099e-35  +8.448569e-59  +1.871764e-93  +5.759131e-139  +2.460939e-195  +1.460436e-262  +0.000000e+00 
+0.000000e+00  +0.000000e+00  +0.000000e+00  +2.595637e-269  +1.379081e-207  +1.017592e-156  +1.042786e-116  +1.484095e-87  +1.374442e-68  +7.717628e-56  +4.906639e-30  +2.247059e-12  +8.170035e-05  +3.228713e-06  +2.450462e-06  +3.053246e-04  +3.734938e-04  +5.889684e-04  +6.323097e-04  +3.070252e-04  +2.192645e-04  +8.852076e-05  +1.076919e-04  +5.396587e-11  +3.288095e-26  +2.640216e-51  +3.475156e-82  +7.608668e-117  +2.341071e-162  +1.000365e-218  +5.936633e-286  +0.000000e+00 
+0.000000e+00  +3.266893e-300  +4.839105e-265  +1.598484e-239  +7.963956e-178  +5.876417e-127  +6.021911e-87  +8.570261e-58  +1.707839e-39  +9.113684e-29  +3.731312e-22  +5.878754e-10  +1.314256e-04  +1.872364e-04  +4.014472e-06  +2.241001e-04  +4.334797e-04  +1.420074e-04  +3.184534e-04  +2.842507e-04  +1.492296e-04  +5.978770e-11  +3.789352e-11  +1.351263e-17  +6.694603e-35  +4.639318e-63  +1.732202e-101  +8.060105e-149  +1.321631e-196  +5.647470e-253  +3.351247e-320  +0.000000e+00 
+1.342104e-282  +1.431182e-236  +2.119947e-201  +4.361071e-177  +6.387255e-159  +4.712915e-108  +4.829602e-68  +6.873390e-39  +1.358553e-20  +2.003203e-12  +1.125124e-08  +1.468397e-06  +3.060870e-05  +1.361407e-04  +4.635844e-05  +6.734348e-05  +3.674093e-04  +3.584870e-04  +4.338235e-04  +8.763713e-05  +1.027239e-05  +1.755888e-09  +6.015162e-19  +6.717363e-35  +3.327667e-52  +2.289577e-80  +2.187804e-119  +2.903703e-169  +5.614803e-230  +4.456968e-298  +0.000000e+00  +0.000000e+00 
+3.780401e-228  +8.707964e-184  +1.289801e-148  +2.653328e-124  +7.580487e-111  +5.249338e-100  +5.379306e-60  +7.655718e-31  +1.513157e-12  +4.248709e-05  +7.152060e-05  +1.284017e-04  +1.473440e-04  +2.048647e-04  +2.856571e-05  +8.770223e-05  +4.109031e-04  +2.037771e-04  +3.101442e-04  +1.158723e-04  +6.811815e-05  +2.709141e-05  +1.814882e-14  +1.689029e-34  +2.183052e-65  +4.076638e-107  +1.510320e-147  +2.004289e-197  +3.693936e-258  +0.000000e+00  +0.000000e+00  +0.000000e+00 
+7.358388e-181  +1.031644e-140  +1.089847e-106  +2.241954e-82  +6.405203e-69  +2.542573e-66  +5.163677e-53  +1.297586e-32  +1.458698e-13  +6.281360e-05  +2.838363e-04  +4.511209e-05  +1.328412e-04  +2.450166e-04  +2.346913e-04  +9.432467e-05  +4.246999e-04  +9.031604e-06  +2.172750e-04  +1.315080e-04  +3.995373e-05  +8.613068e-09  +8.051323e-21  +7.077487e-41  +9.147531e-72  +1.641983e-113  +4.093279e-166  +1.417138e-229  +3.541507e-297  +0.000000e+00  +0.000000e+00  +0.000000e+00 
+2.033044e-144  +2.647045e-104  +6.065336e-75  +2.630889e-51  +7.516344e-38  +2.990928e-35  +8.919057e-37  +3.358835e-18  +2.146293e-09  +1.877805e-06  +2.934615e-04  +9.068899e-05  +1.978433e-04  +1.321490e-05  +1.484390e-04  +4.582358e-05  +9.548420e-05  +2.275228e-04  +1.978210e-04  +1.443307e-04  +9.507779e-05  +2.579033e-07  +1.917750e-16  +2.015198e-36  +2.941108e-67  +5.961319e-109  +1.678076e-161  +6.560227e-225  +1.424879e-290  +0.000000e+00  +0.000000e+00  +0.000000e+00 
+7.800978e-119  +1.015695e-78  +1.836606e-49  +8.899755e-31  +1.224952e-17  +4.950256e-15  +2.197571e-17  +2.699621e-10  +9.806875e-05  +1.542759e-04  +2.206678e-04  +2.018799e-06  +2.704789e-04  +6.035591e-05  +2.073188e-04  +1.051541e-04  +1.496859e-04  +1.392360e-04  +2.689608e-06  +1.275744e-04  +1.834724e-04  +6.967550e-06  +3.879653e-15  +4.075044e-35  +6.165223e-66  +3.539164e-107  +1.312910e-157  +1.134330e-190  +4.642869e-234  +2.347214e-286  +0.000000e+00  +0.000000e+00 
+4.157088e-104  +5.412569e-64  +9.787138e-35  +2.457806e-16  +3.629662e-08  +1.241083e-05  +2.698423e-06  +4.863117e-05  +1.150853e-04  +4.239637e-05  +3.125296e-04  +8.866681e-06  +1.668035e-04  +1.863484e-04  +7.261371e-05  +1.329701e-05  +7.978366e-05  +8.953684e-05  +1.856586e-04  +1.777722e-04  +1.066609e-04  +6.694431e-05  +2.626279e-12  +1.437604e-30  +1.093085e-59  +2.071983e-90  +1.743830e-112  +3.852367e-145  +1.097008e-186  +9.108419e-239  +1.053439e-301  +0.000000e+00 
+3.076574e-100  +4.005729e-60  +7.243255e-31  +1.818963e-12  +6.343926e-05  +5.206257e-05  +1.484491e-04  +1.364448e-04  +1.492375e-04  +8.509512e-05  +2.503836e-04  +2.132159e-04  +1.449868e-04  +9.165846e-05  +7.522805e-06  +4.951740e-05  +1.830346e-04  +1.146233e-04  +6.660743e-05  +1.812645e-04  +1.116209e-04  +5.318595e-06  +3.641930e-14  +1.985581e-32  +8.546936e-45  +5.174336e-56  +6.618741e-78  +9.897503e-109  +5.904733e-150  +4.917294e-202  +5.687167e-265  +0.000000e+00 
+3.162156e-107  +4.117159e-67  +7.444745e-38  +1.869563e-19  +6.520309e-12  +1.614599e-10  +7.321083e-05  +1.085128e-05  +5.024518e-04  +2.751161e-04  +5.123352e-04  +2.922996e-04  +1.414490e-04  +2.582479e-04  +1.639713e-04  +9.426257e-05  +9.364661e-05  +6.398020e-05  +1.026056e-04  +9.198806e-05  +1.835938e-04  +8.760903e-05  +1.655005e-09  +7.033801e-21  +2.962527e-21  +2.339485e-32  +1.724918e-52  +7.383041e-83  +4.427096e-124  +3.686810e-176  +4.264033e-239  +6.849019e-313 
+4.513748e-125  +5.876945e-85  +1.062683e-55  +2.668665e-37  +1.214039e-23  +6.284014e-09  +2.442745e-04  +1.515328e-04  +4.964848e-04  +1.386265e-04  +3.828686e-04  +6.569591e-05  +2.166057e-06  +5.163188e-05  +5.358615e-05  +8.397859e-05  +1.346444e-04  +5.649610e-04  +2.794854e-04  +2.783656e-04  +4.291943e-05  +6.063968e-06  +4.891932e-11  +6.756862e-08  +1.679568e-08  +5.812893e-18  +1.780530e-37  +7.687544e-68  +4.609794e-109  +3.838958e-161  +4.440002e-224  +7.131665e-298 
+8.948069e-154  +1.165047e-113  +4.045586e-84  +2.477347e-48  +4.439010e-23  +1.212298e-08  +1.040785e-04  +2.991994e-05  +2.259054e-04  +1.905584e-04  +4.322451e-04  +2.335237e-04  +1.530472e-04  +1.202991e-04  +3.669746e-05  +2.440939e-04  +2.041714e-04  +3.889651e-04  +1.132705e-04  +2.697378e-04  +1.611544e-04  +1.422695e-05  +7.694863e-05  +1.426714e-04  +3.795560e-05  +8.282173e-14  +2.574733e-33  +1.111701e-63  +6.666256e-105  +5.551545e-157  +6.420719e-220  +1.031315e-293 
+1.554602e-188  +4.230364e-131  +1.600748e-84  +8.437692e-49  +6.223858e-24  +6.865365e-10  +1.037319e-04  +1.776849e-04  +6.589038e-05  +7.831858e-05  +1.690667e-04  +1.346423e-04  +1.348438e-04  +1.956080e-04  +1.105334e-04  +3.147457e-05  +2.184278e-04  +2.494340e-04  +1.033069e-04  +2.972441e-04  +1.711969e-04  +9.169012e-05  +2.042100e-04  +2.943345e-08  +1.062769e-11  +1.663232e-20  +5.170953e-40  +2.232680e-70  +1.338815e-111  +1.114942e-163  +1.289502e-226  +2.071238e-300 
+1.813837e-187  +4.931564e-130  +1.862126e-83  +9.764995e-48  +7.113468e-23  +7.585084e-09  +1.294233e-04  +6.229522e-05  +9.110190e-05  +1.145546e-04  +1.478452e-04  +6.638673e-05  +6.016009e-05  +8.386691e-05  +1.362996e-04  +1.491503e-04  +2.792176e-05  +2.735962e-04  +1.189598e-04  +1.476992e-04  +2.308425e-07  +6.844053e-07  +1.766074e-08  +8.642494e-13  +1.463876e-26  +4.641961e-38  +1.442272e-57  +6.227346e-88  +3.734194e-129  +3.109774e-181  +3.596654e-244  +5.777055e-318 
+2.940940e-197  +7.996042e-140  +3.022811e-93  +1.988505e-57  +6.495034e-31  +1.395047e-14  +4.237218e-09  +4.519221e-07  +2.850223e-06  +2.225484e-05  +3.371928e-05  +5.297554e-05  +1.242099e-06  +1.658388e-09  +7.560235e-05  +3.465550e-04  +1.476197e-04  +3.078588e-04  +2.866743e-04  +8.114246e-05  +1.044587e-04  +6.420855e-11  +1.804415e-22  +1.490270e-27  +1.479054e-42  +3.561551e-66  +5.586783e-86  +2.412223e-116  +1.446476e-157  +1.204601e-209  +1.393198e-272  +0.000000e+00 
+6.659163e-218  +3.964199e-160  +1.772954e-111  +2.002218e-73  +3.152218e-46  +6.892342e-30  +2.288180e-24  +3.126221e-18  +1.074776e-16  +8.453388e-15  +1.574787e-12  +2.338315e-13  +1.482420e-18  +5.762625e-19  +3.297207e-08  +1.822242e-04  +1.944867e-04  +2.136560e-04  +1.365977e-04  +1.885847e-04  +1.297518e-04  +1.359244e-09  +2.725367e-25  +7.961530e-52  +3.721587e-68  +5.174626e-94  +3.009743e-125  +1.297686e-155  +7.781506e-197  +6.480306e-249  +7.494891e-312  +0.000000e+00 
+2.528143e-246  +1.484725e-186  +1.211940e-137  +1.373902e-99  +2.163059e-72  +4.729541e-56  +4.054614e-49  +2.060505e-39  +6.918775e-38  +4.471029e-35  +1.040338e-30  +1.814862e-32  +6.642163e-38  +2.163538e-27  +4.150683e-13  +2.158186e-06  +8.773705e-05  +9.741637e-05  +3.710393e-04  +2.198471e-04  +4.118700e-05  +6.733071e-14  +2.269139e-32  +5.872170e-59  +2.270968e-96  +1.812838e-130  +3.502159e-167  +9.695293e-206  +5.813718e-247  +4.841565e-299  +0.000000e+00  +0.000000e+00 
+2.407331e-283  +1.414929e-223  +1.154972e-174  +1.309320e-136  +2.061382e-109  +4.507224e-93  +1.907485e-83  +1.920230e-71  +7.293086e-70  +3.313872e-66  +9.544775e-60  +5.337513e-62  +8.393310e-68  +3.978763e-43  +3.292899e-24  +1.346915e-12  +1.107491e-10  +6.525548e-06  +2.990618e-06  +2.502337e-06  +1.774861e-10  +6.650875e-20  +1.587422e-39  +5.261951e-70  +2.424802e-111  +1.465544e-162  +1.704151e-214  +4.572373e-262  +6.032290e-308  +0.000000e+00  +0.000000e+00  +0.000000e+00 
+0.000000e+00  +1.872676e-271  +1.528619e-222  +1.732902e-184  +2.728265e-157  +5.965569e-141  +1.071028e-126  +2.485388e-114  +1.885644e-112  +7.176913e-108  +1.216172e-99  +5.497051e-102  +7.402702e-95  +9.737954e-64  +2.868143e-41  +1.173204e-29  +9.355955e-25  +1.478124e-15  +7.481029e-17  +9.285442e-18  +5.150550e-22  +1.310723e-36  +2.181408e-56  +7.230881e-87  +3.328768e-128  +2.128207e-180  +1.889653e-243  +2.334775e-317  +0.000000e+00  +0.000000e+00  +0.000000e+00  +0.000000e+00 
+0.000000e+00  +0.000000e+00  +2.809735e-281  +3.185224e-243  +5.014788e-216  +1.107444e-199  +1.917735e-180  +4.467588e-168  +1.675994e-165  +6.819700e-159  +2.152099e-150  +9.518704e-153  +5.554464e-125  +1.177980e-91  +3.469535e-69  +1.419206e-57  +3.596505e-45  +5.470772e-36  +1.279642e-37  +4.788344e-40  +2.656075e-44  +2.046149e-59  +4.382033e-84  +1.379983e-114  +6.352812e-156  +4.061592e-208  +3.606322e-271  +0.000000e+00  +0.000000e+00  +0.000000e+00  +0.000000e+00  +0.000000e+00 
+0.000000e+00  +0.000000e+00  +0.000000e+00  +8.131000e-313  +1.280137e-285  +3.940085e-268  +4.787408e-245  +1.115296e-232  +3.049211e-229  +1.664417e-220  +5.288925e-212  +6.110730e-208  +9.331481e-164  +1.979002e-130  +5.828807e-108  +4.180086e-96  +1.944388e-76  +2.929929e-67  +6.208758e-69  +3.429339e-73  +1.902241e-77  +1.465408e-92  +1.567907e-118  +3.680877e-153  +1.683784e-194  +1.076507e-246  +9.558394e-310  +0.000000e+00  +0.000000e+00  +0.000000e+00  +0.000000e+00  +0.000000e+00 
+0.000000e+00  +0.000000e+00  +0.000000e+00  +0.000000e+00  +0.000000e+00  +0.000000e+00  +1.659567e-320  +3.866739e-308  +8.245838e-304  +5.680427e-293  +1.805139e-284  +1.425737e-257  +2.177193e-213  +4.617347e-180  +1.359960e-157  +1.352204e-138  +1.463326e-118  +2.200311e-109  +4.604805e-111  +3.410940e-117  +1.892033e-121  +1.457545e-136  +1.559384e-162  +2.318325e-199  +6.202684e-244  +3.962553e-296  +0.000000e+00  +0.000000e+00  +0.000000e+00  +0.000000e+00  +0.000000e+00  +0.000000e+00 
