+0.000000e+00  +0.000000e+00  +0.000000e+00  +0.000000e+00  +0.000000e+00  +0.000000e+00  +0.000000e+00  +0.000000e+00  +0.000000e+00  +0.000000e+00  +0.000000e+00  +0.000000e+00  +0.000000e+00  +0.000000e+00  +0.000000e+00  +0.000000e+00  +0.000000e+00  +0.000000e+00  +0.000000e+00  +0.000000e+00  +0.000000e+00  +0.000000e+00  +0.000000e+00  +0.000000e+00  +0.000000e+00  +0.000000e+00  +0.000000e+00  +0.000000e+00  +0.000000e+00  +0.000000e+00  +0.000000e+00  +0.000000e+00 
+0.000000e+00  +0.000000e+00  +0.000000e+00  +0.000000e+00  +0.000000e+00  +0.000000e+00  +0.000000e+00  +0.000000e+00  +0.000000e+00  +0.000000e+00  +0.000000e+00  +0.000000e+00  +0.000000e+00  +0.000000e+00  +4.150151e-322  +1.010364e-320  +0.000000e+00  +8.261015e-318  +3.381331e-318  +0.000000e+00  +0.000000e+00  +1.073589e-289  +1.805522e-265  +4.217019e-252  +1.367885e-249  +6.164630e-258  +1.431323e-272  +2.452290e-280  +2.522963e-298  +0.000000e+00  +0.000000e+00  +0.000000e+00 
+0.000000e+00  +0.000000e+00  +0.000000e+00  +0.000000e+00  +0.000000e+00  +0.000000e+00  +0.000000e+00  +0.000000e+00  +0.000000e+00  +0.000000e+00  +8.825033e-311  +6.401043e-302  +3.995467e-280  +5.026574e-257  +8.782429e-245  +2.131058e-243  +2.227738e-251  +6.354039e-241  +2.600785e-241  +1.478418e-252  +2.496579e-257  +3.023236e-222  +5.084366e-198  +1.187517e-184  +3.852146e-182  +1.739845e-190  +4.585545e-202  +2.057133e-209  +2.116418e-227  +3.023977e-256  +6.000585e-296  +0.000000e+00 
+0.000000e+00  +0.000000e+00  +0.000000e+00  +0.000000e+00  +0.000000e+00  +0.000000e+00  +0.000000e+00  +1.590070e-302  +1.284740e-277  +3.393105e-253  +1.381411e-235  +1.926640e-227  +1.170119e-213  +1.472091e-190  +2.572036e-178  +6.241049e-177  +2.513355e-185  +6.787415e-175  +2.778172e-175  +1.579253e-186  +9.763763e-201  +1.182344e-165  +1.988423e-141  +4.644235e-128  +1.506940e-125  +6.900376e-134  +3.648020e-142  +2.396574e-149  +2.465642e-167  +3.522959e-196  +6.990762e-236  +1.926582e-286 
+0.000000e+00  +0.000000e+00  +0.000000e+00  +0.000000e+00  +0.000000e+00  +7.828928e-316  +3.227850e-269  +1.848307e-233  +1.479239e-208  +7.376421e-189  +3.003092e-171  +9.233828e-164  +4.778467e-158  +5.987353e-135  +1.046110e-122  +2.538389e-121  +4.290029e-130  +1.006925e-119  +4.121464e-120  +2.342848e-131  +1.908673e-153  +6.421756e-120  +1.079988e-95  +2.522546e-82  +8.199191e-80  +4.121629e-88  +5.365186e-93  +3.877556e-100  +3.989333e-118  +5.700234e-147  +1.131319e-186  +3.120521e-237 
+0.000000e+00  +0.000000e+00  +0.000000e+00  +6.047575e-300  +2.416081e-278  +1.264286e-257  +5.211074e-211  +2.983877e-175  +2.378958e-150  +2.647062e-135  +9.066769e-118  +9.436002e-111  +9.838368e-108  +3.381999e-90  +5.909024e-78  +1.433840e-76  +1.842990e-85  +2.074567e-75  +8.491453e-76  +4.826970e-87  +1.829409e-104  +4.843972e-85  +8.146453e-61  +1.903192e-47  +6.253563e-45  +2.415189e-52  +1.181925e-54  +8.713478e-62  +8.967074e-80  +1.283015e-108  +2.563740e-148  +7.312304e-199 
+0.000000e+00  +1.997323e-296  +2.227106e-257  +3.863012e-229  +2.066059e-208  +6.490327e-195  +1.168366e-163  +6.690059e-128  +5.325582e-103  +7.300716e-89  +3.801671e-75  +2.495771e-68  +7.941822e-66  +2.667473e-56  +4.635453e-44  +1.125191e-42  +3.365905e-50  +5.936076e-42  +2.429687e-42  +1.381205e-53  +7.675397e-64  +9.812054e-61  +8.534267e-37  +1.996514e-23  +7.008200e-21  +1.196713e-25  +3.675803e-27  +2.726300e-34  +2.835301e-52  +4.270013e-81  +1.065965e-120  +5.971022e-171 
+9.712927e-286  +7.798347e-236  +8.695469e-197  +1.351489e-168  +2.489247e-149  +4.625014e-138  +4.212573e-124  +2.083141e-91  +1.657245e-66  +2.007844e-52  +2.213846e-43  +1.290843e-36  +9.025848e-35  +2.006301e-31  +5.050251e-21  +1.240654e-19  +2.321659e-25  +2.362690e-19  +9.655407e-20  +6.090528e-31  +4.487494e-34  +3.032345e-33  +1.242929e-23  +2.930233e-10  +1.475645e-07  +1.031999e-09  +1.624505e-10  +1.303397e-17  +1.859840e-35  +6.389614e-64  +4.996241e-103  +6.854696e-153 
+5.266746e-236  +4.228582e-186  +4.715038e-147  +7.302343e-119  +5.645224e-101  +4.352373e-90  +1.382521e-79  +9.008363e-66  +7.164826e-41  +8.221638e-27  +3.028112e-22  +1.018505e-15  +1.445949e-14  +3.788314e-15  +8.136643e-09  +2.663008e-07  +2.264709e-11  +1.723865e-07  +5.713586e-08  +1.080840e-13  +4.518696e-15  +3.810012e-16  +1.043901e-10  +8.674591e-08  +3.320551e-04  +1.366133e-04  +1.751349e-04  +3.669849e-11  +1.733389e-28  +6.025335e-54  +3.952877e-89  +3.608164e-135 
+3.966184e-197  +3.184381e-147  +3.550711e-108  +5.498512e-80  +1.276293e-62  +7.663785e-53  +6.307017e-46  +2.432949e-41  +4.302567e-26  +4.826326e-12  +3.452314e-08  +1.138447e-05  +3.268112e-05  +2.484391e-07  +1.384001e-04  +6.513023e-05  +1.467064e-05  +7.203449e-05  +1.027295e-04  +1.378476e-05  +7.644667e-06  +1.306028e-06  +1.269094e-04  +1.876767e-04  +2.524089e-04  +1.434185e-04  +5.830523e-05  +6.117665e-08  +2.084704e-21  +9.866010e-46  +6.484503e-81  +5.919020e-127 
+4.151481e-169  +3.330871e-119  +3.713600e-80  +5.750611e-52  +1.239738e-34  +2.233483e-26  +4.226575e-23  +1.541379e-18  +8.147156e-22  +4.035269e-08  +1.554584e-04  +4.065408e-05  +6.118999e-05  +7.792892e-05  +2.892821e-04  +8.949469e-05  +2.287383e-04  +9.374331e-05  +1.859997e-04  +2.771798e-04  +3.734499e-04  +1.335087e-04  +1.353727e-04  +2.691855e-04  +1.783411e-04  +2.211404e-04  +3.263492e-04  +8.180746e-08  +2.619870e-21  +1.184806e-45  +7.698619e-81  +1.763443e-125 
+1.220611e-151  +5.723090e-102  +5.570610e-63  +8.402609e-35  +1.798683e-17  +1.474419e-10  +3.527713e-09  +1.356473e-06  +1.312852e-08  +1.450918e-06  +4.140166e-05  +2.197448e-04  +3.613777e-04  +2.394946e-04  +2.325454e-04  +1.675928e-04  +5.804100e-05  +9.653468e-05  +1.239910e-04  +2.257889e-04  +2.192981e-04  +3.342491e-04  +4.714052e-04  +4.182200e-04  +2.137866e-04  +1.925105e-04  +2.215246e-04  +4.066205e-07  +9.221201e-18  +3.276124e-39  +1.789597e-71  +4.248855e-111 
+1.533571e-142  +2.205470e-93  +4.489112e-55  +1.401693e-27  +8.937217e-11  +1.626107e-04  +2.256394e-04  +5.629338e-05  +6.326636e-05  +1.556429e-05  +1.763949e-04  +1.932446e-04  +1.175459e-04  +2.419039e-04  +9.194648e-05  +3.399743e-04  +3.363349e-04  +1.049735e-04  +7.165922e-05  +2.926714e-04  +3.091049e-05  +4.004181e-04  +4.883821e-04  +4.596064e-04  +2.509374e-04  +4.075179e-04  +2.013921e-04  +6.459760e-06  +5.919079e-14  +7.522545e-31  +1.330253e-58  +3.266945e-97 
+5.275743e-144  +7.558843e-95  +1.506937e-56  +4.224327e-29  +1.775104e-12  +2.511885e-06  +2.206659e-04  +1.930753e-04  +7.293831e-05  +1.378374e-04  +1.881248e-04  +1.650353e-04  +2.773362e-04  +1.251821e-04  +1.960421e-04  +2.050370e-04  +3.449499e-04  +1.376428e-04  +1.104692e-04  +2.814346e-04  +1.819888e-04  +3.131292e-04  +1.644996e-04  +2.993028e-04  +1.451823e-04  +2.177250e-04  +8.319431e-05  +7.518929e-05  +6.310376e-11  +8.035002e-28  +1.420874e-55  +3.489499e-94 
+1.224812e-151  +9.766275e-101  +1.081522e-60  +1.663348e-31  +3.553135e-13  +1.186734e-05  +9.371386e-05  +2.544309e-04  +1.558547e-04  +1.304993e-04  +2.704762e-04  +2.714153e-04  +3.771131e-04  +5.192020e-05  +2.371533e-04  +1.849447e-04  +1.638147e-04  +8.623590e-06  +1.055856e-05  +2.377817e-04  +4.450843e-05  +5.824520e-05  +9.881377e-05  +2.619562e-04  +2.095035e-04  +1.663974e-04  +1.577976e-05  +1.267557e-06  +6.079258e-18  +1.191944e-35  +2.107729e-63  +5.176333e-102 
+1.237410e-152  +9.880211e-102  +1.111422e-61  +2.021677e-32  +1.215818e-13  +3.197995e-05  +1.631119e-04  +2.668534e-04  +1.893656e-05  +2.626024e-04  +2.503563e-04  +9.914120e-05  +3.231243e-04  +1.319570e-04  +3.569178e-05  +4.697149e-05  +8.042105e-06  +7.110096e-11  +2.538749e-08  +2.167796e-04  +2.823759e-04  +1.972498e-04  +3.016396e-04  +1.197677e-04  +1.208224e-04  +1.014151e-04  +6.169474e-12  +6.357705e-15  +2.578212e-26  +1.452030e-48  +1.569936e-81  +1.066410e-120 
+6.584933e-164  +4.682091e-112  +5.928062e-71  +1.068815e-40  +2.699551e-21  +5.372840e-09  +2.569033e-04  +1.622339e-04  +4.099473e-05  +1.033489e-04  +2.937253e-04  +2.497967e-04  +3.472234e-04  +6.406612e-07  +6.389489e-13  +6.716458e-12  +3.365209e-11  +3.265561e-07  +1.101767e-04  +9.253711e-06  +4.503978e-05  +1.866240e-04  +2.265991e-04  +1.019253e-04  +4.596330e-05  +9.158037e-07  +3.287040e-17  +4.517174e-34  +1.796195e-45  +1.011602e-67  +7.912320e-101  +8.594833e-145 
+2.107849e-182  +2.052632e-130  +4.851250e-85  +4.211906e-49  +5.078853e-24  +8.505718e-10  +6.073969e-06  +1.622012e-04  +9.703500e-05  +1.409160e-04  +1.447570e-04  +1.741861e-04  +1.365956e-04  +2.634566e-05  +1.161319e-06  +1.044911e-05  +5.055708e-06  +7.006607e-05  +1.979547e-04  +1.828741e-04  +8.138456e-05  +6.952903e-05  +1.616316e-04  +1.946109e-04  +1.491401e-05  +1.108599e-13  +2.796624e-27  +9.787052e-49  +1.737914e-75  +9.787746e-98  +7.655557e-131  +8.315892e-175 
+7.277536e-201  +3.276095e-143  +2.048172e-96  +1.778339e-60  +2.144373e-35  +3.716504e-21  +4.086121e-11  +1.637520e-06  +7.890021e-05  +9.203151e-05  +1.388205e-04  +1.708766e-04  +8.306906e-05  +1.520602e-04  +3.417213e-05  +2.033929e-04  +1.365276e-04  +1.249531e-04  +8.576184e-05  +2.142341e-04  +2.895876e-04  +2.032419e-05  +2.059568e-04  +3.414931e-05  +2.270771e-10  +3.869820e-23  +2.601339e-42  +1.653992e-69  +8.005340e-102  +1.315206e-138  +1.028698e-171  +1.117429e-215 
+4.267349e-223  +1.921013e-165  +1.200993e-118  +1.042769e-82  +1.258515e-57  +4.613015e-36  +2.286791e-17  +8.540011e-07  +8.051572e-05  +1.474065e-04  +2.022853e-04  +6.290998e-05  +6.395511e-05  +4.787120e-05  +6.015256e-05  +1.930834e-05  +4.898862e-05  +1.458690e-04  +9.726199e-05  +1.015044e-04  +1.642001e-04  +3.701026e-06  +1.564121e-10  +4.274283e-12  +2.861307e-22  +3.295037e-37  +9.856033e-62  +1.180300e-92  +5.990578e-133  +1.263198e-176  +1.919714e-223  +2.085300e-267 
+3.475121e-256  +1.564379e-198  +8.223626e-148  +6.126829e-98  +6.392825e-59  +1.111843e-30  +1.167550e-12  +7.055477e-05  +7.999755e-05  +1.085091e-04  +2.614635e-04  +2.118139e-04  +2.354761e-05  +1.232344e-04  +1.066229e-04  +1.436193e-04  +2.793101e-04  +1.924779e-04  +7.882293e-05  +2.744870e-05  +7.622043e-05  +1.463987e-04  +3.120982e-07  +5.373112e-20  +4.255588e-40  +8.467713e-61  +1.049969e-85  +3.654332e-121  +1.037501e-164  +4.995709e-216  +3.844525e-273  +0.000000e+00 
+2.215606e-278  +8.556321e-207  +4.589015e-146  +3.418140e-96  +3.535885e-57  +5.079776e-29  +1.013538e-11  +3.173383e-05  +1.307316e-04  +1.578896e-04  +9.486410e-05  +1.867096e-04  +1.792356e-04  +3.865771e-04  +1.602388e-04  +4.028969e-05  +1.856359e-04  +2.067727e-04  +4.501991e-05  +6.973551e-09  +5.357503e-11  +2.021314e-09  +1.874292e-14  +3.222530e-27  +7.707368e-51  +2.560159e-85  +2.035040e-120  +6.588081e-156  +3.178097e-202  +1.975682e-258  +1.166983e-320  +0.000000e+00 
+4.671582e-285  +1.892365e-212  +1.067808e-150  +8.370362e-100  +9.112657e-60  +1.377796e-30  +2.893110e-12  +8.445343e-05  +1.477053e-04  +2.195776e-04  +1.541255e-04  +3.146074e-04  +4.711432e-05  +2.195247e-05  +3.783554e-05  +2.182024e-04  +9.773595e-05  +1.132977e-04  +9.270746e-05  +9.980325e-10  +1.634983e-25  +8.164688e-25  +2.813358e-32  +2.684148e-45  +6.419706e-69  +2.132368e-103  +9.836651e-149  +1.667228e-201  +7.997651e-248  +5.360002e-305  +0.000000e+00  +0.000000e+00 
+2.010534e-288  +2.054488e-215  +2.920728e-153  +5.770556e-102  +1.583807e-61  +6.038159e-32  +3.210935e-13  +2.960223e-05  +1.234809e-04  +2.260583e-04  +1.501757e-04  +2.690209e-04  +6.180885e-04  +3.436132e-04  +8.321619e-05  +1.526661e-05  +5.604936e-05  +8.712561e-05  +2.776801e-05  +3.515635e-12  +6.224256e-29  +4.659134e-51  +7.207733e-59  +3.106482e-74  +7.426124e-98  +2.466660e-132  +1.137874e-177  +7.289827e-234  +6.488815e-301  +0.000000e+00  +0.000000e+00  +0.000000e+00 
+1.216391e-290  +1.246585e-217  +1.774225e-155  +3.506982e-104  +9.627134e-64  +3.672563e-34  +2.345677e-15  +9.960222e-06  +1.195048e-04  +8.855216e-05  +2.661140e-05  +1.783365e-04  +1.545060e-04  +5.490202e-05  +1.978568e-05  +2.277171e-14  +5.877619e-13  +3.033446e-07  +3.825537e-11  +3.738935e-21  +1.188565e-39  +5.763150e-68  +5.721446e-96  +6.215602e-114  +1.193019e-137  +3.962728e-172  +1.828013e-217  +1.171122e-273  +0.000000e+00  +0.000000e+00  +0.000000e+00  +0.000000e+00 
+1.033093e-303  +2.421695e-230  +4.266342e-166  +1.833260e-112  +1.097854e-69  +9.130831e-38  +1.054667e-16  +1.696705e-06  +1.095209e-05  +1.313346e-04  +1.296660e-04  +6.763856e-06  +1.042517e-04  +1.207298e-05  +2.003045e-11  +1.296722e-21  +2.202227e-26  +3.324003e-20  +6.977480e-25  +1.027183e-37  +1.534660e-58  +8.765074e-89  +5.667745e-128  +1.367697e-162  +2.662172e-188  +8.841322e-223  +4.078516e-268  +4.940656e-324  +0.000000e+00  +0.000000e+00  +0.000000e+00  +0.000000e+00 
+1.215576e-315  +2.717654e-240  +8.438094e-176  +3.638584e-122  +2.179006e-79  +1.812268e-47  +2.093266e-26  +3.359801e-16  +3.603685e-13  +1.248167e-10  +3.335644e-08  +9.292649e-05  +2.120890e-04  +3.524141e-08  +1.459564e-17  +1.090031e-37  +3.351451e-50  +5.058630e-44  +1.060403e-48  +3.516532e-64  +6.355828e-86  +1.308036e-117  +1.537602e-159  +1.084663e-209  +8.868042e-250  +2.739543e-284  +0.000000e+00  +0.000000e+00  +0.000000e+00  +0.000000e+00  +0.000000e+00  +0.000000e+00 
+0.000000e+00  +7.491174e-261  +2.325948e-196  +1.002970e-142  +6.006399e-100  +4.995491e-68  +5.770057e-47  +9.257062e-37  +3.362319e-31  +4.813703e-26  +1.958937e-16  +1.233775e-07  +4.858089e-09  +8.866873e-16  +5.527809e-31  +3.512425e-51  +3.474904e-82  +1.069159e-78  +2.241198e-83  +6.524885e-99  +3.961536e-124  +7.600035e-156  +2.169698e-198  +1.169509e-251  +4.007417e-313  +0.000000e+00  +0.000000e+00  +0.000000e+00  +0.000000e+00  +0.000000e+00  +0.000000e+00  +0.000000e+00 
+0.000000e+00  +2.867765e-292  +8.904175e-228  +3.839563e-174  +2.299365e-131  +1.912370e-99  +2.208888e-78  +3.552760e-68  +4.367539e-60  +1.656545e-49  +1.398627e-29  +3.687236e-20  +1.350036e-21  +2.808280e-32  +1.139823e-48  +2.325272e-75  +1.630299e-106  +3.138265e-124  +6.578512e-129  +1.915154e-144  +7.773024e-171  +6.145167e-205  +1.752845e-247  +6.948745e-301  +0.000000e+00  +0.000000e+00  +0.000000e+00  +0.000000e+00  +0.000000e+00  +0.000000e+00  +0.000000e+00  +0.000000e+00 
+0.000000e+00  +0.000000e+00  +4.733968e-270  +2.041331e-216  +1.222473e-173  +1.016725e-141  +1.174371e-120  +3.572235e-110  +8.280253e-100  +3.159841e-73  +5.997959e-53  +1.581175e-43  +5.788881e-45  +2.955231e-57  +4.927238e-76  +2.846108e-103  +3.349811e-141  +1.280767e-180  +2.681717e-185  +7.807085e-201  +3.156482e-227  +2.461460e-264  +1.966959e-307  +0.000000e+00  +0.000000e+00  +0.000000e+00  +0.000000e+00  +0.000000e+00  +0.000000e+00  +0.000000e+00  +0.000000e+00  +0.000000e+00 
+0.000000e+00  +0.000000e+00  +3.458460e-323  +1.507242e-269  +9.026283e-227  +7.507113e-195  +8.671114e-174  +4.256428e-161  +1.377352e-138  +1.882545e-107  +3.573417e-87  +9.420196e-78  +3.448849e-79  +1.753584e-91  +4.196980e-114  +1.709082e-141  +1.371078e-179  +1.659960e-228  +1.518225e-252  +4.419897e-268  +1.787006e-294  +0.000000e+00  +0.000000e+00  +0.000000e+00  +0.000000e+00  +0.000000e+00  +0.000000e+00  +0.000000e+00  +0.000000e+00  +0.000000e+00  +0.000000e+00  +0.000000e+00 
+0.000000e+00  +0.000000e+00  +0.000000e+00  +0.000000e+00  +9.255853e-291  +7.698045e-259  +8.891655e-238  +1.481697e-222  +1.139632e-183  +1.557632e-152  +2.956673e-132  +7.794345e-123  +2.853605e-124  +1.450929e-136  +1.024804e-159  +1.426342e-190  +1.143448e-228  +1.273954e-277  +0.000000e+00  +0.000000e+00  +0.000000e+00  +0.000000e+00  +0.000000e+00  +0.000000e+00  +0.000000e+00  +0.000000e+00  +0.000000e+00  +0.000000e+00  +0.000000e+00  +0.000000e+00  +0.000000e+00  +0.000000e+00 
