+0.000000e+00  +0.000000e+00  +0.000000e+00  +2.144556e-289  +7.044249e-254  +3.213439e-229  +2.044655e-215  +1.141192e-194  +5.388876e-163  +1.184617e-132  +3.616565e-113  +7.010808e-96  +3.732168e-79  +6.924890e-73  +3.100823e-70  +3.206567e-78  +1.480770e-82  +6.897952e-82  +4.472922e-92  +4.246913e-109  +2.476330e-134  +2.005500e-170  +2.255666e-217  +3.523425e-275  +0.000000e+00  +0.000000e+00  +0.000000e+00  +0.000000e+00  +0.000000e+00  +0.000000e+00  +0.000000e+00  +0.000000e+00 
+0.000000e+00  +0.000000e+00  +4.650232e-274  +1.099852e-227  +3.612696e-192  +1.648036e-167  +1.044095e-153  +2.454607e-138  +2.157150e-120  +1.314426e-91  +4.012863e-72  +1.248125e-62  +5.738598e-46  +4.969631e-40  +5.329839e-38  +5.512181e-46  +2.689831e-47  +1.252297e-46  +1.600544e-56  +3.318234e-71  +1.935009e-96  +1.567102e-132  +1.762605e-179  +2.757822e-237  +7.293036e-306  +0.000000e+00  +0.000000e+00  +0.000000e+00  +0.000000e+00  +0.000000e+00  +0.000000e+00  +0.000000e+00 
+0.000000e+00  +7.659250e-278  +3.317631e-223  +7.833733e-177  +2.573156e-141  +1.173820e-116  +7.436606e-103  +7.332385e-93  +1.330787e-80  +2.165958e-61  +6.183726e-42  +2.621842e-33  +1.225439e-23  +9.370640e-18  +1.272320e-16  +3.508074e-24  +6.861952e-23  +3.166388e-22  +8.597044e-30  +3.600970e-44  +2.099955e-69  +1.708029e-105  +3.011476e-152  +2.295575e-208  +6.489365e-275  +0.000000e+00  +0.000000e+00  +0.000000e+00  +0.000000e+00  +0.000000e+00  +0.000000e+00  +0.000000e+00 
+1.720454e-294  +8.895674e-232  +6.391096e-180  +7.812627e-137  +2.545299e-101  +1.161112e-76  +7.356096e-63  +3.106634e-58  +5.468305e-46  +1.073827e-35  +1.323566e-22  +5.611000e-14  +3.634802e-12  +2.935615e-06  +4.221639e-06  +1.140508e-09  +3.373929e-09  +1.275515e-08  +1.292683e-13  +5.488480e-28  +7.888224e-53  +5.075732e-87  +7.503531e-132  +5.243727e-187  +4.099521e-250  +4.940656e-324  +0.000000e+00  +0.000000e+00  +0.000000e+00  +0.000000e+00  +0.000000e+00  +0.000000e+00 
+2.782133e-259  +1.438513e-196  +1.032969e-144  +1.030253e-103  +3.639303e-72  +1.595088e-47  +1.010550e-33  +8.893134e-31  +3.150599e-22  +3.975356e-18  +1.987753e-10  +1.675387e-05  +1.017837e-07  +2.006305e-04  +1.460575e-04  +1.835353e-05  +1.746773e-04  +1.849702e-04  +1.319681e-07  +5.827815e-20  +7.289920e-43  +1.164640e-73  +6.691546e-115  +5.341678e-167  +5.921999e-230  +9.118676e-304  +0.000000e+00  +0.000000e+00  +0.000000e+00  +0.000000e+00  +0.000000e+00  +0.000000e+00 
+6.248137e-235  +3.230624e-172  +2.319851e-120  +2.313513e-79  +3.204281e-49  +3.659544e-29  +1.927999e-15  +1.696359e-12  +2.521009e-09  +3.945490e-07  +5.801351e-05  +1.168017e-04  +4.714309e-05  +1.226413e-04  +2.054101e-04  +6.991337e-05  +3.412813e-05  +1.327122e-04  +8.839290e-06  +1.893829e-14  +5.650826e-34  +2.412648e-64  +2.478618e-105  +2.438815e-156  +6.658083e-218  +2.631200e-290  +0.000000e+00  +0.000000e+00  +0.000000e+00  +0.000000e+00  +0.000000e+00  +0.000000e+00 
+1.496062e-215  +1.007621e-158  +7.235538e-107  +7.215769e-66  +9.993838e-36  +1.922303e-16  +1.024881e-07  +4.593382e-05  +5.868803e-07  +1.948526e-04  +2.434134e-05  +1.075995e-04  +4.889604e-05  +7.938257e-05  +1.443415e-04  +1.049332e-04  +1.611996e-05  +3.698485e-06  +7.891429e-05  +4.340912e-12  +3.326167e-30  +3.546154e-59  +8.268438e-99  +2.425888e-147  +2.674686e-206  +4.113779e-276  +0.000000e+00  +0.000000e+00  +0.000000e+00  +0.000000e+00  +0.000000e+00  +0.000000e+00 
+2.091047e-181  +6.254733e-132  +2.605478e-93  +1.088056e-60  +4.331216e-33  +8.326617e-14  +2.227551e-05  +1.476083e-04  +1.230344e-04  +1.011153e-04  +1.462584e-04  +1.140652e-04  +6.431369e-05  +1.981770e-04  +1.874101e-04  +2.673103e-04  +1.532579e-04  +1.189755e-04  +1.230295e-04  +3.449325e-10  +9.685836e-26  +4.002525e-52  +2.298219e-89  +1.832688e-137  +2.474520e-196  +1.067456e-260  +0.000000e+00  +0.000000e+00  +0.000000e+00  +0.000000e+00  +0.000000e+00  +0.000000e+00 
+4.058975e-158  +1.214119e-108  +5.043643e-70  +2.909822e-42  +1.501997e-23  +4.328681e-10  +1.762480e-06  +3.986365e-05  +1.383776e-04  +1.215976e-04  +1.234705e-04  +9.231902e-05  +9.694974e-05  +3.921262e-04  +3.497931e-05  +2.891266e-04  +6.935147e-05  +1.143228e-04  +8.649120e-05  +1.350059e-10  +1.209051e-26  +1.258518e-48  +1.127348e-79  +1.402519e-121  +2.423248e-174  +5.814665e-238  +1.943485e-312  +7.832008e-318  +0.000000e+00  +0.000000e+00  +0.000000e+00  +0.000000e+00 
+1.094226e-145  +3.273045e-96  +1.359675e-57  +7.844331e-30  +6.285192e-13  +1.130744e-06  +1.288100e-04  +1.052632e-04  +2.852132e-04  +2.122500e-04  +6.485808e-05  +1.688888e-05  +1.198532e-04  +1.483193e-04  +1.151497e-04  +1.289457e-04  +1.538647e-04  +3.055496e-04  +5.295876e-05  +3.178411e-07  +1.475991e-16  +9.520481e-37  +8.528486e-68  +1.061019e-109  +1.833209e-162  +4.398847e-226  +2.433478e-238  +3.302247e-241  +6.223426e-255  +1.672674e-279  +7.970640e-309  +0.000000e+00 
+9.060016e-143  +9.916126e-94  +1.721649e-55  +5.286717e-28  +3.008106e-11  +8.542894e-05  +8.349400e-05  +1.990771e-05  +1.192752e-04  +8.868703e-05  +5.459990e-05  +2.657302e-04  +1.380974e-04  +3.398273e-04  +2.547892e-04  +1.192386e-04  +1.476578e-04  +8.886730e-05  +1.614769e-04  +3.627163e-06  +1.550757e-15  +1.000256e-35  +8.960331e-67  +1.114744e-108  +1.926034e-161  +1.458336e-180  +1.424957e-172  +1.933676e-175  +3.644215e-189  +2.691345e-212  +4.724057e-240  +1.193904e-278 
+4.625258e-142  +4.646845e-93  +6.483633e-55  +1.256367e-27  +3.381865e-11  +2.843450e-05  +9.934438e-05  +4.849414e-08  +1.071204e-04  +3.088146e-04  +1.377731e-04  +6.431311e-05  +5.960262e-05  +2.322170e-04  +8.613876e-05  +1.338986e-04  +4.298956e-05  +9.666571e-05  +1.596693e-06  +1.091800e-11  +1.036755e-24  +1.460626e-45  +1.307417e-76  +1.626541e-118  +1.685636e-144  +1.185959e-125  +1.158814e-117  +1.572519e-120  +2.965206e-134  +2.136853e-154  +3.888440e-182  +9.827200e-221 
+3.434602e-152  +3.450632e-103  +4.815125e-65  +1.465752e-37  +7.308738e-18  +2.025631e-08  +1.193417e-04  +1.385990e-05  +3.675166e-05  +2.484720e-04  +1.138946e-04  +2.855443e-04  +2.518997e-04  +2.256032e-04  +2.441328e-04  +2.167202e-04  +2.634503e-04  +7.021959e-05  +7.096787e-05  +5.089684e-10  +4.411155e-21  +5.551448e-43  +9.702857e-76  +2.355353e-119  +1.903767e-100  +1.339430e-81  +1.308772e-73  +1.776013e-76  +5.211220e-90  +2.442626e-107  +4.445018e-135  +1.123383e-173 
+3.542244e-173  +4.546071e-124  +7.025667e-83  +6.934505e-52  +2.214135e-29  +2.916171e-14  +1.767670e-06  +2.521974e-06  +3.161235e-07  +4.873387e-05  +2.028387e-04  +6.351329e-05  +1.328057e-04  +2.891976e-04  +1.366319e-04  +6.554662e-05  +2.203995e-04  +1.131736e-04  +1.097050e-04  +3.604778e-06  +3.265048e-17  +4.109083e-39  +7.181881e-72  +3.989906e-81  +3.001650e-67  +2.100913e-48  +2.052826e-40  +2.785731e-43  +2.964725e-54  +3.877869e-71  +7.056830e-99  +1.783463e-137 
+3.490515e-202  +1.784304e-149  +1.489168e-107  +1.478413e-71  +1.514420e-45  +2.653794e-26  +7.067985e-17  +2.325417e-09  +1.210565e-04  +1.182286e-04  +2.338368e-04  +8.106053e-05  +9.233599e-05  +1.001892e-04  +3.542168e-04  +2.373745e-04  +1.369555e-04  +1.447063e-04  +8.648916e-05  +9.619682e-09  +2.614670e-20  +9.895023e-43  +1.303650e-45  +1.629841e-49  +6.346210e-38  +4.576507e-26  +4.471757e-18  +6.137364e-21  +6.525135e-29  +8.550022e-46  +1.555907e-73  +3.932223e-112 
+8.747603e-238  +4.007150e-183  +1.912165e-135  +1.838075e-98  +7.685703e-68  +1.473996e-47  +2.999233e-31  +3.765904e-15  +1.047808e-06  +2.002356e-06  +7.927981e-05  +1.770618e-04  +2.937358e-05  +3.174298e-04  +3.519313e-04  +2.137849e-04  +1.357413e-04  +6.849848e-05  +2.279924e-04  +1.682362e-06  +4.359000e-15  +7.964491e-23  +1.765063e-21  +5.743741e-28  +3.598782e-17  +3.482151e-14  +1.352832e-06  +2.301259e-08  +1.998024e-14  +2.618058e-31  +4.764263e-59  +1.204066e-97 
+1.372813e-279  +4.770214e-221  +6.619631e-173  +4.293318e-131  +5.928886e-100  +7.650582e-75  +3.911887e-46  +1.083202e-26  +8.326405e-18  +1.072282e-06  +5.288926e-05  +1.458250e-07  +1.045510e-04  +2.340851e-04  +3.047082e-04  +5.981903e-04  +5.762295e-04  +2.537038e-04  +3.820916e-04  +6.640274e-05  +2.196184e-06  +1.470275e-09  +3.319096e-08  +2.212943e-13  +2.989148e-07  +2.621146e-05  +6.529770e-05  +9.006319e-05  +8.496708e-11  +1.113344e-27  +2.026029e-55  +5.120355e-94 
+0.000000e+00  +7.258182e-269  +4.625752e-216  +4.599659e-174  +1.106385e-139  +1.079319e-98  +2.162299e-68  +1.270141e-48  +1.247624e-26  +3.233819e-15  +1.630621e-12  +5.896859e-11  +7.772652e-05  +5.280984e-05  +2.626138e-04  +1.095673e-04  +4.637243e-04  +2.953389e-04  +3.400494e-04  +2.382057e-04  +1.367719e-04  +4.011003e-05  +8.310545e-05  +7.743480e-07  +9.850678e-05  +9.850117e-05  +1.247436e-08  +5.318912e-12  +5.018092e-18  +6.575324e-35  +1.196558e-62  +3.024044e-101 
+0.000000e+00  +9.387247e-323  +6.882626e-270  +5.595491e-225  +5.770914e-173  +8.325273e-132  +3.751429e-101  +2.799852e-68  +5.225468e-46  +1.354557e-34  +7.590928e-31  +1.039071e-15  +2.336271e-08  +2.610576e-08  +1.575870e-04  +1.814764e-04  +2.460676e-04  +2.328365e-04  +2.149650e-04  +1.129583e-04  +1.372330e-04  +9.114204e-05  +3.167975e-04  +1.608190e-04  +1.540806e-04  +2.199994e-06  +2.012134e-13  +4.001960e-29  +4.115897e-36  +5.393156e-53  +9.814304e-81  +2.480355e-119 
+0.000000e+00  +0.000000e+00  +7.267179e-289  +6.333747e-225  +8.627745e-172  +1.279393e-127  +2.311467e-93  +5.858587e-70  +5.504907e-52  +5.426630e-38  +7.429335e-35  +1.919638e-23  +5.178720e-12  +2.862779e-06  +1.371153e-04  +3.379184e-04  +1.052765e-04  +3.880126e-04  +3.599268e-04  +1.886074e-04  +1.784435e-04  +1.571341e-04  +1.363150e-04  +1.853886e-04  +6.277135e-05  +1.548229e-06  +2.557360e-17  +4.451589e-38  +4.688573e-65  +6.143372e-82  +1.117952e-109  +2.825386e-148 
+0.000000e+00  +0.000000e+00  +2.081557e-257  +1.813900e-193  +2.195258e-140  +3.749813e-98  +1.185312e-65  +2.786292e-42  +9.875843e-30  +6.796139e-18  +9.304270e-15  +3.099272e-16  +2.866622e-06  +1.103119e-04  +8.540542e-05  +2.313373e-04  +1.702781e-04  +1.151000e-04  +3.766748e-04  +3.382117e-05  +4.982480e-04  +1.739739e-04  +1.909009e-04  +9.562164e-05  +1.248647e-09  +8.440854e-12  +8.662378e-24  +1.332256e-45  +2.945558e-72  +6.549302e-108  +1.768602e-149  +4.469712e-188 
+0.000000e+00  +1.319659e-311  +8.280352e-237  +7.215624e-173  +8.732467e-120  +1.467706e-77  +3.433177e-46  +2.950563e-25  +6.481793e-13  +1.188407e-08  +1.622820e-05  +8.453635e-06  +1.464215e-05  +1.354087e-04  +9.833384e-05  +3.671371e-04  +2.106118e-04  +4.310038e-04  +1.775950e-04  +1.954786e-04  +4.040584e-04  +1.121632e-04  +1.542206e-04  +1.063021e-04  +5.417456e-07  +2.274869e-06  +8.726690e-15  +2.543228e-29  +4.073905e-54  +9.063286e-90  +2.800260e-136  +1.201570e-193 
+0.000000e+00  +7.290546e-302  +4.574538e-227  +3.986322e-163  +4.824312e-110  +8.108423e-68  +1.892673e-36  +6.137221e-16  +3.356331e-06  +4.419464e-05  +7.262696e-06  +9.840112e-05  +1.249383e-04  +2.751237e-04  +6.663684e-05  +1.845003e-04  +1.575029e-04  +2.079411e-04  +3.004006e-04  +1.741833e-04  +2.279948e-04  +1.449663e-04  +2.292430e-04  +3.279187e-04  +1.100354e-04  +5.793211e-05  +4.237448e-08  +4.887678e-22  +7.829598e-47  +1.741864e-82  +5.381793e-129  +2.309286e-186 
+0.000000e+00  +5.593665e-303  +3.509810e-228  +3.058502e-164  +3.701449e-111  +6.221181e-69  +1.452151e-37  +4.707482e-17  +2.119430e-07  +1.371854e-08  +3.015988e-08  +7.328011e-06  +6.519161e-06  +1.673739e-04  +1.899257e-04  +2.318932e-04  +4.161044e-04  +1.353551e-04  +2.608186e-04  +1.830131e-04  +2.301528e-04  +1.250578e-04  +2.086842e-04  +3.043524e-04  +7.580483e-05  +1.070954e-04  +1.488449e-10  +1.329115e-25  +2.089867e-50  +4.649228e-86  +1.436460e-132  +6.163739e-190 
+0.000000e+00  +5.960337e-315  +3.739883e-240  +3.258990e-176  +3.944084e-123  +6.628987e-81  +1.547341e-49  +5.016064e-29  +2.258281e-19  +1.411995e-20  +6.419405e-18  +4.451463e-13  +9.721369e-06  +8.268195e-05  +9.295330e-07  +1.361734e-04  +2.655857e-04  +1.148159e-04  +3.453881e-04  +2.538443e-05  +2.862292e-05  +5.189541e-05  +2.021986e-04  +3.238921e-05  +1.003813e-06  +2.008635e-11  +2.433424e-17  +4.341847e-34  +1.076665e-61  +5.425941e-100  +5.342431e-147  +2.284815e-204 
+0.000000e+00  +0.000000e+00  +5.534397e-263  +4.822757e-199  +5.836580e-146  +9.809784e-104  +2.289805e-72  +7.422930e-52  +3.341875e-42  +2.089503e-43  +1.901108e-38  +4.372382e-23  +6.002336e-15  +2.299461e-11  +3.426840e-05  +3.066548e-06  +8.597979e-05  +2.233484e-04  +1.075144e-05  +2.014071e-08  +6.503837e-13  +1.700538e-10  +4.723228e-09  +5.694029e-11  +5.340787e-18  +6.483495e-25  +5.979455e-35  +1.066885e-51  +2.643698e-79  +9.097959e-118  +4.348273e-167  +2.897933e-227 
+0.000000e+00  +0.000000e+00  +1.137419e-296  +9.911643e-233  +1.199523e-179  +2.016089e-137  +4.705965e-106  +1.525547e-85  +6.868161e-76  +4.294313e-77  +3.800135e-62  +5.991361e-44  +1.940942e-32  +9.149007e-18  +2.156176e-06  +5.515911e-05  +1.422871e-05  +1.862491e-06  +8.269608e-14  +2.498201e-20  +2.611266e-31  +5.586806e-25  +1.259108e-23  +1.726115e-27  +8.158471e-37  +5.097746e-48  +2.127696e-63  +3.640821e-80  +9.021806e-108  +3.104743e-146  +1.483869e-195  +9.849261e-256 
+0.000000e+00  +0.000000e+00  +0.000000e+00  +2.829006e-277  +3.423710e-224  +5.754372e-182  +1.343188e-150  +4.354254e-130  +1.960328e-120  +1.289649e-121  +7.224591e-94  +4.315485e-75  +3.004547e-47  +5.456184e-25  +1.376102e-13  +1.152224e-09  +4.247162e-12  +2.708231e-15  +2.524232e-26  +5.267093e-43  +6.443923e-55  +2.555543e-50  +5.717229e-49  +7.280807e-55  +3.389106e-64  +5.804837e-82  +9.518472e-99  +1.725516e-119  +4.275758e-147  +1.471449e-185  +7.032589e-235  +4.667918e-295 
+0.000000e+00  +0.000000e+00  +0.000000e+00  +0.000000e+00  +1.357135e-279  +2.280994e-237  +5.324306e-206  +1.725997e-185  +7.770605e-176  +1.681931e-165  +1.908509e-136  +2.037635e-98  +2.664393e-65  +4.838473e-43  +1.234965e-31  +3.871987e-25  +1.416965e-27  +6.423074e-35  +4.910051e-46  +7.519088e-68  +1.541264e-88  +1.623457e-86  +3.631140e-85  +4.398043e-93  +1.980521e-102  +1.285616e-122  +1.443250e-143  +1.170011e-169  +2.814301e-197  +9.685069e-236  +4.628846e-285  +0.000000e+00 
+0.000000e+00  +0.000000e+00  +0.000000e+00  +0.000000e+00  +0.000000e+00  +1.255707e-303  +2.931077e-272  +9.501760e-252  +4.277785e-242  +6.167346e-219  +2.665321e-171  +2.509479e-127  +3.281373e-94  +5.958894e-72  +8.363439e-60  +1.807796e-51  +6.615686e-54  +2.263203e-65  +1.454370e-76  +2.040346e-98  +4.397176e-131  +1.432308e-133  +3.203578e-132  +1.351589e-141  +1.607357e-151  +1.042575e-171  +3.040916e-199  +7.219780e-227  +2.572564e-258  +8.853158e-297  +0.000000e+00  +0.000000e+00 
+0.000000e+00  +0.000000e+00  +0.000000e+00  +0.000000e+00  +0.000000e+00  +0.000000e+00  +0.000000e+00  +0.000000e+00  +3.270912e-319  +6.724324e-266  +4.558740e-211  +4.292189e-167  +5.612430e-134  +1.019227e-111  +4.451092e-97  +1.172204e-88  +4.289719e-91  +2.191633e-104  +6.003463e-118  +8.352199e-140  +1.646623e-172  +1.754970e-191  +3.925263e-190  +1.223637e-199  +1.811686e-211  +1.175108e-231  +1.059478e-262  +2.111327e-293  +0.000000e+00  +0.000000e+00  +0.000000e+00  +0.000000e+00 
+0.000000e+00  +0.000000e+00  +0.000000e+00  +0.000000e+00  +0.000000e+00  +0.000000e+00  +0.000000e+00  +0.000000e+00  +0.000000e+00  +1.597283e-316  +1.082874e-261  +1.019558e-217  +1.333166e-184  +2.442110e-162  +4.005975e-145  +1.055590e-136  +3.862964e-139  +1.963289e-152  +3.461414e-170  +4.748894e-192  +9.359467e-225  +2.986354e-260  +6.679443e-259  +2.074890e-268  +2.835905e-282  +1.839443e-302  +0.000000e+00  +0.000000e+00  +0.000000e+00  +0.000000e+00  +0.000000e+00  +0.000000e+00 
