+0.000000e+00  +0.000000e+00  +0.000000e+00  +0.000000e+00  +0.000000e+00  +0.000000e+00  +0.000000e+00  +0.000000e+00  +3.245465e-268  +7.118946e-210  +1.880609e-157  +6.899542e-116  +3.515442e-85  +2.492985e-65  +1.177543e-53  +3.549688e-50  +1.489170e-57  +8.677057e-76  +6.697077e-81  +9.034682e-93  +2.382095e-96  +1.675917e-109  +3.801715e-120  +5.206493e-126  +9.902595e-143  +2.615719e-170  +9.670682e-209  +3.368972e-256  +2.037825e-312  +0.000000e+00  +0.000000e+00  +0.000000e+00 
+0.000000e+00  +0.000000e+00  +0.000000e+00  +0.000000e+00  +0.000000e+00  +0.000000e+00  +0.000000e+00  +8.970622e-289  +3.237271e-225  +1.624496e-172  +1.607434e-129  +5.450783e-88  +2.777273e-57  +1.965293e-37  +1.284350e-27  +3.296312e-24  +1.382872e-31  +4.159989e-45  +3.830436e-46  +1.605193e-55  +8.103587e-58  +5.701259e-71  +1.732022e-75  +2.372025e-81  +4.511522e-98  +1.196176e-125  +1.470120e-162  +6.304098e-208  +3.869352e-264  +0.000000e+00  +0.000000e+00  +0.000000e+00 
+0.000000e+00  +0.000000e+00  +0.000000e+00  +0.000000e+00  +0.000000e+00  +0.000000e+00  +0.000000e+00  +1.243478e-256  +4.487305e-193  +2.249000e-140  +1.569383e-98  +1.750995e-67  +3.047171e-40  +2.156219e-20  +2.259722e-11  +4.251413e-09  +1.796048e-16  +3.304626e-21  +3.042695e-22  +7.560380e-28  +3.828543e-30  +2.697806e-43  +1.095886e-41  +1.500829e-47  +2.859689e-64  +1.257385e-90  +3.761454e-125  +1.662384e-170  +1.020348e-226  +8.697672e-294  +0.000000e+00  +0.000000e+00 
+0.000000e+00  +0.000000e+00  +0.000000e+00  +0.000000e+00  +0.000000e+00  +0.000000e+00  +9.212606e-310  +2.393821e-235  +8.638511e-172  +4.329370e-119  +3.013598e-77  +2.928143e-46  +5.146300e-26  +5.937347e-14  +3.286636e-05  +8.248439e-05  +2.150094e-08  +3.728390e-08  +3.568850e-09  +4.975975e-11  +2.512133e-13  +8.518837e-22  +9.629856e-19  +1.319951e-24  +2.139941e-40  +4.328789e-64  +1.377529e-98  +6.088068e-144  +3.736769e-200  +3.185305e-267  +0.000000e+00  +0.000000e+00 
+0.000000e+00  +0.000000e+00  +0.000000e+00  +0.000000e+00  +0.000000e+00  +0.000000e+00  +7.329095e-296  +1.703670e-223  +2.823925e-161  +1.161494e-108  +8.067059e-67  +7.798233e-36  +1.057864e-15  +3.195004e-06  +1.963921e-04  +2.124203e-04  +2.235841e-04  +3.896254e-05  +2.354912e-04  +6.621407e-05  +2.492679e-07  +3.165264e-08  +1.176051e-06  +7.432832e-12  +9.608521e-25  +2.201637e-48  +7.006265e-83  +3.096460e-128  +1.900563e-184  +1.620082e-251  +0.000000e+00  +0.000000e+00 
+0.000000e+00  +0.000000e+00  +0.000000e+00  +0.000000e+00  +0.000000e+00  +0.000000e+00  +1.070091e-284  +2.411441e-212  +7.580077e-151  +3.330934e-100  +2.052755e-60  +1.785256e-31  +2.600341e-13  +7.850209e-05  +4.014062e-04  +1.108445e-05  +1.493876e-04  +1.567291e-04  +1.131637e-04  +4.919477e-05  +7.338729e-05  +7.019239e-05  +1.060188e-04  +4.114393e-07  +6.786825e-20  +1.555141e-43  +4.949072e-78  +2.202555e-123  +3.507110e-179  +4.250651e-244  +1.153001e-319  +0.000000e+00 
+0.000000e+00  +0.000000e+00  +0.000000e+00  +0.000000e+00  +0.000000e+00  +0.000000e+00  +2.321198e-284  +5.444085e-212  +1.812512e-150  +8.629046e-100  +5.919130e-60  +5.886981e-31  +8.531383e-13  +3.124540e-05  +2.392766e-04  +2.673426e-05  +4.890729e-05  +1.248773e-04  +1.845729e-04  +5.826635e-05  +1.675867e-04  +2.869407e-05  +2.245016e-04  +3.249267e-07  +8.739074e-18  +4.576102e-39  +3.344961e-71  +3.396340e-114  +4.789310e-168  +9.379353e-233  +2.551002e-308  +0.000000e+00 
+0.000000e+00  +0.000000e+00  +0.000000e+00  +0.000000e+00  +0.000000e+00  +0.000000e+00  +8.842018e-277  +1.060101e-205  +1.765168e-145  +4.083047e-96  +1.320042e-57  +6.847040e-30  +2.236257e-12  +7.688876e-05  +8.319431e-05  +1.743285e-04  +2.444024e-04  +1.253701e-04  +1.680342e-04  +2.943833e-04  +1.357375e-04  +1.993686e-04  +3.567880e-04  +2.195892e-06  +2.805442e-17  +1.408253e-38  +1.027883e-70  +1.043611e-113  +1.471632e-167  +2.882034e-232  +7.838572e-308  +0.000000e+00 
+0.000000e+00  +0.000000e+00  +0.000000e+00  +0.000000e+00  +0.000000e+00  +0.000000e+00  +1.130084e-274  +1.354897e-203  +2.256002e-143  +5.216879e-94  +1.675407e-55  +7.472650e-28  +4.630409e-11  +4.084375e-05  +2.196294e-04  +9.694254e-05  +2.079742e-04  +1.615433e-04  +3.214281e-04  +2.509798e-04  +1.785933e-04  +2.397632e-04  +8.339441e-05  +6.200924e-09  +3.734653e-23  +5.639485e-48  +4.425425e-81  +4.454095e-124  +6.280074e-178  +1.229881e-242  +3.345037e-318  +0.000000e+00 
+0.000000e+00  +0.000000e+00  +0.000000e+00  +2.281363e-318  +1.802366e-307  +6.915240e-296  +2.435294e-240  +5.488785e-193  +4.007569e-152  +9.263760e-103  +2.999485e-64  +1.566157e-36  +4.477672e-18  +6.810862e-07  +2.436066e-04  +1.245705e-04  +5.469971e-04  +1.359784e-04  +3.788051e-04  +5.508536e-05  +5.707832e-05  +8.148478e-05  +1.145661e-06  +3.471772e-18  +1.094858e-32  +6.915303e-58  +6.101679e-94  +7.662308e-141  +1.841529e-198  +7.294350e-264  +0.000000e+00  +0.000000e+00 
+0.000000e+00  +2.977401e-297  +1.219580e-264  +6.937787e-243  +5.481125e-232  +6.013904e-232  +1.052248e-194  +5.171729e-150  +1.754272e-113  +1.374358e-86  +3.181906e-59  +2.965205e-30  +3.838528e-12  +7.309309e-05  +2.109083e-05  +1.836093e-04  +2.390058e-04  +3.354065e-04  +3.730577e-04  +2.844847e-04  +2.299416e-04  +1.062874e-05  +1.565670e-08  +3.627133e-22  +1.234828e-46  +4.135661e-78  +3.620274e-114  +4.402588e-161  +7.436481e-219  +1.745418e-287  +0.000000e+00  +0.000000e+00 
+4.263508e-276  +1.257483e-232  +5.150802e-200  +2.930122e-178  +2.314912e-167  +2.539929e-167  +6.683665e-160  +3.088193e-115  +2.119213e-81  +1.081431e-55  +1.176802e-39  +6.546868e-27  +1.374480e-10  +4.849360e-05  +3.529384e-05  +3.376233e-04  +4.980878e-04  +2.927449e-04  +2.860847e-04  +2.249165e-04  +8.236552e-05  +7.022162e-10  +2.766138e-18  +6.327188e-32  +2.009965e-56  +8.867626e-92  +5.433384e-138  +3.668642e-192  +6.187931e-250  +1.451347e-318  +0.000000e+00  +0.000000e+00 
+2.500747e-222  +7.375723e-179  +3.021186e-146  +1.718653e-124  +1.357804e-113  +1.489800e-113  +1.048903e-117  +2.758692e-91  +1.748103e-57  +1.675645e-34  +1.285830e-19  +1.944069e-14  +3.188222e-08  +2.023110e-04  +2.882081e-04  +1.563647e-04  +3.272590e-04  +2.315268e-04  +1.213390e-04  +1.602623e-04  +1.047255e-05  +4.391655e-11  +2.648848e-27  +1.682993e-52  +5.275632e-77  +2.327387e-112  +1.425938e-158  +1.213307e-215  +1.433767e-283  +0.000000e+00  +0.000000e+00  +0.000000e+00 
+2.037090e-179  +6.008211e-136  +2.461037e-103  +1.400003e-81  +1.106057e-70  +1.213689e-70  +8.675122e-74  +1.718534e-71  +1.882476e-42  +1.911357e-21  +2.556823e-09  +3.127487e-05  +8.543727e-05  +2.477032e-04  +1.642447e-04  +1.066382e-04  +1.653655e-04  +1.548781e-04  +1.782999e-04  +5.338132e-06  +6.808749e-12  +2.744361e-21  +1.184765e-37  +9.924317e-65  +1.154549e-102  +8.487131e-144  +5.199874e-190  +4.424485e-247  +5.228421e-315  +0.000000e+00  +0.000000e+00  +0.000000e+00 
+2.304565e-147  +6.797109e-104  +2.784183e-71  +1.583835e-49  +1.251301e-38  +1.374328e-38  +9.964462e-41  +1.002676e-50  +1.287581e-31  +1.936492e-13  +4.458239e-06  +7.515680e-05  +8.514508e-05  +1.290686e-04  +9.060817e-05  +3.213704e-04  +3.548085e-04  +2.966502e-04  +5.588236e-05  +2.304879e-04  +1.443888e-05  +1.679995e-15  +2.767625e-36  +6.332707e-68  +2.553783e-105  +4.182368e-149  +9.658068e-204  +5.563238e-269  +0.000000e+00  +0.000000e+00  +0.000000e+00  +0.000000e+00 
+3.620940e-126  +1.068012e-82  +4.375156e-50  +2.489455e-28  +1.967782e-17  +2.183490e-17  +1.589535e-18  +1.599472e-28  +5.089504e-28  +2.044001e-13  +4.217670e-05  +3.950612e-04  +5.239619e-06  +1.735489e-04  +2.043023e-04  +3.094630e-04  +3.241202e-05  +1.162760e-04  +1.639936e-04  +2.073293e-04  +1.545867e-06  +1.161808e-17  +5.374802e-29  +4.570204e-51  +5.876070e-84  +5.256060e-127  +5.364235e-180  +9.065933e-244  +2.135599e-318  +0.000000e+00  +0.000000e+00  +0.000000e+00 
+7.921343e-116  +2.343928e-72  +9.670810e-40  +5.590420e-18  +4.574318e-07  +5.995160e-07  +3.521494e-07  +4.437209e-16  +4.424957e-13  +8.355058e-08  +1.835479e-06  +1.405179e-04  +7.697240e-05  +2.355630e-04  +4.338612e-05  +1.621114e-04  +6.636734e-05  +1.942611e-04  +6.811558e-05  +1.240088e-04  +2.851702e-06  +2.599032e-07  +2.419060e-18  +3.995512e-39  +2.447278e-70  +2.150958e-112  +2.627165e-165  +4.456481e-229  +4.338049e-265  +4.135755e-307  +0.000000e+00  +0.000000e+00 
+2.841987e-116  +1.002258e-72  +5.611779e-40  +5.113572e-18  +7.449911e-07  +1.077479e-04  +8.188167e-05  +4.333329e-06  +7.206631e-07  +1.784087e-04  +1.792395e-04  +1.674400e-04  +9.163485e-05  +3.138617e-04  +6.241504e-05  +3.037568e-04  +2.663262e-04  +1.667383e-05  +1.513262e-04  +1.189097e-05  +1.356540e-04  +1.773394e-05  +5.783120e-15  +2.636707e-35  +1.669728e-66  +1.468481e-108  +2.423414e-153  +1.197877e-173  +8.223081e-205  +7.839620e-247  +1.037990e-299  +0.000000e+00 
+1.443113e-126  +9.173322e-83  +8.272885e-50  +1.046501e-27  +3.076324e-16  +3.465802e-06  +6.791002e-05  +1.647200e-04  +4.299018e-05  +1.493501e-04  +1.040583e-04  +1.360056e-04  +6.625976e-05  +1.874133e-04  +1.455881e-04  +1.304827e-04  +5.652742e-05  +1.189727e-04  +8.745287e-05  +1.070277e-04  +2.975448e-04  +1.346800e-05  +2.655329e-15  +7.287442e-36  +2.777601e-67  +1.792500e-94  +6.379780e-104  +3.153481e-124  +2.164775e-155  +2.063826e-197  +2.732571e-250  +5.024673e-314 
+5.593889e-147  +3.696728e-103  +3.393905e-70  +9.455960e-44  +1.090223e-21  +1.746227e-10  +6.836179e-08  +4.141008e-07  +4.304864e-05  +1.397018e-04  +8.817449e-05  +8.655110e-05  +1.305841e-04  +2.321113e-04  +2.349512e-04  +2.157203e-04  +9.229567e-05  +1.742698e-04  +1.705827e-05  +1.167245e-04  +5.241040e-05  +4.430510e-09  +6.312090e-19  +1.732309e-39  +5.183623e-52  +6.553529e-56  +2.332501e-65  +1.152939e-85  +7.914596e-117  +7.545520e-159  +9.990508e-212  +1.837327e-275 
+3.230650e-178  +2.274677e-134  +8.277642e-92  +6.872231e-59  +7.923678e-37  +1.268852e-25  +1.510313e-14  +3.167510e-05  +8.807053e-05  +2.076085e-04  +1.633478e-04  +3.266124e-04  +8.877921e-05  +9.940692e-05  +2.566197e-04  +1.235816e-04  +2.693753e-04  +2.134787e-04  +1.510025e-04  +1.695264e-04  +1.127630e-04  +1.538546e-06  +4.980383e-16  +2.917416e-21  +1.622839e-27  +3.327586e-28  +1.184338e-37  +5.854102e-58  +4.018676e-89  +3.833859e-131  +9.431260e-184  +1.021400e-244 
+3.247305e-216  +1.397666e-161  +2.942693e-116  +4.134402e-73  +8.302859e-41  +2.315692e-19  +8.972540e-09  +5.612017e-05  +1.621774e-04  +5.158727e-04  +3.511297e-04  +1.852203e-04  +1.993781e-04  +7.652808e-05  +1.457700e-06  +2.500751e-04  +7.733876e-05  +1.951295e-04  +7.561550e-05  +1.684203e-04  +1.438768e-04  +5.750604e-05  +2.590122e-08  +1.081618e-07  +1.888936e-11  +2.346503e-11  +8.351584e-21  +4.141154e-41  +1.422704e-71  +1.383292e-110  +2.331579e-160  +5.458949e-221 
+7.797119e-229  +2.980316e-165  +1.676322e-112  +2.667863e-70  +3.156113e-38  +8.501209e-17  +3.771381e-06  +7.118339e-05  +8.040919e-05  +3.811599e-04  +7.369985e-05  +4.953748e-05  +2.904589e-04  +9.662394e-05  +3.917627e-06  +1.555039e-04  +2.309976e-04  +3.427356e-04  +1.582246e-04  +1.268151e-04  +1.524306e-04  +8.811362e-05  +1.114939e-04  +6.251506e-05  +6.948630e-05  +2.331962e-05  +1.620445e-13  +9.684264e-31  +8.464351e-59  +1.027488e-97  +1.732199e-147  +4.055616e-208 
+6.224065e-224  +2.371429e-160  +1.254828e-107  +9.221385e-66  +9.411224e-35  +1.333933e-14  +2.626704e-05  +8.742460e-06  +1.173206e-04  +1.181588e-04  +2.084020e-04  +3.112676e-04  +2.067940e-04  +2.277721e-04  +1.882412e-04  +2.042931e-04  +2.266303e-04  +1.924934e-04  +1.709445e-04  +2.573032e-04  +2.304173e-04  +1.295766e-05  +1.035720e-05  +3.455539e-05  +1.707111e-07  +3.503173e-05  +1.587549e-11  +9.991581e-29  +8.733320e-57  +1.060138e-95  +1.787243e-145  +4.184490e-206 
+6.901232e-230  +2.629437e-166  +1.391351e-113  +1.022466e-71  +1.043702e-40  +2.227777e-20  +4.158815e-08  +3.320587e-06  +1.058845e-04  +1.856435e-04  +1.638884e-04  +1.470337e-04  +2.549836e-06  +8.058168e-07  +9.446652e-05  +3.529490e-04  +1.826787e-04  +6.129550e-05  +1.923841e-04  +2.113289e-04  +1.180683e-04  +1.183566e-08  +2.187546e-15  +1.829978e-14  +1.811162e-18  +5.019742e-14  +2.274839e-20  +1.431719e-37  +1.251420e-65  +1.519099e-104  +2.560986e-154  +5.996064e-215 
+1.062716e-246  +4.049051e-183  +2.142742e-130  +2.010966e-88  +1.257741e-54  +5.020505e-31  +2.786740e-18  +2.514015e-14  +3.167610e-10  +2.029531e-10  +2.576127e-09  +2.679872e-10  +1.348629e-13  +5.282578e-17  +7.770981e-11  +3.848188e-05  +5.391446e-05  +1.130040e-04  +2.429897e-04  +2.369847e-04  +1.055675e-04  +3.134501e-10  +6.729415e-24  +1.623969e-34  +3.297602e-38  +9.989484e-34  +4.527019e-40  +2.849178e-57  +2.490375e-85  +3.023067e-124  +5.096463e-174  +1.193240e-234 
+2.272841e-274  +9.973893e-211  +1.966117e-155  +4.064731e-110  +1.169782e-75  +4.675372e-52  +2.595170e-39  +1.335610e-31  +3.355582e-26  +4.574894e-27  +8.441665e-25  +1.559733e-26  +1.426375e-31  +3.754999e-36  +1.800068e-16  +1.839963e-07  +8.924746e-05  +2.329381e-04  +2.000479e-04  +1.003569e-04  +2.589359e-04  +8.445838e-08  +4.002932e-21  +2.637144e-45  +8.753677e-69  +2.760849e-64  +1.251157e-70  +7.874429e-88  +6.882786e-116  +8.355018e-155  +1.408538e-204  +3.297824e-265 
+1.589258e-310  +1.700224e-243  +2.536897e-187  +5.257005e-142  +1.512905e-107  +6.046765e-84  +3.370457e-71  +9.996013e-60  +5.308893e-53  +2.027606e-54  +3.848669e-51  +1.270731e-53  +2.200015e-60  +8.638227e-49  +6.233735e-29  +2.468152e-14  +4.799969e-08  +1.057334e-06  +1.876010e-04  +7.260616e-05  +2.903874e-05  +5.283972e-13  +3.357455e-29  +2.203097e-53  +2.015706e-88  +1.059693e-105  +4.802302e-112  +3.022433e-129  +2.641811e-157  +3.206896e-196  +5.406373e-246  +1.265800e-306 
+0.000000e+00  +3.053868e-286  +4.556672e-230  +9.442418e-185  +2.717419e-150  +1.086095e-126  +1.513716e-112  +1.164066e-98  +1.170632e-90  +2.988459e-92  +2.437030e-88  +1.438396e-91  +1.653456e-99  +4.307615e-72  +1.653460e-45  +2.307544e-28  +4.743700e-22  +8.354085e-16  +7.516898e-11  +8.054216e-09  +3.202622e-12  +2.016286e-21  +5.092116e-40  +1.788574e-69  +2.347348e-107  +2.971698e-153  +2.559911e-164  +1.611136e-181  +1.408242e-209  +1.709466e-248  +2.881917e-298  +0.000000e+00 
+0.000000e+00  +0.000000e+00  +1.136660e-283  +2.355408e-238  +6.778592e-204  +2.709261e-180  +2.085590e-162  +5.690674e-148  +3.585482e-139  +1.418906e-140  +2.143145e-136  +2.265666e-140  +8.278984e-137  +2.136507e-98  +2.146954e-70  +2.996259e-53  +1.351585e-46  +8.679280e-34  +6.277996e-28  +1.335183e-23  +5.125333e-27  +1.343373e-40  +2.702643e-59  +9.479299e-89  +4.617446e-129  +3.128459e-180  +1.895127e-227  +1.192739e-244  +1.042535e-272  +1.265534e-311  +0.000000e+00  +0.000000e+00 
+0.000000e+00  +0.000000e+00  +0.000000e+00  +8.159938e-303  +2.348336e-268  +9.393980e-245  +4.156456e-223  +1.823536e-207  +1.525161e-198  +1.362685e-199  +2.617462e-195  +5.010580e-200  +5.324649e-173  +3.852757e-134  +3.871597e-106  +5.403147e-89  +4.468155e-78  +9.738916e-62  +8.499977e-56  +3.073948e-49  +1.179987e-52  +6.291446e-67  +1.996784e-89  +6.987222e-119  +3.403534e-159  +2.302468e-210  +2.163192e-272  +1.226301e-318  +0.000000e+00  +0.000000e+00  +0.000000e+00  +0.000000e+00 
+0.000000e+00  +0.000000e+00  +0.000000e+00  +0.000000e+00  +0.000000e+00  +2.713804e-319  +1.151999e-294  +1.060735e-277  +9.009946e-269  +2.108595e-269  +4.439636e-265  +2.722580e-269  +1.333510e-219  +9.648878e-181  +9.696061e-153  +1.353177e-135  +2.943342e-117  +1.593111e-100  +3.676803e-93  +9.828567e-86  +3.772863e-89  +2.011360e-103  +1.509570e-128  +7.152866e-160  +3.484146e-200  +2.357002e-251  +2.214427e-313  +0.000000e+00  +0.000000e+00  +0.000000e+00  +0.000000e+00  +0.000000e+00 
