+0.000000e+00  +0.000000e+00  +0.000000e+00  +0.000000e+00  +0.000000e+00  +1.601954e-308  +1.781861e-275  +9.563477e-247  +3.248698e-223  +2.133053e-208  +1.945060e-204  +3.204903e-211  +8.649246e-201  +2.312513e-180  +1.236602e-151  +8.833225e-132  +8.762877e-123  +1.207412e-124  +2.796200e-137  +2.725480e-158  +2.112354e-189  +2.278803e-231  +3.414171e-284  +0.000000e+00  +0.000000e+00  +0.000000e+00  +0.000000e+00  +0.000000e+00  +0.000000e+00  +0.000000e+00  +0.000000e+00  +0.000000e+00 
+0.000000e+00  +0.000000e+00  +0.000000e+00  +9.779041e-320  +1.242469e-273  +2.192405e-238  +1.027465e-210  +1.588565e-183  +8.719793e-163  +5.716734e-148  +5.212904e-144  +2.538641e-150  +8.765327e-146  +7.120003e-126  +1.568943e-106  +1.120020e-86  +1.111101e-77  +1.533311e-79  +1.304190e-91  +5.657173e-112  +4.393820e-143  +4.740048e-185  +7.101682e-238  +1.477671e-301  +0.000000e+00  +0.000000e+00  +0.000000e+00  +0.000000e+00  +0.000000e+00  +0.000000e+00  +0.000000e+00  +0.000000e+00 
+0.000000e+00  +0.000000e+00  +2.041312e-317  +1.867534e-260  +2.372826e-214  +4.186981e-179  +1.103318e-154  +3.942647e-131  +6.277570e-113  +2.127807e-98  +1.940293e-94  +6.853118e-100  +7.227030e-101  +3.241631e-82  +4.880445e-71  +1.972291e-52  +1.956605e-43  +2.768184e-45  +2.972965e-56  +1.634020e-76  +1.269277e-107  +1.369294e-149  +2.051517e-202  +4.268660e-266  +0.000000e+00  +0.000000e+00  +0.000000e+00  +0.000000e+00  +0.000000e+00  +0.000000e+00  +0.000000e+00  +0.000000e+00 
+0.000000e+00  +0.000000e+00  +5.414116e-269  +4.953211e-212  +6.293382e-166  +1.110502e-130  +2.721408e-106  +2.833906e-88  +9.815785e-72  +1.099915e-59  +1.003044e-55  +3.240396e-60  +1.115579e-66  +4.539854e-49  +7.432956e-40  +5.097184e-29  +4.785981e-20  +9.502569e-22  +1.173298e-31  +6.555500e-52  +5.092232e-83  +5.493494e-125  +8.230517e-178  +1.712551e-241  +4.948777e-316  +0.000000e+00  +0.000000e+00  +0.000000e+00  +0.000000e+00  +0.000000e+00  +0.000000e+00  +0.000000e+00 
+0.000000e+00  +3.037018e-299  +1.994269e-231  +1.824497e-174  +2.318143e-128  +4.090491e-93  +1.002417e-68  +7.456424e-55  +4.574100e-41  +7.946329e-32  +7.205570e-28  +2.190652e-31  +1.497613e-42  +6.020645e-26  +6.380652e-18  +2.419956e-13  +1.631089e-07  +1.845358e-08  +6.530695e-18  +3.652544e-38  +2.837253e-69  +3.060825e-111  +4.585820e-164  +9.541868e-228  +2.757324e-302  +0.000000e+00  +0.000000e+00  +0.000000e+00  +0.000000e+00  +0.000000e+00  +0.000000e+00  +0.000000e+00 
+0.000000e+00  +2.853611e-265  +3.634128e-202  +9.397257e-148  +1.185863e-101  +2.092520e-66  +5.127937e-42  +1.745318e-28  +4.083073e-20  +3.910736e-14  +7.232928e-11  +2.063711e-13  +1.202534e-24  +1.970193e-13  +1.311055e-06  +3.394751e-07  +4.795656e-05  +1.265239e-05  +5.053130e-15  +2.826333e-35  +2.195462e-66  +2.368462e-108  +3.548500e-161  +7.383483e-225  +2.133613e-299  +0.000000e+00  +0.000000e+00  +0.000000e+00  +0.000000e+00  +0.000000e+00  +0.000000e+00  +0.000000e+00 
+1.294387e-313  +1.169971e-239  +1.485329e-176  +2.619641e-124  +6.425099e-83  +1.508483e-50  +3.643133e-26  +1.239898e-12  +1.156977e-08  +2.870430e-05  +1.398370e-04  +2.851686e-06  +1.509935e-13  +1.096039e-06  +3.583310e-05  +1.004317e-04  +7.087497e-06  +1.458276e-13  +5.430310e-23  +3.037310e-43  +2.359346e-74  +2.545260e-116  +3.813385e-169  +7.934637e-233  +2.292880e-307  +0.000000e+00  +0.000000e+00  +0.000000e+00  +0.000000e+00  +0.000000e+00  +0.000000e+00  +0.000000e+00 
+1.355576e-294  +3.356963e-222  +1.234569e-160  +2.039377e-109  +3.688716e-68  +1.243004e-37  +5.951044e-18  +1.378529e-07  +1.652324e-04  +1.444014e-04  +1.202105e-04  +4.013433e-07  +1.629050e-08  +1.085160e-04  +8.811941e-05  +2.358607e-05  +5.931292e-13  +3.900181e-24  +8.188203e-42  +4.533074e-62  +3.521238e-93  +3.798708e-135  +5.691338e-188  +2.750307e-238  +1.269291e-242  +4.596182e-255  +3.042742e-259  +1.216922e-273  +2.073707e-289  +3.700588e-306  +0.000000e+00  +0.000000e+00 
+1.663761e-284  +4.112208e-212  +1.411553e-150  +6.729111e-100  +4.455361e-60  +4.106111e-31  +5.695590e-13  +4.367035e-05  +6.150002e-05  +2.016086e-04  +2.547678e-04  +1.656079e-04  +1.332879e-04  +4.375558e-04  +3.904002e-05  +9.358223e-10  +1.965834e-21  +3.226246e-40  +3.085340e-58  +4.070398e-85  +1.475633e-122  +7.873679e-165  +3.346325e-175  +1.558609e-172  +1.632517e-176  +2.627942e-187  +7.436789e-191  +2.975398e-205  +5.124154e-217  +9.164987e-234  +9.775267e-259  +1.609141e-290 
+2.836087e-285  +7.009767e-213  +2.406166e-151  +1.147058e-100  +7.594223e-61  +6.982632e-32  +8.918159e-14  +2.965799e-06  +1.906186e-04  +2.698669e-04  +2.484813e-04  +1.789136e-04  +1.858834e-04  +7.861939e-05  +1.133340e-04  +2.149924e-05  +2.736393e-13  +4.208153e-21  +3.997494e-37  +5.273781e-64  +9.662608e-102  +7.881859e-134  +2.625973e-120  +1.231235e-117  +2.916160e-121  +8.766465e-130  +2.524316e-133  +1.818241e-147  +1.761540e-155  +3.238816e-172  +1.033828e-194  +1.705783e-226 
+1.606509e-285  +3.324010e-213  +9.552253e-152  +3.812400e-101  +2.113408e-61  +1.629079e-32  +1.765852e-14  +3.206434e-07  +1.077136e-04  +5.400050e-05  +1.343012e-04  +1.698960e-04  +2.770823e-04  +3.208356e-04  +4.242151e-04  +3.453514e-06  +1.117901e-05  +7.579517e-11  +7.193730e-27  +9.489638e-54  +1.745122e-91  +1.230082e-89  +2.861874e-76  +1.362040e-73  +7.234545e-77  +4.132195e-83  +1.189981e-86  +8.605007e-98  +8.414229e-105  +1.431624e-120  +1.521993e-141  +2.511258e-173 
+1.821769e-279  +8.932534e-208  +6.112480e-147  +5.892513e-97  +8.227687e-58  +1.795112e-29  +7.262202e-12  +1.059071e-04  +2.611446e-04  +1.796609e-04  +1.538784e-04  +2.747993e-04  +3.629529e-04  +1.601069e-04  +2.196440e-04  +8.146250e-05  +7.948440e-05  +5.861843e-11  +5.272717e-27  +1.694530e-42  +1.767434e-68  +1.785539e-54  +4.332202e-43  +2.131116e-40  +2.492618e-43  +2.705298e-47  +7.790663e-51  +1.540382e-58  +5.590325e-65  +2.620253e-78  +3.111846e-99  +5.134483e-131 
+2.816724e-280  +1.378590e-208  +9.383806e-148  +8.904032e-98  +1.184917e-58  +2.245434e-30  +6.276396e-13  +2.830599e-06  +4.594979e-05  +1.456774e-04  +2.310926e-04  +5.901208e-05  +1.421776e-04  +1.859282e-04  +1.164630e-04  +1.359343e-04  +1.094271e-04  +5.499308e-07  +8.588166e-13  +6.449685e-28  +1.953651e-45  +1.194892e-29  +9.502743e-21  +4.812802e-18  +1.197526e-20  +2.459782e-22  +7.085448e-26  +6.198099e-30  +6.054944e-36  +7.437406e-47  +8.836120e-68  +1.457942e-99 
+3.019733e-261  +3.934199e-195  +7.118413e-140  +1.788768e-95  +6.651609e-62  +9.596306e-37  +3.126670e-21  +2.459859e-11  +9.116600e-07  +1.639465e-07  +3.451767e-04  +4.705578e-04  +1.948788e-04  +1.823876e-04  +9.012081e-05  +1.472964e-04  +1.880669e-04  +1.702431e-04  +5.549924e-09  +1.306317e-14  +2.423039e-23  +2.351678e-14  +3.923965e-08  +1.644249e-06  +2.965932e-08  +3.120492e-08  +1.492105e-11  +6.172760e-12  +3.498274e-16  +2.932973e-26  +3.485229e-47  +5.767454e-79 
+1.495839e-238  +1.858000e-176  +5.815985e-124  +1.381139e-79  +4.819900e-46  +2.340584e-23  +1.635265e-10  +8.354437e-06  +7.591042e-05  +8.654514e-05  +9.726553e-05  +1.212707e-04  +8.120811e-05  +2.176775e-04  +3.657678e-04  +2.707890e-04  +1.797795e-04  +1.561419e-04  +4.740657e-05  +3.054857e-07  +7.736698e-09  +1.363566e-06  +1.359393e-04  +2.297338e-04  +2.254409e-04  +1.756284e-04  +4.352313e-05  +1.527363e-04  +1.898353e-06  +1.876455e-16  +6.862881e-37  +1.293889e-67 
+5.502250e-214  +8.871314e-156  +9.868069e-108  +1.886998e-67  +6.277413e-38  +2.794900e-18  +1.689313e-06  +1.462739e-04  +1.398066e-04  +7.127278e-05  +3.094926e-04  +4.246241e-04  +2.143356e-04  +2.723904e-04  +2.052204e-04  +5.827232e-04  +2.950534e-04  +4.501385e-05  +2.590275e-04  +5.133734e-05  +2.125326e-04  +1.305682e-04  +2.355877e-04  +1.353769e-04  +2.111727e-04  +2.460578e-04  +2.378728e-04  +4.872451e-04  +4.275866e-05  +3.630309e-14  +1.610852e-33  +3.688156e-63 
+4.049518e-197  +6.525697e-139  +1.460456e-91  +4.539299e-55  +1.980949e-29  +1.015252e-12  +6.710978e-05  +1.929866e-04  +1.751848e-04  +1.241577e-04  +2.184294e-04  +2.417862e-04  +1.440911e-04  +4.925789e-05  +9.604338e-05  +3.908859e-04  +2.458129e-04  +2.202180e-04  +4.369350e-04  +3.153519e-04  +4.383522e-04  +3.398273e-04  +1.831961e-04  +8.719315e-05  +3.409819e-04  +2.569359e-04  +1.891563e-04  +2.412273e-04  +1.814957e-05  +3.011886e-13  +6.954380e-32  +2.230059e-61 
+7.569323e-180  +2.246453e-126  +9.408696e-84  +4.655177e-49  +2.010796e-23  +1.209439e-08  +1.026346e-04  +1.911345e-04  +1.915280e-04  +1.612591e-04  +2.379686e-04  +1.585301e-04  +1.009382e-04  +1.911756e-04  +3.766615e-04  +1.957586e-04  +2.972890e-04  +4.172002e-04  +3.600208e-04  +2.244562e-04  +2.445891e-04  +4.336791e-04  +4.195768e-04  +2.885282e-04  +2.296301e-04  +1.298061e-04  +9.595149e-05  +1.669407e-06  +2.306770e-14  +2.616751e-22  +6.042023e-41  +1.937494e-70 
+6.023318e-167  +1.787623e-113  +7.368077e-71  +4.217647e-39  +3.352930e-18  +3.804554e-08  +7.097434e-05  +1.921896e-04  +6.068391e-04  +1.508160e-04  +2.276577e-04  +3.379670e-04  +1.829330e-04  +1.623267e-06  +4.613105e-05  +3.092010e-04  +5.209368e-04  +8.043936e-05  +4.104109e-04  +3.573596e-04  +4.174527e-04  +3.342933e-04  +2.071215e-04  +3.416112e-04  +2.195569e-04  +6.860805e-05  +1.410694e-04  +1.501077e-08  +2.647752e-23  +3.157434e-42  +7.290281e-61  +2.337772e-90 
+6.656600e-165  +1.975572e-111  +8.142832e-69  +4.662511e-37  +3.738143e-16  +5.131297e-06  +1.176999e-05  +3.603120e-05  +1.129411e-04  +2.680485e-04  +2.090936e-04  +5.441469e-05  +1.709583e-04  +8.613175e-06  +1.564055e-04  +5.469406e-05  +3.281171e-04  +1.263092e-04  +3.116821e-04  +1.900771e-04  +1.869156e-04  +3.862783e-04  +1.536445e-04  +2.379969e-04  +7.025896e-05  +9.911623e-05  +1.265206e-06  +1.898123e-13  +3.522649e-28  +9.079398e-54  +3.372166e-90  +3.917437e-121 
+1.050711e-173  +5.516776e-120  +3.076455e-76  +4.876293e-43  +1.115642e-20  +3.549707e-09  +9.586085e-07  +1.345321e-04  +1.497065e-04  +1.847682e-04  +3.779272e-04  +1.122075e-04  +5.859149e-07  +5.269277e-05  +1.769171e-04  +2.083545e-04  +8.662656e-05  +4.146367e-04  +2.305254e-04  +1.758581e-04  +3.351249e-04  +1.573358e-04  +2.152532e-04  +1.433989e-04  +2.164168e-05  +2.510636e-07  +9.548038e-12  +8.278630e-24  +7.073517e-44  +1.820590e-69  +6.516874e-106  +3.239697e-153 
+1.376642e-188  +1.177473e-133  +1.398703e-89  +2.307480e-56  +5.286745e-34  +1.682305e-22  +1.197505e-14  +3.019621e-10  +3.746537e-11  +1.216640e-05  +7.003556e-05  +3.413878e-05  +3.250869e-05  +1.551377e-06  +1.315160e-09  +5.954677e-05  +6.707498e-05  +1.383730e-06  +4.340543e-05  +6.532501e-05  +3.631294e-04  +2.220470e-05  +1.129206e-05  +3.122451e-05  +3.507694e-05  +3.366574e-07  +6.291438e-20  +8.942595e-40  +1.076630e-62  +6.870453e-96  +1.814820e-132  +9.021912e-180 
+9.060202e-213  +7.749515e-158  +9.205536e-114  +1.518664e-80  +3.479462e-58  +5.889049e-46  +3.153289e-32  +1.950015e-16  +2.499012e-07  +1.819772e-04  +2.442257e-05  +5.537400e-10  +3.006522e-14  +1.208499e-16  +5.330764e-20  +1.247441e-11  +2.156770e-11  +8.447614e-18  +3.241113e-08  +8.231289e-05  +7.967290e-05  +3.687413e-04  +2.438693e-05  +8.002157e-05  +5.615528e-05  +2.040688e-08  +4.187949e-21  +1.193665e-44  +4.724999e-79  +2.960301e-123  +6.342247e-168  +3.489241e-217 
+8.281319e-248  +7.083308e-193  +8.414159e-149  +3.704157e-115  +7.256242e-74  +3.157284e-43  +1.907898e-23  +8.468711e-12  +1.979330e-05  +4.426035e-05  +9.540077e-12  +7.820886e-22  +4.305199e-34  +1.982483e-37  +1.179255e-38  +4.446903e-28  +8.197055e-28  +1.837995e-31  +2.623743e-17  +1.004094e-09  +3.063217e-07  +9.643742e-06  +7.336242e-07  +3.090159e-05  +3.071809e-07  +9.664838e-15  +5.622097e-32  +1.467983e-55  +5.810857e-90  +3.194459e-135  +2.438890e-191  +2.590195e-258 
+1.054825e-293  +4.201114e-222  +6.824213e-159  +1.539496e-106  +4.823281e-65  +2.098671e-34  +1.268190e-14  +1.064311e-05  +1.197531e-04  +8.195324e-09  +6.289390e-18  +8.599186e-38  +5.170976e-60  +6.205767e-69  +1.804435e-66  +2.359145e-55  +4.350572e-55  +1.650542e-51  +4.254230e-33  +1.955152e-24  +4.936472e-20  +7.098135e-15  +6.008878e-15  +8.959309e-14  +6.305883e-19  +1.586745e-27  +7.744315e-46  +5.274748e-75  +9.929629e-112  +5.455994e-157  +4.165517e-213  +4.416741e-280 
+3.315760e-298  +3.878227e-224  +6.299721e-161  +1.421174e-108  +4.452575e-67  +1.937373e-36  +1.170720e-16  +9.824961e-08  +4.863455e-09  +3.833709e-14  +5.516578e-30  +3.417836e-52  +5.973386e-83  +6.674778e-111  +1.309693e-104  +1.738931e-93  +3.206826e-93  +3.694037e-78  +9.820435e-60  +7.605532e-49  +2.443963e-43  +7.651619e-35  +7.665522e-34  +1.118347e-32  +1.523628e-39  +3.622911e-51  +1.765749e-69  +1.196956e-98  +1.126851e-138  +2.767461e-189  +9.880632e-246  +1.047651e-312 
+4.250987e-311  +4.972101e-237  +8.076589e-174  +1.822023e-121  +5.708446e-80  +2.483818e-49  +1.500927e-29  +1.259614e-20  +1.484379e-22  +1.679223e-29  +2.404447e-45  +4.781480e-72  +3.714937e-108  +8.696500e-150  +1.340586e-153  +1.780121e-142  +3.288972e-142  +1.183218e-115  +3.654769e-97  +4.493421e-84  +1.669221e-74  +1.145533e-65  +1.371078e-63  +2.000840e-62  +5.981102e-71  +2.908257e-85  +5.591299e-104  +3.790200e-133  +3.568202e-173  +4.665249e-224  +8.474323e-286  +0.000000e+00 
+0.000000e+00  +8.852879e-261  +1.438045e-197  +3.244133e-145  +1.016395e-103  +4.422466e-73  +2.672418e-53  +2.242757e-44  +2.614053e-46  +1.021914e-55  +1.462655e-71  +2.908621e-98  +8.032862e-136  +3.153443e-184  +1.905896e-213  +2.530780e-202  +2.752079e-193  +5.263464e-164  +4.309666e-144  +3.850244e-130  +3.469540e-116  +2.381770e-107  +3.408535e-104  +4.974441e-103  +1.292044e-112  +8.976308e-128  +2.459258e-149  +1.666801e-178  +1.569175e-218  +2.051619e-269  +0.000000e+00  +0.000000e+00 
+0.000000e+00  +2.189108e-295  +3.555946e-232  +8.021973e-180  +2.513305e-138  +1.093571e-107  +6.608257e-88  +5.545807e-79  +6.463690e-81  +9.676016e-93  +1.235681e-108  +2.457263e-135  +6.786329e-173  +2.602892e-221  +1.386890e-280  +4.996861e-273  +1.700201e-252  +3.259197e-223  +4.716993e-201  +5.974180e-187  +1.001848e-168  +6.877491e-160  +1.176902e-155  +1.717590e-154  +3.501326e-164  +6.343023e-181  +1.780153e-205  +1.017990e-234  +9.583650e-275  +0.000000e+00  +0.000000e+00  +0.000000e+00 
+0.000000e+00  +0.000000e+00  +1.221169e-277  +2.754874e-225  +8.631090e-184  +3.755498e-153  +2.269381e-133  +1.904519e-124  +2.219734e-126  +3.694231e-139  +1.449804e-156  +2.883064e-183  +7.962281e-221  +3.053927e-269  +0.000000e+00  +0.000000e+00  +1.482197e-322  +3.973277e-293  +7.407921e-269  +8.151601e-252  +4.017632e-232  +2.758025e-223  +5.643563e-218  +8.236310e-217  +1.669557e-226  +6.273482e-245  +2.746161e-270  +8.634746e-302  +0.000000e+00  +0.000000e+00  +0.000000e+00  +0.000000e+00 
+0.000000e+00  +0.000000e+00  +0.000000e+00  +1.313894e-281  +4.116462e-240  +1.791126e-209  +1.082345e-189  +9.083302e-181  +1.058667e-182  +1.713780e-195  +2.362764e-215  +4.697803e-242  +1.297412e-279  +0.000000e+00  +0.000000e+00  +0.000000e+00  +0.000000e+00  +0.000000e+00  +0.000000e+00  +0.000000e+00  +2.237568e-306  +1.536050e-297  +3.758413e-291  +5.485091e-290  +1.111737e-299  +1.161894e-319  +0.000000e+00  +0.000000e+00  +0.000000e+00  +0.000000e+00  +0.000000e+00  +0.000000e+00 
+0.000000e+00  +0.000000e+00  +0.000000e+00  +0.000000e+00  +2.726595e-307  +1.186376e-276  +7.169062e-257  +6.016448e-248  +7.012226e-250  +1.135036e-262  +5.601142e-285  +1.063098e-311  +0.000000e+00  +0.000000e+00  +0.000000e+00  +0.000000e+00  +0.000000e+00  +0.000000e+00  +0.000000e+00  +0.000000e+00  +0.000000e+00  +0.000000e+00  +0.000000e+00  +0.000000e+00  +0.000000e+00  +0.000000e+00  +0.000000e+00  +0.000000e+00  +0.000000e+00  +0.000000e+00  +0.000000e+00  +0.000000e+00 
