+0.000000e+00  +0.000000e+00  +0.000000e+00  +0.000000e+00  +0.000000e+00  +0.000000e+00  +0.000000e+00  +0.000000e+00  +0.000000e+00  +0.000000e+00  +0.000000e+00  +0.000000e+00  +0.000000e+00  +0.000000e+00  +0.000000e+00  +0.000000e+00  +0.000000e+00  +0.000000e+00  +0.000000e+00  +0.000000e+00  +0.000000e+00  +0.000000e+00  +0.000000e+00  +0.000000e+00  +0.000000e+00  +0.000000e+00  +0.000000e+00  +0.000000e+00  +0.000000e+00  +0.000000e+00  +0.000000e+00  +0.000000e+00 
+0.000000e+00  +0.000000e+00  +0.000000e+00  +0.000000e+00  +0.000000e+00  +0.000000e+00  +0.000000e+00  +0.000000e+00  +0.000000e+00  +0.000000e+00  +0.000000e+00  +6.495472e-309  +1.353277e-289  +3.917887e-281  +1.575271e-283  +8.796227e-297  +6.823047e-321  +0.000000e+00  +5.237096e-321  +3.458460e-323  +1.976263e-323  +0.000000e+00  +0.000000e+00  +0.000000e+00  +0.000000e+00  +0.000000e+00  +0.000000e+00  +0.000000e+00  +0.000000e+00  +0.000000e+00  +0.000000e+00  +0.000000e+00 
+0.000000e+00  +0.000000e+00  +0.000000e+00  +0.000000e+00  +0.000000e+00  +0.000000e+00  +0.000000e+00  +0.000000e+00  +3.674774e-306  +7.821094e-285  +9.637134e-261  +7.402338e-237  +1.359512e-217  +3.935940e-209  +1.582529e-211  +8.836759e-225  +6.855949e-249  +2.867245e-252  +1.306608e-243  +8.437416e-246  +1.095735e-245  +6.098571e-250  +4.736439e-265  +5.108740e-291  +0.000000e+00  +0.000000e+00  +0.000000e+00  +0.000000e+00  +0.000000e+00  +0.000000e+00  +0.000000e+00  +0.000000e+00 
+0.000000e+00  +0.000000e+00  +0.000000e+00  +0.000000e+00  +0.000000e+00  +0.000000e+00  +8.819411e-298  +2.701124e-260  +1.159729e-233  +4.362499e-214  +1.564174e-194  +2.955247e-174  +1.896788e-156  +5.491400e-148  +2.207935e-150  +1.232899e-163  +1.042320e-184  +9.938818e-186  +4.529133e-177  +3.046428e-179  +9.029276e-179  +5.018301e-183  +3.897451e-198  +4.203804e-224  +6.297124e-261  +5.825722e-304  +0.000000e+00  +0.000000e+00  +0.000000e+00  +0.000000e+00  +0.000000e+00  +0.000000e+00 
+0.000000e+00  +0.000000e+00  +0.000000e+00  +0.000000e+00  +0.000000e+00  +1.597172e-279  +6.049196e-236  +1.851303e-198  +7.875658e-172  +4.911120e-154  +1.903241e-138  +1.294054e-121  +3.677292e-106  +1.064034e-97  +4.278178e-100  +2.388912e-113  +4.885376e-128  +4.784566e-130  +2.180333e-121  +1.647525e-123  +1.033768e-122  +5.734866e-127  +4.453969e-142  +4.804067e-168  +7.208840e-205  +2.340377e-236  +6.087900e-276  +0.000000e+00  +0.000000e+00  +0.000000e+00  +0.000000e+00  +0.000000e+00 
+0.000000e+00  +0.000000e+00  +0.000000e+00  +0.000000e+00  +4.277426e-274  +8.730613e-223  +2.480581e-182  +1.762182e-147  +7.495356e-121  +1.196283e-104  +3.729690e-93  +1.144697e-79  +1.115328e-66  +2.863295e-58  +1.151249e-60  +6.428517e-74  +3.182960e-82  +3.198816e-85  +1.457702e-76  +1.475081e-78  +1.644638e-77  +9.101811e-82  +7.068898e-97  +7.624539e-123  +6.971523e-151  +1.305779e-179  +3.396654e-219  +1.227075e-269  +0.000000e+00  +0.000000e+00  +0.000000e+00  +0.000000e+00 
+0.000000e+00  +0.000000e+00  +0.000000e+00  +2.209514e-290  +3.247289e-228  +6.628011e-177  +1.878812e-136  +9.725889e-107  +9.908320e-81  +6.015130e-65  +9.317867e-56  +7.839551e-46  +1.137375e-36  +1.070078e-29  +4.302469e-32  +5.050730e-45  +2.880066e-47  +2.970780e-51  +1.353490e-42  +2.440755e-44  +3.636350e-43  +2.006182e-47  +1.558096e-62  +4.936144e-87  +5.401913e-105  +1.011792e-133  +2.631922e-173  +9.508078e-224  +4.770351e-285  +0.000000e+00  +0.000000e+00  +0.000000e+00 
+0.000000e+00  +0.000000e+00  +1.327049e-306  +2.329555e-255  +3.423713e-193  +6.988107e-142  +1.980887e-101  +7.798268e-72  +1.861695e-51  +1.075037e-35  +2.729662e-28  +2.560561e-22  +1.331897e-16  +5.556814e-12  +2.233135e-14  +3.560981e-21  +3.619191e-23  +4.028877e-28  +1.746520e-19  +7.412420e-21  +1.117634e-19  +6.141167e-24  +4.811367e-39  +4.311075e-52  +5.813093e-70  +1.088807e-98  +2.832258e-138  +1.023183e-188  +6.479868e-250  +1.375246e-317  +0.000000e+00  +0.000000e+00 
+7.437812e-319  +4.049138e-273  +3.061389e-238  +2.617946e-204  +5.013946e-169  +1.023232e-117  +2.900510e-77  +1.141859e-47  +6.243395e-29  +2.740253e-17  +1.350567e-11  +2.955290e-09  +4.126252e-07  +4.488494e-05  +1.129791e-06  +8.630984e-08  +6.316255e-10  +3.858906e-12  +3.361600e-07  +3.688633e-08  +4.776306e-07  +2.660530e-11  +6.491320e-20  +6.441736e-28  +8.687704e-46  +1.627230e-74  +4.550534e-114  +1.682610e-160  +1.237365e-216  +1.263834e-283  +0.000000e+00  +0.000000e+00 
+1.979250e-259  +1.077500e-213  +8.146516e-179  +1.225364e-154  +1.008264e-123  +4.410278e-103  +5.920996e-64  +2.325474e-34  +1.271025e-15  +9.745712e-08  +8.608235e-05  +1.428795e-04  +1.210865e-04  +5.098757e-05  +1.091624e-04  +7.979593e-05  +9.473695e-07  +2.045149e-05  +7.952516e-05  +9.162085e-05  +4.258858e-05  +9.431587e-06  +1.421250e-07  +1.337353e-14  +1.841923e-32  +1.063767e-57  +4.054962e-92  +2.147350e-137  +1.579271e-193  +1.613053e-260  +0.000000e+00  +0.000000e+00 
+7.314645e-211  +3.982080e-165  +3.010680e-130  +3.161746e-106  +1.813653e-85  +7.489694e-65  +4.028949e-53  +1.660083e-28  +1.181481e-11  +1.085610e-04  +1.718624e-04  +3.403572e-05  +2.165983e-04  +1.884359e-04  +2.982545e-04  +3.769184e-04  +3.754733e-04  +1.436818e-04  +8.051722e-05  +1.816264e-04  +1.755839e-04  +1.360234e-04  +1.018318e-04  +3.476588e-09  +6.865393e-22  +1.884975e-45  +7.187594e-80  +3.806270e-125  +2.799326e-181  +2.859207e-248  +0.000000e+00  +0.000000e+00 
+3.754256e-173  +2.043810e-127  +1.545238e-92  +1.622513e-68  +6.782171e-55  +1.871016e-37  +1.073526e-27  +3.342546e-19  +1.224678e-08  +2.828473e-05  +2.539783e-04  +1.946307e-04  +3.880241e-04  +2.397550e-04  +4.792257e-04  +2.126184e-04  +3.114725e-04  +2.073234e-04  +2.358539e-04  +3.489035e-04  +2.234126e-05  +5.483579e-05  +1.343540e-04  +8.758457e-08  +1.749898e-20  +1.923113e-43  +4.966900e-76  +2.331632e-119  +1.525417e-173  +4.150034e-234  +3.140323e-275  +0.000000e+00 
+2.676039e-146  +1.456831e-100  +1.101448e-65  +1.156529e-41  +1.700493e-28  +8.161212e-21  +3.722922e-11  +4.939204e-08  +5.063532e-05  +5.970653e-05  +4.904888e-04  +8.500725e-05  +3.721520e-04  +2.367945e-04  +3.714637e-04  +1.530472e-04  +3.409000e-04  +2.283369e-04  +1.992860e-04  +3.967816e-04  +2.250469e-04  +3.757891e-06  +9.956718e-05  +7.588827e-06  +1.151236e-16  +2.791972e-38  +9.467675e-71  +4.460104e-114  +2.289673e-148  +1.247593e-178  +9.440827e-220  +9.921681e-272 
+2.649601e-130  +1.442175e-84  +1.090361e-49  +1.144888e-25  +1.669589e-12  +3.294648e-08  +2.388418e-05  +1.280659e-04  +3.760004e-05  +2.108832e-04  +2.096142e-04  +2.157280e-04  +3.108277e-04  +4.166890e-04  +1.742364e-04  +1.286955e-04  +5.911960e-04  +2.859603e-04  +4.577470e-05  +1.476740e-04  +1.563836e-04  +7.531646e-06  +1.694493e-04  +9.299367e-08  +2.217124e-21  +7.489431e-44  +1.114063e-75  +2.436609e-84  +9.559764e-104  +5.208905e-134  +3.941701e-175  +4.142465e-227 
+1.028822e-120  +1.489157e-76  +3.135540e-43  +2.406444e-20  +2.327526e-07  +6.640585e-05  +5.489563e-05  +9.515440e-05  +8.045913e-05  +1.758471e-04  +3.141343e-04  +1.605164e-04  +2.808621e-04  +2.372499e-04  +6.164916e-04  +3.101023e-04  +3.099248e-04  +2.583970e-04  +2.081494e-04  +2.389034e-04  +3.731034e-04  +9.912362e-05  +1.135633e-04  +1.695999e-10  +7.852376e-27  +2.744098e-44  +5.001227e-42  +1.412854e-50  +5.543177e-70  +3.020355e-100  +2.285574e-141  +2.401986e-193 
+2.956820e-118  +4.274270e-74  +8.580980e-41  +2.392488e-18  +9.264050e-07  +4.981926e-06  +1.362349e-13  +9.025754e-10  +7.188413e-05  +1.376320e-04  +3.064443e-04  +1.167193e-05  +2.438877e-04  +3.129113e-04  +1.031484e-04  +5.260318e-04  +3.106795e-04  +5.179841e-04  +3.809380e-04  +1.186787e-04  +2.205504e-04  +2.778502e-04  +1.617977e-05  +3.182504e-12  +1.097360e-24  +5.480473e-21  +4.027748e-19  +1.137750e-27  +4.463837e-47  +2.432246e-77  +1.840538e-118  +1.934283e-170 
+1.180220e-126  +1.706082e-82  +3.425114e-49  +9.549660e-27  +3.697761e-15  +1.988509e-14  +6.618180e-18  +1.787868e-06  +1.467565e-04  +2.725193e-05  +2.851408e-04  +1.944925e-04  +4.006248e-04  +2.933206e-04  +2.751827e-04  +4.630304e-04  +1.866565e-04  +6.193056e-04  +2.204001e-04  +2.392297e-04  +3.276006e-04  +3.041167e-04  +3.460513e-06  +2.264523e-11  +2.870066e-10  +6.483840e-08  +4.510231e-07  +1.272432e-15  +4.992244e-35  +2.720164e-65  +2.058412e-106  +2.163254e-158 
+6.542430e-146  +9.457494e-102  +1.898677e-68  +5.293757e-46  +2.049816e-34  +1.102310e-33  +1.836425e-25  +5.037778e-14  +1.538318e-10  +3.970334e-07  +1.523512e-04  +2.573388e-06  +9.518001e-05  +4.936057e-04  +3.926811e-04  +5.834105e-04  +4.865052e-04  +3.220890e-04  +2.882166e-04  +1.846961e-04  +1.601287e-04  +1.379583e-04  +1.583915e-06  +2.292203e-05  +3.268478e-05  +2.629885e-05  +7.139526e-06  +1.976334e-14  +7.753919e-34  +4.224940e-64  +3.197111e-105  +3.359951e-157 
+5.036781e-176  +7.280985e-132  +1.461723e-98  +4.075473e-76  +1.578080e-64  +8.522683e-64  +7.077037e-44  +3.197876e-32  +1.533893e-21  +2.087188e-09  +9.956425e-08  +1.605019e-05  +1.269413e-04  +2.894980e-04  +3.959213e-04  +6.086064e-04  +4.197420e-04  +5.059839e-04  +2.418099e-04  +4.407698e-04  +2.547367e-04  +9.673031e-05  +1.244984e-05  +4.858318e-05  +9.806680e-07  +2.630094e-11  +1.979446e-15  +4.263146e-24  +1.672571e-43  +9.113473e-74  +6.896380e-115  +7.247636e-167 
+5.385240e-217  +7.784704e-173  +1.562849e-139  +4.357426e-117  +1.687256e-105  +1.947868e-95  +3.789647e-73  +1.166662e-57  +1.139030e-34  +1.548683e-22  +1.506841e-14  +1.182765e-06  +1.269549e-04  +1.792537e-04  +1.497825e-04  +2.712634e-04  +4.781008e-04  +5.230229e-04  +2.360590e-04  +3.385437e-04  +3.458877e-04  +1.185844e-04  +2.714074e-05  +7.982307e-09  +1.294174e-11  +6.199478e-24  +2.590532e-35  +1.277405e-44  +5.010557e-64  +2.730142e-94  +2.065963e-135  +2.171190e-187 
+7.996409e-269  +1.155931e-224  +2.320636e-191  +6.470233e-169  +2.505364e-157  +1.447799e-135  +2.898967e-113  +1.200040e-81  +1.174669e-58  +9.927871e-34  +4.481465e-14  +2.879523e-05  +2.286864e-04  +2.470739e-04  +2.664314e-04  +4.091053e-04  +5.150880e-04  +2.688437e-04  +5.641126e-04  +4.716581e-04  +2.243338e-04  +3.876219e-07  +9.267050e-12  +1.181492e-18  +1.600198e-26  +7.600683e-40  +1.413307e-62  +5.332617e-76  +2.084613e-95  +1.135859e-125  +8.595316e-167  +9.033105e-219 
+0.000000e+00  +2.383745e-287  +4.785583e-254  +1.334282e-231  +1.584074e-219  +1.494525e-186  +2.438553e-150  +7.807709e-113  +3.811129e-71  +6.404725e-39  +2.922345e-17  +2.777248e-06  +1.198574e-04  +6.067541e-05  +1.364526e-04  +2.530372e-04  +4.749612e-04  +3.563753e-04  +2.654037e-04  +7.821531e-05  +6.321725e-05  +6.247839e-14  +7.796817e-28  +1.164151e-38  +2.861170e-52  +1.305183e-65  +8.609710e-90  +3.239465e-118  +1.204492e-137  +6.562992e-168  +4.966370e-209  +5.219325e-261 
+0.000000e+00  +0.000000e+00  +0.000000e+00  +3.821322e-305  +1.530242e-281  +9.585341e-241  +3.441475e-178  +5.923282e-124  +1.437169e-80  +5.762742e-48  +8.697604e-26  +5.669749e-14  +3.349013e-06  +5.375457e-05  +1.080442e-04  +1.339475e-04  +3.443315e-05  +2.350135e-04  +7.874822e-05  +8.313775e-05  +1.058037e-06  +1.228208e-15  +2.828138e-35  +9.959471e-66  +1.323326e-84  +3.112637e-102  +2.053267e-126  +1.881050e-161  +9.665764e-191  +5.266439e-221  +3.985238e-262  +4.188220e-314 
+0.000000e+00  +0.000000e+00  +0.000000e+00  +0.000000e+00  +0.000000e+00  +3.460372e-263  +4.309709e-198  +7.945143e-144  +3.569153e-100  +8.482334e-67  +4.892383e-44  +2.299577e-23  +9.957550e-12  +1.148872e-10  +3.054482e-09  +9.763433e-05  +4.433125e-07  +1.241914e-04  +5.654183e-05  +2.577661e-08  +8.059279e-15  +4.304785e-27  +7.699390e-47  +2.464545e-77  +1.095637e-118  +1.034316e-149  +6.800490e-174  +6.230102e-209  +1.870493e-254  +5.869083e-285  +0.000000e+00  +0.000000e+00 
+0.000000e+00  +0.000000e+00  +0.000000e+00  +0.000000e+00  +0.000000e+00  +6.157492e-294  +1.001436e-228  +7.128485e-174  +1.870325e-129  +2.855649e-95  +4.605912e-62  +1.436429e-39  +6.221439e-28  +4.783777e-27  +1.043515e-16  +8.572327e-12  +2.013830e-15  +2.311130e-11  +1.135686e-12  +1.893338e-19  +6.103951e-32  +4.839926e-46  +3.712896e-69  +9.318311e-100  +4.142464e-141  +2.557566e-193  +3.128045e-232  +2.865681e-267  +3.646035e-313  +0.000000e+00  +0.000000e+00  +0.000000e+00 
+0.000000e+00  +0.000000e+00  +0.000000e+00  +0.000000e+00  +0.000000e+00  +0.000000e+00  +3.829281e-269  +8.296621e-214  +1.103303e-166  +1.779766e-122  +3.996626e-89  +1.246414e-66  +5.398447e-55  +2.167454e-50  +1.281854e-34  +1.053018e-29  +5.149178e-33  +9.156710e-29  +6.813556e-30  +8.917483e-39  +6.054613e-55  +3.408847e-75  +5.606328e-99  +6.182849e-133  +2.175188e-174  +1.342940e-226  +1.151497e-289  +0.000000e+00  +0.000000e+00  +0.000000e+00  +0.000000e+00  +0.000000e+00 
+0.000000e+00  +0.000000e+00  +0.000000e+00  +0.000000e+00  +0.000000e+00  +0.000000e+00  +7.168893e-320  +1.139298e-259  +1.326435e-204  +2.144760e-160  +4.816255e-127  +1.502028e-104  +6.505561e-93  +3.697065e-79  +2.186837e-63  +1.796444e-58  +1.860171e-61  +6.436956e-57  +6.771762e-58  +7.815702e-69  +8.219321e-86  +3.263764e-111  +5.440396e-139  +1.252549e-173  +1.986463e-218  +9.793375e-271  +0.000000e+00  +0.000000e+00  +0.000000e+00  +0.000000e+00  +0.000000e+00  +0.000000e+00 
+0.000000e+00  +0.000000e+00  +0.000000e+00  +0.000000e+00  +0.000000e+00  +0.000000e+00  +0.000000e+00  +1.906712e-308  +2.219933e-253  +3.589489e-209  +8.060526e-176  +2.513808e-153  +1.088982e-141  +8.759370e-119  +5.181222e-103  +4.256273e-98  +9.338830e-101  +7.552949e-96  +9.360184e-97  +1.859498e-108  +8.351555e-127  +1.515666e-154  +4.873009e-189  +1.688018e-224  +5.397426e-270  +0.000000e+00  +0.000000e+00  +0.000000e+00  +0.000000e+00  +0.000000e+00  +0.000000e+00  +0.000000e+00 
+0.000000e+00  +0.000000e+00  +0.000000e+00  +0.000000e+00  +0.000000e+00  +0.000000e+00  +0.000000e+00  +0.000000e+00  +5.159787e-313  +8.343044e-269  +1.873507e-235  +5.842839e-213  +6.767166e-196  +2.882216e-169  +1.704849e-153  +1.400500e-148  +6.513391e-151  +1.356112e-145  +1.796841e-146  +3.443312e-158  +1.188453e-178  +2.063591e-206  +1.462860e-244  +3.170422e-286  +0.000000e+00  +0.000000e+00  +0.000000e+00  +0.000000e+00  +0.000000e+00  +0.000000e+00  +0.000000e+00  +0.000000e+00 
+0.000000e+00  +0.000000e+00  +0.000000e+00  +0.000000e+00  +0.000000e+00  +0.000000e+00  +0.000000e+00  +0.000000e+00  +0.000000e+00  +0.000000e+00  +6.047628e-306  +1.886052e-283  +3.092408e-257  +1.317098e-230  +7.790719e-215  +6.399924e-210  +6.310048e-212  +3.524541e-206  +4.790412e-207  +9.177460e-219  +4.754600e-241  +4.047060e-269  +9.838124e-308  +0.000000e+00  +0.000000e+00  +0.000000e+00  +0.000000e+00  +0.000000e+00  +0.000000e+00  +0.000000e+00  +0.000000e+00  +0.000000e+00 
+0.000000e+00  +0.000000e+00  +0.000000e+00  +0.000000e+00  +0.000000e+00  +0.000000e+00  +0.000000e+00  +0.000000e+00  +0.000000e+00  +0.000000e+00  +0.000000e+00  +0.000000e+00  +0.000000e+00  +8.358874e-303  +4.944326e-287  +4.061668e-282  +8.490879e-284  +1.292751e-277  +1.773675e-278  +3.397996e-290  +9.103849e-313  +0.000000e+00  +0.000000e+00  +0.000000e+00  +0.000000e+00  +0.000000e+00  +0.000000e+00  +0.000000e+00  +0.000000e+00  +0.000000e+00  +0.000000e+00  +0.000000e+00 
+0.000000e+00  +0.000000e+00  +0.000000e+00  +0.000000e+00  +0.000000e+00  +0.000000e+00  +0.000000e+00  +0.000000e+00  +0.000000e+00  +0.000000e+00  +0.000000e+00  +0.000000e+00  +0.000000e+00  +0.000000e+00  +0.000000e+00  +0.000000e+00  +0.000000e+00  +0.000000e+00  +0.000000e+00  +0.000000e+00  +0.000000e+00  +0.000000e+00  +0.000000e+00  +0.000000e+00  +0.000000e+00  +0.000000e+00  +0.000000e+00  +0.000000e+00  +0.000000e+00  +0.000000e+00  +0.000000e+00  +0.000000e+00 
