+0.000000e+00  +0.000000e+00  +0.000000e+00  +0.000000e+00  +0.000000e+00  +0.000000e+00  +0.000000e+00  +4.328359e-312  +1.206724e-303  +4.672296e-306  +2.512423e-319  +0.000000e+00  +0.000000e+00  +0.000000e+00  +0.000000e+00  +0.000000e+00  +0.000000e+00  +0.000000e+00  +0.000000e+00  +0.000000e+00  +0.000000e+00  +0.000000e+00  +0.000000e+00  +0.000000e+00  +0.000000e+00  +0.000000e+00  +0.000000e+00  +0.000000e+00  +0.000000e+00  +0.000000e+00  +0.000000e+00  +0.000000e+00 
+0.000000e+00  +0.000000e+00  +0.000000e+00  +0.000000e+00  +0.000000e+00  +1.866379e-286  +2.697792e-256  +5.415706e-237  +1.509870e-228  +5.846044e-231  +3.143566e-244  +2.347583e-268  +2.434766e-303  +0.000000e+00  +0.000000e+00  +0.000000e+00  +0.000000e+00  +0.000000e+00  +0.000000e+00  +0.000000e+00  +5.394974e-309  +1.131866e-287  +5.949559e-274  +1.774147e-265  +7.351547e-268  +4.230638e-281  +3.381201e-305  +0.000000e+00  +0.000000e+00  +0.000000e+00  +0.000000e+00  +0.000000e+00 
+0.000000e+00  +0.000000e+00  +0.000000e+00  +4.157824e-315  +3.116010e-263  +3.243169e-222  +4.687898e-192  +9.410761e-173  +2.623671e-164  +1.015855e-166  +5.462510e-180  +4.079347e-204  +4.230844e-239  +6.093984e-285  +0.000000e+00  +0.000000e+00  +0.000000e+00  +0.000000e+00  +1.001204e-298  +1.877916e-262  +6.051762e-237  +2.489991e-216  +3.609229e-204  +1.054728e-195  +4.370485e-198  +2.515108e-211  +2.010119e-235  +2.231130e-270  +3.503056e-316  +0.000000e+00  +0.000000e+00  +0.000000e+00 
+0.000000e+00  +0.000000e+00  +0.000000e+00  +1.003399e-261  +7.519804e-210  +7.826673e-169  +1.131321e-138  +2.271080e-119  +6.331651e-111  +2.451543e-113  +1.318256e-126  +9.844605e-151  +1.021021e-185  +1.470649e-231  +2.941855e-288  +0.000000e+00  +8.243999e-286  +2.273369e-257  +5.569625e-236  +1.044505e-199  +2.724379e-174  +7.608428e-156  +5.186538e-145  +8.708217e-137  +3.608431e-139  +2.076565e-152  +1.659627e-176  +1.844678e-211  +7.045285e-255  +2.654149e-306  +0.000000e+00  +0.000000e+00 
+0.000000e+00  +0.000000e+00  +6.341406e-282  +3.362972e-219  +2.520299e-167  +2.623148e-126  +3.791678e-96  +7.611636e-77  +2.122084e-68  +8.216466e-71  +4.418201e-84  +3.299468e-108  +3.422002e-143  +4.928952e-189  +9.859771e-246  +4.080814e-260  +8.102906e-221  +2.234461e-192  +8.557417e-175  +8.068332e-148  +2.101733e-122  +3.303919e-106  +9.957565e-96  +9.985183e-89  +4.137568e-91  +2.381071e-104  +1.903194e-128  +4.147023e-162  +1.071953e-202  +4.054680e-254  +2.129979e-316  +0.000000e+00 
+0.000000e+00  +2.978795e-281  +2.813496e-245  +1.377740e-186  +1.177797e-135  +1.220976e-94  +1.764879e-64  +3.542922e-45  +9.877479e-37  +3.824447e-39  +2.056502e-52  +1.535775e-76  +1.592809e-111  +2.294236e-157  +4.589342e-214  +5.570416e-206  +1.106068e-166  +3.050097e-138  +1.168109e-120  +8.698763e-107  +2.254683e-81  +1.005881e-66  +5.675861e-57  +1.590089e-51  +6.588854e-54  +3.791757e-67  +7.288352e-91  +8.350336e-121  +2.274285e-161  +8.602520e-213  +4.519022e-275  +0.000000e+00 
+7.156043e-268  +4.103721e-221  +3.268291e-185  +1.045019e-159  +2.628929e-111  +2.192705e-73  +1.141912e-43  +2.290252e-24  +6.385099e-16  +2.472237e-18  +1.329384e-31  +9.927708e-56  +1.029640e-90  +1.483063e-136  +5.118356e-160  +8.835517e-152  +2.096817e-123  +5.782190e-95  +2.214432e-77  +1.177819e-70  +3.372015e-51  +1.216799e-36  +4.641378e-29  +3.516809e-25  +1.457179e-27  +9.274946e-41  +1.254669e-60  +2.460420e-90  +6.701192e-131  +2.534736e-182  +1.331532e-244  +9.714225e-318 
+1.369141e-218  +7.851507e-172  +6.253107e-136  +6.916345e-111  +2.218766e-95  +1.090925e-57  +8.100620e-31  +2.889355e-14  +5.733468e-06  +2.219472e-08  +1.193466e-21  +8.912683e-46  +9.283462e-81  +2.008685e-102  +5.525989e-109  +9.539190e-101  +5.520484e-91  +1.522331e-62  +5.830141e-45  +3.100894e-38  +8.023769e-31  +2.522073e-17  +5.400729e-12  +1.085091e-09  +4.517759e-12  +3.641092e-22  +5.133943e-41  +1.006826e-70  +2.742187e-111  +1.037237e-162  +5.448746e-225  +3.975147e-298 
+3.638625e-180  +2.086249e-133  +1.661533e-97  +1.837764e-72  +2.822985e-58  +3.089289e-45  +5.781265e-25  +1.005382e-09  +1.301877e-04  +3.022928e-09  +1.488086e-22  +6.308543e-40  +1.160589e-49  +5.863757e-69  +8.285745e-69  +1.430306e-60  +3.430256e-63  +5.566264e-41  +2.131737e-23  +1.133813e-16  +2.364121e-15  +7.381825e-08  +4.477948e-05  +1.369893e-04  +2.375563e-05  +2.067626e-13  +2.917654e-32  +5.721862e-62  +1.558404e-102  +5.894689e-154  +3.096561e-216  +2.259104e-289 
+6.490109e-151  +8.044411e-106  +6.131667e-70  +6.781736e-45  +1.041741e-30  +2.222434e-27  +2.649998e-15  +3.543785e-06  +4.520644e-05  +7.871135e-08  +2.548725e-15  +1.540540e-18  +4.705197e-27  +2.377268e-46  +1.773645e-39  +2.978410e-31  +7.145236e-34  +1.758906e-28  +1.082595e-12  +5.759782e-06  +3.917393e-06  +4.661034e-05  +2.393398e-04  +1.362869e-04  +8.217466e-07  +1.631993e-15  +2.302792e-34  +4.516046e-64  +1.229989e-104  +4.652451e-156  +2.443996e-218  +1.783024e-291 
+8.802478e-129  +4.788323e-85  +3.931062e-52  +3.513545e-28  +5.338917e-14  +1.141576e-10  +6.680299e-13  +6.189088e-05  +1.094441e-04  +6.313813e-05  +1.464213e-05  +7.296330e-07  +2.649219e-15  +4.088976e-28  +4.218874e-19  +8.613515e-13  +2.067577e-15  +9.378926e-13  +3.323690e-07  +7.316915e-05  +8.374243e-05  +1.274156e-04  +2.377500e-04  +7.125506e-05  +1.593727e-11  +6.378143e-25  +6.867714e-44  +1.240647e-73  +3.112622e-114  +1.084536e-165  +5.249430e-228  +6.362676e-301 
+1.693065e-117  +9.209080e-74  +6.956600e-41  +7.300669e-19  +1.443333e-07  +9.914057e-05  +4.484946e-07  +1.104570e-05  +5.359043e-05  +2.930612e-05  +3.111062e-04  +2.494197e-05  +2.620614e-14  +2.901242e-11  +5.734465e-08  +3.520602e-05  +2.114001e-07  +7.135758e-05  +2.433166e-05  +6.382691e-05  +1.455865e-04  +2.832758e-04  +3.409504e-04  +9.737828e-05  +3.366285e-06  +2.986063e-14  +3.884056e-33  +7.094517e-63  +6.316446e-102  +6.696538e-150  +1.014221e-208  +2.133322e-278 
+4.522516e-117  +2.459930e-73  +1.858247e-40  +1.949495e-18  +2.850879e-07  +2.042781e-04  +1.150062e-06  +4.173143e-05  +3.714450e-04  +4.316659e-05  +1.335099e-04  +1.025035e-05  +5.773868e-08  +2.868349e-05  +8.249649e-05  +1.714581e-04  +1.214609e-04  +7.759781e-05  +1.629547e-04  +2.096609e-04  +3.467566e-04  +3.636118e-04  +2.523673e-04  +2.950646e-04  +4.102453e-05  +3.553283e-11  +1.444917e-26  +8.169869e-53  +6.415423e-90  +6.996384e-138  +1.059841e-196  +1.805101e-262 
+1.411465e-113  +1.126812e-70  +1.249312e-38  +1.923661e-17  +4.117796e-07  +1.876286e-04  +1.598382e-04  +3.567089e-04  +2.897228e-04  +1.103906e-04  +6.593987e-05  +1.915053e-04  +5.109623e-05  +7.928342e-05  +1.411144e-04  +1.030138e-04  +1.860533e-04  +2.658119e-04  +3.108732e-04  +6.679816e-04  +2.949182e-04  +3.364040e-04  +4.241662e-04  +2.582715e-04  +2.584526e-05  +5.173647e-10  +7.292017e-25  +1.560304e-48  +6.497904e-83  +6.595147e-127  +6.856830e-168  +1.049932e-219 
+4.147316e-106  +5.262129e-66  +6.918514e-36  +4.921299e-16  +8.778901e-06  +1.592293e-04  +2.246310e-04  +1.549544e-04  +9.467482e-05  +3.809691e-04  +2.616103e-04  +1.156641e-04  +4.110049e-04  +1.818256e-04  +1.340357e-04  +2.010296e-04  +1.617321e-04  +2.427800e-04  +2.025767e-04  +5.204622e-04  +2.677283e-04  +5.391227e-04  +2.303988e-04  +8.390656e-05  +3.940698e-05  +5.139676e-07  +1.123072e-19  +2.116272e-42  +6.328755e-65  +5.024352e-95  +5.539617e-136  +8.482373e-188 
+1.151759e-92  +4.056053e-55  +1.983800e-28  +1.461585e-12  +3.771674e-05  +6.542747e-05  +2.675245e-04  +2.406866e-04  +3.203124e-04  +2.850057e-04  +2.882730e-05  +2.839380e-04  +2.250278e-04  +1.097361e-04  +4.134400e-04  +3.029560e-04  +1.720460e-04  +2.125065e-04  +2.154239e-04  +2.183201e-04  +2.375619e-04  +9.479711e-05  +1.322849e-04  +2.085879e-04  +1.194344e-04  +1.194022e-05  +1.106185e-15  +1.242192e-24  +7.100886e-44  +5.637341e-74  +6.215470e-115  +9.517254e-167 
+5.158963e-90  +1.816789e-52  +8.885558e-26  +6.035355e-10  +6.116058e-05  +6.485617e-06  +1.477497e-04  +1.300189e-04  +2.030976e-04  +2.370676e-04  +2.755374e-04  +3.176891e-04  +4.870292e-04  +3.839686e-04  +3.102949e-04  +1.310836e-04  +2.028234e-04  +8.160705e-05  +1.073843e-04  +3.284200e-04  +2.686060e-04  +8.744729e-05  +1.542088e-04  +6.244289e-05  +2.449678e-04  +2.280805e-05  +4.719587e-06  +1.935624e-14  +1.106483e-33  +8.784288e-64  +9.685148e-105  +1.483009e-156 
+3.209233e-98  +1.130197e-60  +7.166490e-34  +1.322253e-14  +1.486790e-05  +3.367768e-05  +3.513383e-05  +1.492686e-04  +1.117259e-04  +2.189997e-04  +2.559410e-04  +4.434724e-04  +5.314485e-04  +2.026369e-04  +6.661935e-04  +4.601356e-04  +1.752492e-04  +2.114375e-04  +1.834345e-04  +1.620996e-04  +9.749198e-05  +9.177872e-05  +4.241407e-05  +5.473828e-05  +1.130487e-04  +3.539696e-05  +1.226618e-05  +5.261277e-15  +2.421034e-34  +1.942119e-64  +1.501601e-104  +5.949459e-154 
+4.593290e-115  +1.909046e-73  +1.123130e-42  +3.576316e-21  +1.161582e-08  +5.686252e-07  +2.637148e-07  +1.346218e-04  +9.172918e-06  +2.301647e-04  +4.161272e-04  +3.353736e-04  +5.112890e-04  +6.090553e-04  +2.336146e-04  +3.547551e-04  +2.454635e-04  +2.301183e-04  +5.541541e-05  +3.221788e-05  +1.344753e-04  +1.997783e-04  +1.287001e-04  +2.259380e-04  +1.108209e-04  +1.573178e-05  +6.246284e-05  +1.526924e-11  +2.491638e-28  +5.941582e-56  +1.969118e-94  +9.063245e-144 
+4.470198e-134  +2.276926e-90  +3.901628e-56  +9.358632e-33  +3.117582e-20  +2.794039e-14  +2.539559e-05  +1.009641e-04  +2.663708e-11  +4.769010e-08  +2.378571e-05  +2.380857e-04  +2.139426e-04  +5.887079e-04  +3.208143e-05  +2.857778e-04  +1.066173e-04  +2.594593e-04  +1.523625e-04  +3.399229e-05  +1.392715e-04  +8.183868e-05  +3.663453e-04  +2.165376e-05  +7.184413e-05  +2.137002e-04  +4.399671e-05  +3.249748e-12  +5.271491e-29  +1.257699e-56  +4.168220e-95  +1.918504e-144 
+6.770696e-158  +8.420244e-113  +1.454301e-78  +3.488365e-55  +3.658203e-37  +2.020722e-17  +1.550191e-08  +1.742567e-10  +9.225804e-19  +2.457299e-14  +2.892576e-05  +8.993363e-07  +1.706115e-04  +2.017252e-04  +2.515831e-04  +3.057563e-04  +1.328546e-04  +6.723461e-05  +2.364319e-04  +1.568585e-04  +2.556696e-04  +4.813875e-05  +7.248254e-05  +1.534746e-06  +4.500446e-05  +8.988792e-06  +5.560841e-09  +2.462926e-17  +1.515111e-36  +1.331131e-66  +1.378907e-106  +5.642534e-156 
+3.504940e-191  +4.358853e-146  +7.528387e-112  +9.296581e-82  +3.697647e-51  +2.042517e-31  +1.566909e-22  +1.669412e-24  +1.697450e-36  +5.997308e-21  +7.003778e-12  +2.568257e-12  +1.070909e-05  +9.643230e-05  +3.394077e-05  +1.965263e-07  +2.846969e-04  +2.033927e-04  +1.272298e-04  +1.541422e-05  +6.827090e-05  +5.975043e-08  +2.632568e-07  +1.457323e-04  +7.294564e-05  +6.748381e-10  +3.435567e-20  +4.625461e-32  +2.845142e-51  +2.430472e-81  +2.883471e-122  +4.751155e-174 
+2.519800e-235  +3.133703e-190  +4.556757e-148  +1.305029e-106  +5.190657e-76  +2.867230e-56  +2.199584e-47  +2.343456e-49  +2.478734e-58  +2.084039e-38  +2.433776e-29  +1.748702e-22  +1.243667e-13  +5.061805e-08  +2.170084e-08  +1.108155e-11  +4.436854e-05  +1.675537e-04  +1.114627e-04  +4.903455e-07  +9.273965e-05  +3.136540e-05  +6.019640e-05  +1.125824e-04  +3.968679e-08  +4.928198e-19  +3.570861e-35  +2.651960e-56  +7.420713e-77  +6.339171e-107  +7.520682e-148  +1.239139e-199 
+2.515878e-290  +4.307888e-236  +8.883635e-184  +2.544222e-142  +1.011946e-111  +5.589814e-92  +4.288205e-83  +4.568689e-85  +1.196070e-86  +1.005757e-66  +1.175094e-57  +2.096922e-43  +5.570105e-30  +2.010958e-20  +8.660346e-21  +8.265559e-18  +2.347647e-06  +2.353455e-05  +4.364750e-06  +2.479745e-09  +4.435628e-05  +6.395059e-05  +3.899877e-05  +2.834678e-10  +7.460386e-14  +4.395983e-28  +3.884926e-53  +3.650106e-82  +3.047810e-113  +2.296213e-143  +2.724187e-184  +4.488483e-236 
+0.000000e+00  +1.166372e-282  +2.405268e-230  +6.888550e-189  +2.739871e-158  +1.513457e-138  +1.161043e-129  +1.236985e-131  +8.016447e-126  +6.740913e-106  +7.610349e-93  +2.028384e-71  +3.597106e-54  +1.114600e-43  +5.538177e-44  +9.932009e-21  +1.874883e-07  +5.397714e-05  +3.451938e-11  +1.609194e-20  +2.657438e-13  +4.045965e-11  +1.248105e-13  +1.664596e-20  +2.177574e-30  +1.283114e-44  +1.050015e-69  +1.193343e-105  +7.396694e-151  +1.156114e-190  +1.370423e-231  +2.257965e-283 
+0.000000e+00  +0.000000e+00  +9.044287e-288  +2.590232e-246  +1.030246e-215  +5.690901e-196  +4.365753e-187  +4.651309e-189  +7.461829e-176  +6.274543e-156  +1.756929e-134  +2.796573e-109  +2.766807e-88  +8.579726e-78  +8.705085e-51  +1.183360e-26  +2.234081e-13  +5.857592e-11  +2.136306e-19  +4.456687e-38  +1.161500e-30  +4.304448e-28  +5.551399e-33  +7.400980e-40  +2.253569e-57  +5.201335e-72  +4.256427e-97  +4.837416e-133  +7.635187e-180  +1.673925e-237  +9.574421e-290  +0.000000e+00 
+0.000000e+00  +0.000000e+00  +0.000000e+00  +1.352656e-314  +5.380090e-284  +2.971870e-264  +2.279858e-255  +2.428980e-257  +9.645986e-237  +9.845717e-217  +1.719843e-183  +1.324857e-154  +2.957816e-133  +1.471812e-102  +1.440650e-67  +1.958405e-43  +3.697298e-30  +9.694028e-28  +3.529898e-36  +1.785126e-55  +1.702020e-58  +6.360334e-56  +3.756604e-63  +4.569962e-70  +8.464724e-88  +2.928213e-110  +2.396253e-135  +2.723335e-171  +4.298404e-218  +9.422180e-276  +0.000000e+00  +0.000000e+00 
+0.000000e+00  +0.000000e+00  +0.000000e+00  +0.000000e+00  +0.000000e+00  +0.000000e+00  +0.000000e+00  +0.000000e+00  +1.731753e-308  +3.665842e-279  +1.477904e-242  +1.966730e-210  +4.799631e-176  +3.382797e-130  +3.311174e-95  +4.501175e-71  +8.497826e-58  +2.228064e-55  +8.113076e-64  +4.102809e-83  +3.492562e-97  +1.305210e-94  +7.067990e-103  +3.918988e-111  +7.258955e-129  +1.890186e-157  +1.873520e-184  +2.129249e-220  +3.360723e-267  +0.000000e+00  +0.000000e+00  +0.000000e+00 
+0.000000e+00  +0.000000e+00  +0.000000e+00  +0.000000e+00  +0.000000e+00  +0.000000e+00  +0.000000e+00  +0.000000e+00  +0.000000e+00  +0.000000e+00  +2.522338e-309  +3.018837e-271  +1.532037e-214  +1.079785e-168  +1.056923e-133  +1.436770e-109  +2.712497e-96  +7.111957e-94  +2.589685e-102  +1.309612e-121  +9.953742e-147  +3.719794e-144  +1.930954e-152  +4.667380e-163  +8.645167e-181  +2.223881e-209  +2.034411e-244  +2.312011e-280  +0.000000e+00  +0.000000e+00  +0.000000e+00  +0.000000e+00 
+0.000000e+00  +0.000000e+00  +0.000000e+00  +0.000000e+00  +0.000000e+00  +0.000000e+00  +0.000000e+00  +0.000000e+00  +0.000000e+00  +0.000000e+00  +0.000000e+00  +1.338424e-320  +6.791545e-264  +4.786705e-218  +4.685357e-183  +6.369226e-159  +1.202454e-145  +3.152742e-143  +1.148012e-151  +5.805533e-171  +4.077334e-201  +1.472296e-204  +7.641347e-213  +7.719883e-226  +1.429916e-243  +3.678314e-272  +1.314396e-311  +0.000000e+00  +0.000000e+00  +0.000000e+00  +0.000000e+00  +0.000000e+00 
+0.000000e+00  +0.000000e+00  +0.000000e+00  +0.000000e+00  +0.000000e+00  +0.000000e+00  +0.000000e+00  +0.000000e+00  +0.000000e+00  +0.000000e+00  +0.000000e+00  +0.000000e+00  +4.940656e-324  +2.946958e-278  +2.884563e-243  +3.921245e-219  +7.402969e-206  +1.941001e-203  +7.067790e-212  +3.574205e-231  +2.510228e-261  +8.093000e-276  +4.200335e-284  +1.773617e-299  +3.284625e-317  +0.000000e+00  +0.000000e+00  +0.000000e+00  +0.000000e+00  +0.000000e+00  +0.000000e+00  +0.000000e+00 
+0.000000e+00  +0.000000e+00  +0.000000e+00  +0.000000e+00  +0.000000e+00  +0.000000e+00  +0.000000e+00  +0.000000e+00  +0.000000e+00  +0.000000e+00  +0.000000e+00  +0.000000e+00  +0.000000e+00  +0.000000e+00  +2.466353e-314  +3.352735e-290  +6.329671e-277  +1.659591e-274  +6.043087e-283  +3.056009e-302  +0.000000e+00  +0.000000e+00  +0.000000e+00  +0.000000e+00  +0.000000e+00  +0.000000e+00  +0.000000e+00  +0.000000e+00  +0.000000e+00  +0.000000e+00  +0.000000e+00  +0.000000e+00 
