+0.000000e+00  +0.000000e+00  +0.000000e+00  +0.000000e+00  +0.000000e+00  +0.000000e+00  +0.000000e+00  +0.000000e+00  +1.295944e-304  +3.061833e-263  +1.004649e-232  +4.578102e-213  +2.897307e-204  +2.546486e-206  +3.108323e-219  +5.269252e-243  +1.240919e-277  +8.791404e-320  +0.000000e+00  +0.000000e+00  +0.000000e+00  +0.000000e+00  +0.000000e+00  +0.000000e+00  +0.000000e+00  +0.000000e+00  +0.000000e+00  +0.000000e+00  +0.000000e+00  +0.000000e+00  +0.000000e+00  +0.000000e+00 
+0.000000e+00  +0.000000e+00  +0.000000e+00  +0.000000e+00  +0.000000e+00  +0.000000e+00  +0.000000e+00  +1.627008e-296  +2.767878e-244  +6.539462e-203  +2.145730e-172  +9.777911e-153  +6.188067e-144  +5.438785e-146  +6.638757e-159  +1.125408e-182  +1.738564e-216  +3.407428e-255  +1.441960e-262  +1.346841e-278  +1.747164e-305  +0.000000e+00  +0.000000e+00  +0.000000e+00  +0.000000e+00  +0.000000e+00  +0.000000e+00  +0.000000e+00  +0.000000e+00  +0.000000e+00  +0.000000e+00  +0.000000e+00 
+0.000000e+00  +0.000000e+00  +0.000000e+00  +0.000000e+00  +0.000000e+00  +0.000000e+00  +3.939772e-310  +4.826015e-247  +8.210048e-195  +1.939728e-153  +6.364639e-123  +2.900312e-103  +1.835497e-94  +1.613246e-96  +1.969180e-109  +3.385837e-133  +7.885957e-163  +9.825226e-189  +6.595974e-194  +6.160420e-210  +7.991452e-237  +1.439733e-274  +3.458460e-323  +0.000000e+00  +0.000000e+00  +0.000000e+00  +0.000000e+00  +0.000000e+00  +0.000000e+00  +0.000000e+00  +0.000000e+00  +0.000000e+00 
+0.000000e+00  +0.000000e+00  +0.000000e+00  +0.000000e+00  +0.000000e+00  +9.353449e-314  +3.196688e-259  +2.018607e-208  +3.382146e-156  +7.990711e-115  +2.621905e-84  +1.194776e-64  +7.561265e-56  +6.645697e-58  +8.112248e-71  +3.556479e-92  +5.860863e-120  +6.264138e-131  +4.190885e-136  +3.913326e-152  +5.076401e-179  +9.145589e-217  +2.812267e-265  +1.389537e-314  +0.000000e+00  +0.000000e+00  +0.000000e+00  +0.000000e+00  +0.000000e+00  +0.000000e+00  +0.000000e+00  +0.000000e+00 
+0.000000e+00  +0.000000e+00  +0.000000e+00  +0.000000e+00  +0.000000e+00  +2.396461e-263  +8.158259e-209  +3.894775e-165  +1.263549e-126  +4.575048e-87  +1.500921e-56  +6.838753e-37  +4.327567e-28  +3.803271e-30  +7.739418e-43  +3.658168e-60  +6.193461e-88  +5.583882e-84  +3.699561e-89  +3.452476e-105  +4.478419e-132  +8.127344e-170  +1.128262e-209  +1.332877e-255  +3.338488e-288  +0.000000e+00  +0.000000e+00  +0.000000e+00  +0.000000e+00  +0.000000e+00  +0.000000e+00  +0.000000e+00 
+0.000000e+00  +0.000000e+00  +0.000000e+00  +0.000000e+00  +2.846507e-279  +8.828670e-224  +2.902913e-169  +1.372461e-125  +9.258079e-93  +9.790066e-65  +1.233914e-39  +5.543061e-20  +3.493752e-11  +3.079117e-13  +4.466792e-22  +5.256949e-39  +2.445011e-53  +7.043118e-48  +4.540937e-53  +4.230430e-69  +5.488266e-96  +1.766957e-126  +3.378852e-164  +1.510106e-192  +8.623613e-225  +6.842807e-268  +7.559204e-322  +0.000000e+00  +0.000000e+00  +0.000000e+00  +0.000000e+00  +0.000000e+00 
+0.000000e+00  +0.000000e+00  +2.585093e-305  +1.113457e-261  +8.273568e-229  +2.193480e-181  +3.240504e-138  +6.782245e-97  +4.453431e-64  +4.551370e-42  +1.489386e-24  +7.378058e-13  +6.987956e-05  +1.874656e-05  +9.585664e-12  +2.147674e-25  +7.629692e-28  +1.296489e-22  +7.766700e-28  +7.200601e-44  +5.337262e-65  +7.338001e-92  +8.637150e-118  +5.414517e-140  +3.093618e-172  +2.454775e-215  +2.705171e-269  +0.000000e+00  +0.000000e+00  +0.000000e+00  +0.000000e+00  +0.000000e+00 
+0.000000e+00  +2.948104e-282  +7.205383e-240  +5.881538e-203  +4.369963e-170  +1.375411e-147  +3.260102e-105  +6.659190e-73  +3.056279e-46  +2.788735e-24  +7.416969e-13  +4.464668e-06  +9.454681e-05  +2.395629e-04  +1.982817e-07  +6.240383e-12  +1.035220e-11  +3.725738e-08  +1.862412e-13  +3.109635e-25  +3.078458e-41  +1.321599e-61  +6.571832e-77  +2.697584e-98  +1.541282e-130  +1.223002e-173  +1.347752e-227  +2.067885e-292  +0.000000e+00  +0.000000e+00  +0.000000e+00  +0.000000e+00 
+6.708461e-256  +2.060311e-219  +1.431467e-184  +2.648057e-152  +3.205703e-122  +3.313759e-100  +4.795985e-83  +9.345541e-51  +2.651138e-29  +2.800051e-17  +3.597371e-06  +1.468284e-04  +1.627492e-05  +2.738054e-04  +6.119793e-05  +1.166377e-07  +1.027521e-04  +1.872554e-04  +3.775374e-07  +2.495672e-12  +1.163346e-25  +3.867181e-34  +4.536905e-46  +1.866502e-67  +1.066438e-99  +8.462145e-143  +1.040217e-193  +5.321804e-241  +4.715289e-299  +0.000000e+00  +0.000000e+00  +0.000000e+00 
+3.435404e-197  +5.938314e-166  +6.431145e-136  +7.291509e-108  +3.453023e-85  +3.370097e-63  +2.585815e-50  +1.822993e-39  +5.167191e-18  +2.036414e-07  +2.171068e-05  +1.920831e-04  +1.079937e-04  +4.614122e-04  +1.525996e-04  +7.207378e-05  +1.051155e-05  +1.900315e-06  +4.939674e-05  +2.194082e-06  +1.950318e-10  +1.486202e-15  +4.359640e-26  +1.793577e-47  +1.024788e-79  +4.605980e-114  +1.297693e-150  +8.278570e-198  +7.335385e-256  +0.000000e+00  +0.000000e+00  +0.000000e+00 
+2.443270e-149  +4.049122e-118  +1.062835e-94  +6.664295e-74  +7.166280e-53  +4.768319e-37  +7.238534e-26  +2.395329e-19  +3.784672e-15  +9.547522e-06  +1.394507e-04  +3.241689e-04  +7.445769e-05  +3.477793e-04  +1.707687e-04  +2.247412e-04  +2.398091e-04  +1.968121e-04  +1.386877e-04  +5.710233e-05  +9.863853e-05  +1.968029e-06  +5.911544e-17  +6.838106e-37  +4.887099e-56  +6.103876e-82  +2.803356e-118  +1.788578e-165  +1.584804e-223  +1.950210e-292  +0.000000e+00  +0.000000e+00 
+2.413254e-112  +3.999378e-81  +9.207471e-61  +8.878300e-44  +3.812581e-30  +1.367869e-19  +1.342840e-10  +5.553398e-07  +4.971728e-06  +1.062875e-05  +2.027456e-04  +1.180256e-04  +6.820636e-05  +1.792081e-04  +1.536894e-04  +3.546286e-04  +4.474944e-04  +2.460921e-04  +1.561963e-04  +3.084851e-04  +3.939884e-04  +3.484511e-05  +7.733506e-11  +1.322165e-19  +5.539377e-35  +1.830953e-60  +8.411411e-97  +5.371033e-144  +2.278852e-201  +1.173751e-265  +6.579131e-298  +0.000000e+00 
+3.310339e-86  +5.486079e-55  +1.262725e-34  +3.234721e-24  +1.432668e-14  +1.003617e-07  +8.436610e-06  +1.095081e-04  +1.888524e-04  +1.956174e-04  +1.626802e-04  +1.524103e-04  +1.317549e-04  +2.181505e-04  +2.335173e-04  +2.466656e-04  +2.992170e-04  +3.670956e-04  +3.089071e-04  +3.984155e-04  +2.805099e-04  +8.987580e-05  +1.150745e-04  +9.734368e-10  +2.307153e-24  +1.422380e-49  +1.388038e-82  +4.055710e-126  +2.362727e-179  +9.434069e-201  +5.786259e-233  +4.953821e-276 
+6.306377e-71  +1.045129e-39  +2.405825e-19  +7.896955e-10  +6.343809e-06  +8.296177e-05  +1.326035e-04  +1.927981e-04  +2.072748e-04  +5.145643e-04  +3.675425e-05  +9.456861e-05  +2.202357e-04  +4.561460e-04  +9.877628e-05  +3.132551e-04  +3.895165e-04  +2.778657e-04  +2.111306e-04  +3.303595e-04  +1.767349e-04  +3.472532e-04  +2.754196e-04  +5.071630e-07  +5.516930e-18  +8.359852e-40  +1.761672e-72  +1.091005e-114  +2.695420e-125  +1.153009e-146  +7.067570e-179  +6.050159e-222 
+1.668497e-66  +2.765133e-35  +6.367579e-15  +2.222527e-05  +2.620619e-04  +1.017655e-04  +1.973998e-04  +3.036979e-04  +9.996125e-05  +3.682522e-04  +1.683372e-04  +2.166929e-04  +1.393664e-04  +1.747441e-04  +5.200155e-05  +2.972332e-05  +1.165789e-04  +2.069658e-04  +1.786628e-04  +2.106571e-04  +2.499394e-04  +2.461793e-05  +1.233027e-04  +2.713987e-06  +6.310572e-15  +2.164261e-34  +2.328412e-61  +1.772952e-71  +4.592054e-82  +1.957200e-103  +1.198908e-135  +1.026201e-178 
+6.130680e-73  +1.016021e-41  +2.347268e-21  +3.301228e-09  +1.205277e-04  +6.874755e-05  +1.776603e-04  +1.838018e-04  +5.060320e-05  +3.798926e-04  +6.908372e-05  +1.648246e-04  +4.837825e-05  +2.158048e-04  +7.656754e-07  +4.729407e-09  +1.865186e-04  +1.235782e-04  +2.074557e-04  +1.015231e-04  +1.607368e-04  +1.038841e-04  +3.365950e-04  +4.285077e-05  +1.371258e-10  +1.526240e-23  +4.042699e-39  +4.270974e-39  +1.086939e-49  +4.614341e-71  +2.824524e-103  +2.417334e-146 
+1.762960e-88  +6.542532e-52  +3.479517e-26  +5.974100e-11  +4.915782e-05  +1.588719e-04  +1.558997e-04  +1.964814e-04  +1.930468e-04  +1.699795e-04  +1.201123e-04  +1.530652e-04  +1.342426e-04  +4.682831e-05  +2.137900e-07  +8.822694e-11  +2.780584e-07  +8.284973e-07  +1.396793e-04  +3.369327e-04  +3.794079e-05  +7.726732e-05  +1.625665e-04  +1.390000e-04  +1.110358e-06  +2.839432e-13  +1.407335e-17  +1.431308e-17  +3.574719e-28  +1.511015e-49  +9.242781e-82  +7.953633e-125 
+1.856398e-101  +1.973533e-64  +4.622904e-35  +3.452300e-15  +8.263501e-06  +2.882055e-05  +1.669276e-04  +3.613613e-04  +4.369579e-04  +1.027547e-04  +1.529311e-04  +1.015526e-04  +6.824835e-05  +2.507785e-04  +9.843326e-05  +5.930503e-05  +4.625956e-10  +1.821531e-08  +9.208779e-05  +1.864826e-04  +2.021273e-04  +1.787401e-04  +4.260136e-04  +1.499651e-04  +2.382235e-04  +6.513526e-06  +7.134245e-07  +6.771350e-07  +1.683538e-17  +8.537613e-39  +3.156456e-66  +1.537027e-101 
+3.305763e-109  +1.346999e-67  +1.377096e-36  +5.771344e-16  +5.269596e-06  +1.395597e-04  +1.807117e-04  +5.687454e-05  +2.459081e-04  +1.662615e-04  +1.343077e-04  +2.408888e-04  +2.662563e-04  +1.693728e-04  +1.479162e-04  +6.180747e-05  +1.652744e-05  +2.153834e-05  +4.010115e-05  +7.936777e-05  +2.223884e-04  +1.769283e-04  +2.052555e-04  +2.086271e-04  +2.612504e-04  +1.833349e-04  +1.452980e-04  +1.772739e-05  +9.505299e-12  +1.360857e-26  +6.754745e-49  +7.184562e-82 
+1.100753e-106  +4.021710e-65  +2.040760e-34  +1.438911e-14  +1.416557e-05  +2.476583e-04  +5.046572e-05  +2.420044e-05  +2.008565e-04  +7.637208e-06  +1.105603e-04  +1.949478e-04  +1.900437e-04  +7.170662e-05  +1.638447e-04  +4.605991e-06  +1.916795e-04  +5.690253e-05  +3.627995e-04  +6.558655e-05  +1.412155e-04  +3.746237e-04  +3.931529e-04  +3.013575e-04  +1.923682e-04  +1.540639e-04  +2.565997e-05  +4.689984e-05  +1.071984e-06  +5.863463e-18  +4.479957e-40  +4.761204e-73 
+5.157755e-115  +1.884426e-73  +9.561708e-43  +6.737982e-23  +9.640981e-14  +1.351632e-07  +1.948020e-06  +6.165905e-06  +3.031422e-05  +6.989973e-09  +5.351185e-05  +7.641218e-05  +2.029896e-04  +1.255210e-04  +1.557182e-04  +2.045268e-05  +2.084026e-04  +8.417131e-06  +2.591540e-05  +1.012838e-04  +2.371510e-04  +2.651069e-04  +1.375478e-04  +4.072574e-04  +2.286874e-04  +6.703058e-05  +1.877801e-04  +1.905401e-05  +4.168059e-07  +8.397434e-19  +2.519380e-41  +1.222796e-74 
+3.356370e-134  +1.226276e-92  +6.222209e-62  +4.385428e-42  +1.784049e-29  +1.026378e-19  +3.532393e-18  +1.477612e-13  +2.133271e-13  +4.323999e-11  +8.644888e-05  +2.045218e-04  +1.700497e-06  +5.149611e-06  +9.855225e-05  +1.476442e-04  +9.328940e-05  +1.475404e-04  +1.320898e-04  +1.820925e-04  +8.780668e-05  +1.620354e-04  +1.363141e-04  +2.178630e-04  +1.456488e-04  +7.129962e-05  +1.813954e-04  +8.217076e-07  +2.587510e-15  +3.917831e-28  +1.050662e-50  +3.913311e-84 
+3.033311e-164  +1.108244e-122  +5.623306e-92  +6.305337e-72  +1.197433e-52  +1.117035e-42  +9.144935e-41  +4.936003e-32  +6.162357e-29  +2.612387e-12  +2.044391e-06  +1.131587e-05  +2.393421e-10  +1.860451e-12  +1.541713e-05  +1.555806e-04  +1.363564e-08  +2.459204e-04  +8.224710e-05  +5.506938e-05  +4.236086e-05  +1.418847e-04  +8.754950e-05  +1.405106e-04  +1.582645e-05  +8.290309e-05  +1.012761e-04  +9.070649e-12  +1.111865e-26  +2.355951e-46  +7.272647e-71  +2.708525e-104 
+3.807167e-205  +1.390978e-163  +7.059253e-133  +2.707003e-107  +1.809167e-86  +1.688693e-76  +1.043594e-71  +2.292041e-61  +7.783654e-41  +3.303744e-24  +3.394017e-15  +6.396349e-14  +5.021338e-23  +4.831347e-22  +3.668913e-09  +9.649992e-06  +1.514348e-08  +3.668157e-06  +7.135568e-05  +1.785117e-04  +6.054089e-05  +8.249529e-05  +2.702708e-06  +3.935393e-05  +9.765792e-05  +1.217916e-04  +3.157442e-08  +2.830112e-17  +2.144297e-35  +2.265876e-64  +4.393921e-99  +2.603916e-135 
+6.636283e-257  +2.424618e-215  +1.404681e-183  +5.652933e-152  +3.797165e-131  +3.546985e-121  +6.711802e-112  +4.473069e-91  +1.366038e-63  +2.908994e-46  +3.162969e-34  +5.964057e-33  +1.562567e-42  +1.928526e-34  +5.902768e-21  +1.281975e-15  +2.413803e-18  +3.458258e-13  +1.349710e-07  +8.567088e-07  +1.194469e-06  +1.298393e-08  +4.239080e-11  +2.826206e-05  +1.259013e-04  +1.637290e-06  +6.625945e-15  +5.135909e-30  +1.680376e-51  +1.767441e-80  +2.582929e-120  +5.258305e-171 
+1.606504e-319  +5.872324e-278  +3.406929e-239  +1.647751e-207  +1.106823e-186  +1.035713e-176  +1.097095e-162  +1.090240e-124  +3.360353e-97  +3.016991e-76  +4.096025e-64  +7.723418e-63  +2.022528e-72  +4.142328e-57  +1.845097e-43  +2.830639e-36  +5.343844e-39  +1.050684e-26  +4.401240e-21  +7.809073e-17  +6.958579e-17  +1.443616e-22  +6.036175e-19  +1.173913e-09  +6.671537e-11  +7.207438e-13  +1.127347e-24  +1.164182e-46  +1.672724e-73  +1.955333e-107  +2.809841e-147  +5.702788e-198 
+0.000000e+00  +0.000000e+00  +1.379113e-305  +6.670347e-274  +4.480589e-253  +4.214523e-243  +1.678255e-207  +3.690502e-169  +5.662642e-140  +5.425744e-117  +7.366621e-105  +1.389042e-103  +3.693936e-113  +1.553910e-90  +7.121916e-76  +8.702147e-68  +1.651025e-67  +4.500273e-51  +2.123741e-45  +1.126460e-37  +9.188451e-38  +2.784588e-47  +4.140401e-34  +8.055925e-25  +2.191044e-26  +4.466351e-30  +6.985996e-42  +1.517583e-64  +4.604393e-98  +1.191013e-138  +7.021180e-185  +8.615782e-236 
+0.000000e+00  +0.000000e+00  +0.000000e+00  +0.000000e+00  +0.000000e+00  +4.982757e-312  +7.889511e-263  +1.931800e-224  +1.386225e-191  +1.355199e-168  +1.839975e-156  +3.469436e-155  +2.854292e-159  +9.385076e-135  +2.738090e-118  +3.715542e-110  +9.811286e-103  +2.676972e-86  +5.553780e-80  +2.293808e-69  +1.846080e-69  +4.913397e-80  +3.946028e-60  +7.677735e-51  +2.074731e-52  +3.843847e-58  +6.012375e-70  +1.306082e-92  +3.940330e-126  +1.650960e-170  +3.637115e-225  +4.738905e-283 
+0.000000e+00  +0.000000e+00  +0.000000e+00  +0.000000e+00  +0.000000e+00  +0.000000e+00  +0.000000e+00  +6.842267e-288  +4.808544e-254  +4.700939e-231  +6.382540e-219  +1.203485e-217  +2.348970e-214  +1.003468e-189  +1.620884e-171  +2.203211e-163  +8.105290e-149  +2.211500e-132  +1.124647e-122  +6.502035e-112  +5.222874e-112  +3.728048e-117  +5.222950e-97  +1.016223e-87  +2.745996e-89  +4.594400e-97  +7.186241e-109  +1.561083e-131  +4.709646e-165  +1.973279e-209  +1.148224e-264  +0.000000e+00 
+0.000000e+00  +0.000000e+00  +0.000000e+00  +0.000000e+00  +0.000000e+00  +0.000000e+00  +0.000000e+00  +0.000000e+00  +0.000000e+00  +2.264666e-304  +3.074774e-292  +5.797758e-291  +2.901221e-280  +1.470855e-254  +1.334789e-235  +1.814384e-227  +9.299277e-206  +2.537283e-189  +4.428275e-176  +2.560488e-165  +2.056199e-165  +6.852902e-165  +9.600846e-145  +1.868024e-135  +5.047698e-137  +7.645195e-147  +1.192876e-158  +2.591312e-181  +7.817752e-215  +3.275534e-259  +1.905988e-314  +0.000000e+00 
+0.000000e+00  +0.000000e+00  +0.000000e+00  +0.000000e+00  +0.000000e+00  +0.000000e+00  +0.000000e+00  +0.000000e+00  +0.000000e+00  +0.000000e+00  +0.000000e+00  +0.000000e+00  +0.000000e+00  +0.000000e+00  +1.526589e-310  +7.749540e-301  +1.481725e-273  +4.042935e-257  +2.421971e-240  +1.400408e-229  +1.124554e-229  +1.749468e-223  +2.450988e-203  +4.768855e-194  +1.288620e-195  +2.241679e-207  +2.749964e-219  +5.973809e-242  +1.802244e-275  +7.551299e-320  +0.000000e+00  +0.000000e+00 
+0.000000e+00  +0.000000e+00  +0.000000e+00  +0.000000e+00  +0.000000e+00  +0.000000e+00  +0.000000e+00  +0.000000e+00  +0.000000e+00  +0.000000e+00  +0.000000e+00  +0.000000e+00  +0.000000e+00  +0.000000e+00  +0.000000e+00  +0.000000e+00  +0.000000e+00  +0.000000e+00  +1.839678e-315  +1.063719e-304  +8.541820e-305  +6.202627e-293  +8.689818e-273  +1.690766e-263  +4.568720e-265  +1.770811e-277  +8.804335e-291  +1.912585e-313  +0.000000e+00  +0.000000e+00  +0.000000e+00  +0.000000e+00 
