+0.000000e+00  +0.000000e+00  +0.000000e+00  +0.000000e+00  +0.000000e+00  +1.338009e-272  +1.360793e-226  +7.003258e-188  +7.015881e-148  +9.763858e-119  +1.887697e-100  +4.861506e-89  +7.353384e-85  +1.557919e-91  +4.599131e-109  +1.888011e-137  +1.078661e-176  +2.908414e-224  +6.760018e-280  +0.000000e+00  +0.000000e+00  +0.000000e+00  +0.000000e+00  +0.000000e+00  +0.000000e+00  +0.000000e+00  +0.000000e+00  +0.000000e+00  +0.000000e+00  +0.000000e+00  +0.000000e+00  +0.000000e+00 
+0.000000e+00  +0.000000e+00  +0.000000e+00  +1.626568e-318  +5.675653e-269  +1.080877e-221  +1.099282e-175  +1.552674e-140  +1.543824e-109  +2.148507e-80  +4.152757e-62  +1.030692e-52  +1.494307e-48  +3.127804e-55  +9.189608e-73  +3.779705e-101  +1.726031e-137  +2.893597e-182  +6.745370e-238  +2.183793e-304  +0.000000e+00  +0.000000e+00  +0.000000e+00  +0.000000e+00  +0.000000e+00  +0.000000e+00  +0.000000e+00  +0.000000e+00  +0.000000e+00  +0.000000e+00  +0.000000e+00  +0.000000e+00 
+0.000000e+00  +0.000000e+00  +9.387247e-323  +2.414374e-262  +8.424584e-213  +4.082538e-174  +1.233288e-135  +1.741950e-100  +3.417048e-76  +6.565838e-53  +1.269063e-34  +7.059389e-27  +4.401782e-23  +8.874466e-30  +2.590450e-47  +1.977616e-72  +2.388934e-106  +4.009904e-151  +9.442273e-207  +5.585192e-269  +0.000000e+00  +0.000000e+00  +0.000000e+00  +0.000000e+00  +0.000000e+00  +0.000000e+00  +0.000000e+00  +0.000000e+00  +0.000000e+00  +0.000000e+00  +0.000000e+00  +0.000000e+00 
+0.000000e+00  +0.000000e+00  +1.980931e-277  +4.977086e-217  +1.736677e-167  +8.415905e-129  +5.663984e-101  +2.714118e-71  +5.324000e-47  +1.642658e-33  +5.386058e-18  +1.586365e-10  +2.030477e-08  +3.758562e-15  +4.372135e-29  +3.804052e-52  +4.615363e-86  +5.401451e-127  +2.294821e-176  +1.354214e-236  +1.109849e-307  +0.000000e+00  +0.000000e+00  +0.000000e+00  +0.000000e+00  +4.833098e-319  +5.419060e-319  +0.000000e+00  +0.000000e+00  +0.000000e+00  +0.000000e+00  +0.000000e+00 
+0.000000e+00  +5.301223e-295  +3.699917e-239  +1.425808e-182  +4.971959e-133  +2.409402e-94  +1.621545e-66  +1.516195e-49  +1.152045e-28  +3.141493e-15  +1.536324e-09  +1.008251e-04  +2.452774e-04  +1.867749e-07  +1.191957e-19  +2.699445e-39  +5.944244e-67  +1.818692e-105  +7.727867e-155  +4.560350e-215  +5.109876e-274  +0.000000e+00  +2.579353e-307  +1.079679e-274  +6.276484e-253  +5.067294e-242  +5.681641e-242  +8.847274e-253  +1.913300e-274  +5.746383e-307  +0.000000e+00  +0.000000e+00 
+4.699875e-281  +8.607976e-236  +7.740375e-194  +8.846080e-151  +3.220151e-108  +9.579800e-71  +6.447265e-43  +6.026057e-26  +8.727152e-20  +9.487826e-08  +1.139430e-04  +2.751612e-05  +3.934933e-04  +1.060061e-05  +7.954918e-12  +1.261888e-28  +2.780003e-56  +8.507290e-95  +1.109798e-135  +6.048777e-177  +4.580805e-229  +1.246104e-284  +3.755780e-241  +1.572114e-208  +9.139149e-187  +7.378456e-176  +8.273002e-176  +1.288246e-186  +2.785944e-208  +8.367272e-241  +3.490064e-284  +0.000000e+00 
+6.891844e-228  +1.262237e-182  +3.248393e-148  +2.179870e-114  +4.079942e-84  +1.935984e-52  +3.687663e-30  +3.327497e-13  +4.320373e-07  +2.474175e-05  +2.058072e-04  +8.324641e-05  +2.857003e-04  +8.924804e-05  +4.256806e-11  +9.647857e-26  +7.537630e-46  +3.517425e-71  +1.381022e-101  +7.530728e-143  +5.703132e-195  +2.519890e-229  +7.594994e-186  +3.179152e-153  +1.848132e-131  +1.492082e-120  +1.672979e-120  +2.605110e-131  +5.633777e-153  +1.692042e-185  +7.057659e-229  +4.088350e-283 
+1.403533e-185  +2.570560e-140  +6.538394e-106  +1.709767e-81  +1.184066e-56  +3.631529e-39  +2.391751e-18  +2.193635e-08  +5.844969e-05  +6.808141e-05  +1.725050e-04  +2.238502e-04  +1.032502e-04  +2.691726e-04  +9.258079e-07  +6.769536e-15  +2.151138e-28  +6.081486e-48  +2.388054e-78  +1.340205e-119  +1.112071e-170  +7.076961e-185  +2.133009e-141  +8.928458e-109  +5.190369e-87  +4.190424e-76  +4.698461e-76  +7.316296e-87  +1.582213e-108  +4.752000e-141  +1.982101e-184  +1.148189e-238 
+3.969607e-154  +7.270308e-109  +1.849252e-74  +6.532468e-51  +1.115876e-34  +1.244795e-20  +8.606787e-14  +8.521526e-06  +1.017610e-04  +2.166369e-05  +1.660106e-04  +2.567877e-04  +6.837581e-05  +3.508543e-04  +1.753252e-04  +2.553637e-07  +5.172402e-16  +2.166771e-35  +9.798622e-64  +1.865563e-102  +4.961663e-152  +2.760260e-151  +8.319473e-108  +3.482408e-75  +2.024424e-53  +1.634411e-42  +1.832563e-42  +2.853609e-53  +6.171178e-75  +1.853444e-107  +7.730883e-151  +4.478334e-205 
+1.559231e-133  +2.855721e-88  +7.263719e-54  +2.565903e-30  +1.258809e-17  +1.623149e-09  +1.543798e-05  +1.801440e-04  +1.706262e-04  +2.547734e-04  +9.916839e-05  +3.028913e-04  +1.546388e-04  +1.994979e-04  +7.251366e-05  +7.792145e-05  +4.840988e-11  +4.815324e-28  +6.735529e-56  +1.412051e-94  +2.912757e-113  +2.030125e-122  +4.514911e-85  +1.886347e-52  +1.096589e-30  +8.853275e-20  +9.926642e-20  +1.545749e-30  +3.342830e-52  +1.003987e-84  +4.187751e-128  +2.425901e-182 
+1.155610e-123  +1.594226e-78  +3.968450e-44  +1.399859e-20  +6.867693e-08  +5.627630e-06  +2.014493e-05  +7.942478e-05  +8.021735e-06  +2.747299e-04  +1.939427e-04  +1.824995e-04  +2.112339e-04  +1.184691e-04  +9.663477e-05  +2.266877e-04  +5.761084e-10  +3.806376e-26  +8.739615e-51  +3.341223e-67  +5.309781e-71  +1.171887e-85  +2.467346e-62  +1.437217e-38  +8.275341e-19  +6.690431e-08  +7.516763e-08  +1.173912e-18  +2.549404e-40  +7.703435e-73  +3.241288e-116  +1.901178e-170 
+1.522364e-117  +1.817037e-73  +3.011972e-40  +6.934799e-18  +2.222436e-06  +1.192682e-04  +3.608817e-05  +9.115815e-05  +1.214907e-04  +6.824305e-05  +2.664795e-04  +2.765741e-04  +3.561686e-04  +1.172728e-04  +9.892800e-05  +9.927583e-05  +2.749704e-10  +6.495750e-17  +2.382489e-32  +8.458940e-36  +1.344271e-39  +3.259326e-54  +1.002952e-47  +5.783824e-24  +4.632641e-11  +4.717368e-06  +6.862033e-06  +1.490852e-16  +4.548010e-38  +1.941343e-70  +1.157055e-113  +9.613875e-168 
+1.055170e-121  +1.259410e-77  +2.087614e-44  +4.805861e-22  +1.549984e-10  +1.335321e-05  +2.854798e-05  +6.354192e-05  +3.115965e-05  +1.081340e-04  +2.011298e-04  +2.940304e-04  +2.587858e-04  +4.318953e-04  +2.847757e-04  +1.872527e-04  +1.719506e-04  +2.267592e-09  +6.930795e-21  +2.974435e-15  +4.726452e-19  +1.800600e-28  +4.975671e-26  +2.075898e-17  +3.155452e-07  +3.581928e-05  +8.918454e-08  +2.234122e-20  +9.971825e-44  +5.783046e-77  +2.362533e-120  +1.733044e-174 
+1.015696e-136  +1.212297e-92  +2.199661e-59  +4.359943e-31  +1.388477e-12  +6.651094e-05  +2.796011e-04  +9.309887e-05  +1.849542e-04  +2.329203e-04  +1.996306e-04  +1.231590e-04  +2.990018e-04  +2.282389e-04  +1.613434e-04  +4.540900e-05  +1.432007e-05  +3.995779e-05  +1.960760e-09  +1.491841e-05  +2.308246e-09  +1.539506e-12  +4.279087e-10  +1.323955e-11  +1.031242e-04  +2.268619e-05  +4.179451e-06  +3.004871e-17  +3.027038e-39  +4.235137e-72  +8.229154e-116  +2.220654e-170 
+1.105322e-158  +1.313893e-107  +2.169316e-67  +4.987460e-38  +4.528954e-18  +2.139381e-06  +6.215555e-05  +3.811452e-05  +9.515459e-05  +1.743906e-04  +2.060371e-04  +2.409088e-04  +4.126800e-04  +2.834595e-04  +1.723421e-04  +1.002814e-04  +3.302330e-04  +1.057706e-04  +4.873495e-06  +1.637907e-04  +2.053251e-06  +3.634346e-07  +7.683433e-05  +4.069487e-06  +7.279517e-05  +1.355902e-04  +6.735176e-10  +1.001636e-22  +8.025716e-45  +1.121438e-77  +4.579242e-109  +8.698529e-146 
+8.004299e-176  +6.549034e-121  +9.524986e-77  +1.923993e-43  +5.397357e-21  +2.123322e-09  +5.685845e-05  +1.949621e-04  +5.938396e-05  +7.631656e-05  +1.027422e-04  +1.377876e-04  +5.056162e-05  +1.410827e-04  +2.101446e-04  +1.537326e-04  +3.139528e-04  +2.832059e-04  +1.453606e-04  +9.916982e-05  +2.958325e-04  +9.792112e-05  +4.558510e-04  +1.632319e-04  +3.563882e-04  +1.258814e-05  +1.401760e-15  +2.638096e-24  +3.252012e-35  +9.995466e-53  +1.367079e-78  +2.596846e-115 
+1.701735e-189  +1.782192e-134  +2.592118e-90  +5.235921e-57  +1.472233e-34  +1.231782e-19  +5.489490e-10  +2.054258e-06  +1.282909e-04  +1.090800e-04  +9.965780e-05  +1.034543e-04  +3.365553e-04  +1.752681e-04  +3.337603e-04  +1.045265e-04  +3.967853e-04  +1.538040e-04  +4.682382e-04  +6.220460e-06  +1.238107e-04  +1.611620e-04  +3.573662e-05  +1.454898e-04  +9.976565e-05  +3.239924e-11  +1.007409e-09  +9.303736e-10  +4.220375e-18  +4.143976e-33  +5.668028e-59  +1.076675e-95 
+6.431637e-214  +6.735719e-159  +9.796803e-115  +1.979990e-81  +8.309451e-56  +3.844138e-35  +3.476459e-25  +1.068254e-14  +1.055339e-08  +2.804123e-09  +4.100878e-05  +1.315551e-04  +1.929997e-04  +2.118156e-04  +1.368818e-04  +3.240487e-04  +3.847911e-04  +1.823707e-04  +4.495728e-04  +1.935572e-04  +2.192682e-04  +3.209557e-04  +1.035034e-04  +6.779683e-05  +2.711098e-04  +9.941126e-07  +1.029046e-05  +4.663095e-05  +2.422810e-09  +2.386163e-24  +3.263812e-50  +6.200188e-87 
+3.375896e-249  +3.535505e-194  +5.142915e-150  +1.395411e-113  +5.192667e-82  +2.787226e-61  +1.953280e-46  +5.345908e-31  +2.941556e-22  +1.108132e-19  +4.909389e-12  +1.904448e-06  +3.248625e-05  +1.170484e-04  +1.023132e-04  +1.914184e-05  +2.150920e-04  +2.982223e-04  +1.932343e-04  +1.812512e-04  +2.673125e-04  +1.543044e-04  +1.690401e-04  +1.324967e-04  +1.891102e-04  +2.399979e-04  +1.291908e-04  +9.408898e-05  +1.716978e-08  +4.406694e-23  +1.571394e-48  +7.783357e-85 
+2.460903e-295  +2.577336e-240  +4.908795e-193  +1.352910e-150  +5.228961e-119  +3.003610e-98  +1.205930e-73  +6.468609e-57  +1.187054e-46  +2.567142e-39  +1.261919e-25  +7.044404e-14  +4.146346e-11  +4.929247e-05  +1.143546e-04  +1.541289e-04  +7.193699e-05  +2.871595e-04  +2.918201e-04  +5.317342e-04  +1.118094e-04  +1.215523e-04  +1.013579e-04  +2.082235e-04  +2.008238e-04  +2.467601e-04  +3.135392e-04  +1.160590e-06  +2.962980e-13  +7.609881e-28  +2.714352e-53  +1.344598e-89 
+0.000000e+00  +3.402608e-294  +6.798696e-241  +1.892061e-198  +7.312787e-167  +5.399618e-138  +1.160009e-111  +3.428485e-92  +6.653421e-82  +2.514796e-66  +9.217693e-44  +1.147225e-30  +2.515606e-12  +8.325220e-05  +2.564377e-05  +9.011193e-05  +1.515753e-05  +5.045724e-04  +2.181662e-04  +3.393225e-04  +4.802255e-05  +2.099114e-04  +2.845303e-04  +1.925353e-04  +2.689976e-04  +3.227812e-04  +1.926590e-04  +4.531971e-09  +8.749413e-22  +1.852968e-43  +6.512641e-69  +3.226141e-105 
+0.000000e+00  +0.000000e+00  +1.320476e-299  +3.674856e-257  +4.806872e-224  +7.061205e-187  +2.058015e-159  +2.668460e-138  +1.556162e-127  +2.326767e-95  +1.629334e-62  +2.267469e-33  +4.814326e-15  +1.158150e-05  +1.070624e-04  +7.727275e-05  +6.707047e-05  +5.591846e-04  +2.278974e-04  +6.827963e-05  +1.952555e-04  +6.984941e-07  +4.134602e-04  +2.763308e-05  +4.064512e-05  +2.889196e-05  +4.360538e-08  +1.816844e-15  +1.108212e-31  +1.732257e-57  +7.017093e-92  +1.075014e-131 
+0.000000e+00  +0.000000e+00  +0.000000e+00  +0.000000e+00  +8.468992e-284  +1.425512e-246  +2.256846e-190  +5.768704e-144  +7.010706e-107  +2.404152e-73  +7.997305e-49  +2.422517e-28  +1.676444e-13  +2.886897e-05  +1.725861e-04  +3.611523e-04  +2.008535e-04  +3.395044e-04  +1.446520e-04  +1.073390e-05  +1.157798e-04  +4.546169e-05  +2.883823e-04  +1.692764e-08  +2.586606e-11  +4.385311e-13  +2.509564e-21  +2.784074e-30  +4.483840e-48  +3.895544e-75  +4.835295e-113  +3.596897e-160 
+0.000000e+00  +0.000000e+00  +0.000000e+00  +0.000000e+00  +1.727240e-284  +2.289038e-216  +4.212998e-159  +1.076880e-112  +3.822800e-77  +4.681983e-52  +1.372422e-29  +7.140539e-16  +4.067268e-07  +1.161846e-04  +4.819626e-05  +2.616704e-04  +3.733977e-04  +4.131406e-04  +2.894342e-04  +2.044710e-04  +2.008446e-04  +1.496713e-06  +3.132980e-10  +2.485192e-15  +2.968665e-28  +4.687331e-30  +4.444016e-42  +1.249731e-54  +3.534349e-74  +2.176434e-102  +2.653802e-140  +4.518946e-189 
+0.000000e+00  +0.000000e+00  +0.000000e+00  +0.000000e+00  +4.477957e-264  +5.934447e-196  +1.092241e-138  +2.791867e-92  +9.910802e-57  +4.886084e-32  +3.567252e-18  +1.511129e-07  +1.677515e-04  +2.284288e-05  +8.915812e-09  +1.988850e-04  +8.362898e-05  +5.241269e-06  +1.956886e-04  +4.238368e-05  +1.232036e-05  +1.580642e-09  +2.534594e-23  +5.350715e-32  +9.295060e-48  +7.473994e-58  +1.648748e-70  +8.313005e-90  +2.103044e-109  +9.356802e-140  +2.051673e-178  +3.486964e-227 
+0.000000e+00  +0.000000e+00  +0.000000e+00  +0.000000e+00  +1.612297e-254  +2.136709e-186  +3.932635e-129  +1.005217e-82  +3.568404e-47  +1.759244e-22  +1.204526e-08  +1.914109e-05  +5.514344e-06  +3.982609e-08  +1.842102e-09  +3.201429e-05  +9.618304e-05  +1.386017e-05  +1.266679e-04  +1.057490e-04  +2.009039e-09  +3.651572e-20  +8.799489e-35  +3.128316e-59  +2.799940e-75  +1.655368e-96  +3.635020e-109  +1.322653e-132  +1.867101e-155  +6.826683e-186  +5.659161e-227  +3.739235e-276 
+0.000000e+00  +0.000000e+00  +0.000000e+00  +0.000000e+00  +8.064333e-256  +1.070371e-187  +1.989768e-130  +5.416069e-84  +2.689042e-48  +3.797327e-23  +1.366986e-08  +8.185523e-05  +1.574380e-10  +1.176746e-18  +2.374376e-18  +4.119382e-14  +5.979866e-10  +8.131609e-05  +3.479234e-05  +1.846241e-11  +9.375139e-18  +1.247998e-33  +3.436445e-56  +9.477981e-82  +1.171657e-113  +2.827555e-140  +1.118099e-158  +3.410758e-182  +2.307467e-212  +8.415738e-243  +4.275534e-284  +0.000000e+00 
+0.000000e+00  +0.000000e+00  +0.000000e+00  +0.000000e+00  +1.971615e-263  +1.709169e-194  +2.057759e-136  +3.440672e-89  +7.989696e-53  +2.576649e-27  +1.154033e-12  +7.178258e-09  +6.200945e-16  +7.445050e-34  +4.250343e-38  +7.582517e-34  +1.256035e-18  +4.864544e-12  +1.730522e-13  +5.437064e-21  +2.074406e-36  +2.394966e-52  +4.162543e-79  +6.313946e-114  +1.969026e-150  +1.642919e-189  +4.776353e-219  +1.456613e-242  +6.242475e-277  +1.441207e-310  +0.000000e+00  +0.000000e+00 
+0.000000e+00  +0.000000e+00  +0.000000e+00  +0.000000e+00  +2.418085e-278  +2.096258e-209  +2.523806e-151  +4.219928e-104  +9.799232e-68  +3.160218e-42  +1.415402e-27  +8.804016e-24  +7.605358e-31  +9.124235e-49  +1.056663e-68  +3.743778e-54  +1.044024e-36  +4.043426e-30  +1.213700e-32  +3.750621e-40  +1.639026e-58  +6.827311e-82  +1.183024e-108  +2.848372e-146  +2.340620e-193  +7.889745e-241  +4.447016e-287  +8.641672e-314  +0.000000e+00  +0.000000e+00  +0.000000e+00  +0.000000e+00 
+0.000000e+00  +0.000000e+00  +0.000000e+00  +0.000000e+00  +4.118806e-304  +3.570627e-235  +4.298883e-177  +7.187945e-130  +1.669136e-93  +5.382905e-68  +2.410903e-53  +1.499618e-49  +1.295446e-56  +1.554162e-74  +2.589470e-103  +4.321768e-83  +1.205208e-65  +4.667674e-59  +1.392979e-62  +3.593188e-70  +1.570227e-88  +9.530055e-118  +4.681781e-149  +1.127118e-186  +3.768496e-235  +3.300807e-294  +0.000000e+00  +0.000000e+00  +0.000000e+00  +0.000000e+00  +0.000000e+00  +0.000000e+00 
+0.000000e+00  +0.000000e+00  +0.000000e+00  +0.000000e+00  +0.000000e+00  +8.446606e-272  +1.016935e-213  +1.700366e-166  +3.948475e-130  +1.273369e-104  +5.703183e-90  +3.547466e-86  +3.064482e-93  +3.676494e-111  +6.125599e-140  +6.928687e-123  +1.932197e-105  +7.483245e-99  +5.544328e-103  +4.780735e-111  +2.089186e-129  +1.267937e-158  +1.094434e-198  +6.194751e-238  +2.071195e-286  +0.000000e+00  +0.000000e+00  +0.000000e+00  +0.000000e+00  +0.000000e+00  +0.000000e+00  +0.000000e+00 
+0.000000e+00  +0.000000e+00  +0.000000e+00  +0.000000e+00  +0.000000e+00  +2.774969e-319  +3.340942e-261  +5.586220e-214  +1.297194e-177  +4.183406e-152  +1.873669e-137  +1.165451e-133  +1.006776e-140  +1.207840e-158  +2.012446e-187  +1.542689e-173  +4.302084e-156  +1.666163e-149  +9.242511e-154  +8.833800e-163  +3.860377e-181  +2.342881e-210  +1.974734e-250  +4.959580e-300  +0.000000e+00  +0.000000e+00  +0.000000e+00  +0.000000e+00  +0.000000e+00  +0.000000e+00  +0.000000e+00  +0.000000e+00 
