+0.000000e+00  +0.000000e+00  +0.000000e+00  +0.000000e+00  +0.000000e+00  +2.309806e-311  +6.324414e-260  +2.404933e-219  +1.270059e-189  +9.634168e-171  +2.756424e-156  +3.305973e-151  +5.506692e-157  +1.273855e-173  +2.236741e-160  +1.694985e-127  +1.783832e-105  +2.607234e-94  +5.292294e-94  +1.491921e-104  +5.840982e-126  +3.175877e-158  +2.398168e-201  +2.514973e-255  +3.663003e-320  +0.000000e+00  +0.000000e+00  +0.000000e+00  +0.000000e+00  +0.000000e+00  +0.000000e+00  +0.000000e+00 
+0.000000e+00  +0.000000e+00  +0.000000e+00  +0.000000e+00  +1.527157e-320  +3.010933e-258  +8.244151e-207  +3.134936e-166  +1.655577e-136  +1.214563e-117  +2.705169e-105  +3.244352e-100  +5.404051e-106  +1.250112e-122  +4.803582e-122  +3.640117e-89  +3.830924e-67  +5.599246e-56  +1.136563e-55  +3.204022e-66  +1.254398e-87  +6.820454e-120  +5.150260e-163  +5.401109e-217  +7.866375e-282  +0.000000e+00  +0.000000e+00  +0.000000e+00  +0.000000e+00  +0.000000e+00  +0.000000e+00  +0.000000e+00 
+0.000000e+00  +0.000000e+00  +0.000000e+00  +0.000000e+00  +8.004926e-274  +5.454867e-216  +1.492484e-164  +5.675347e-124  +2.997182e-94  +2.198228e-75  +3.709119e-65  +4.421754e-60  +7.365224e-66  +1.703787e-82  +1.432738e-94  +1.085683e-61  +1.142592e-39  +1.670003e-28  +3.389855e-28  +9.556153e-39  +3.741304e-60  +2.034234e-92  +1.536090e-135  +1.610907e-189  +2.346326e-254  +0.000000e+00  +0.000000e+00  +0.000000e+00  +0.000000e+00  +0.000000e+00  +0.000000e+00  +0.000000e+00 
+0.000000e+00  +0.000000e+00  +0.000000e+00  +5.937934e-296  +9.829381e-232  +2.578039e-177  +5.512748e-133  +1.426901e-92  +7.535546e-63  +5.526796e-44  +1.260774e-35  +8.369491e-31  +1.394089e-36  +3.229375e-53  +3.306329e-59  +4.497058e-45  +4.732783e-23  +6.917396e-12  +1.404128e-11  +3.958299e-22  +1.549707e-43  +8.430766e-76  +7.106157e-119  +1.710320e-171  +5.047322e-234  +2.151784e-307  +0.000000e+00  +0.000000e+00  +0.000000e+00  +0.000000e+00  +0.000000e+00  +0.000000e+00 
+0.000000e+00  +0.000000e+00  +0.000000e+00  +1.961128e-262  +1.629575e-198  +2.090945e-145  +1.836249e-102  +1.500601e-69  +2.631223e-42  +1.929803e-23  +1.984009e-15  +2.200098e-12  +3.665816e-18  +8.217100e-31  +3.329257e-30  +2.593928e-29  +3.307008e-17  +3.979401e-06  +8.118450e-06  +4.718180e-16  +2.023671e-35  +2.309409e-65  +3.676197e-106  +8.127253e-158  +2.495323e-220  +1.064015e-293  +0.000000e+00  +0.000000e+00  +0.000000e+00  +0.000000e+00  +0.000000e+00  +0.000000e+00 
+0.000000e+00  +0.000000e+00  +3.685737e-308  +9.231615e-240  +7.632597e-176  +8.787400e-123  +1.422850e-80  +4.923953e-49  +2.526522e-27  +9.403608e-14  +9.532743e-06  +8.033943e-05  +1.905269e-08  +2.196628e-14  +4.655825e-12  +3.474599e-15  +3.371237e-08  +9.583344e-05  +2.821133e-05  +1.676404e-13  +1.383598e-32  +1.585912e-62  +2.524562e-103  +5.581244e-155  +1.713618e-217  +7.306930e-291  +0.000000e+00  +0.000000e+00  +0.000000e+00  +0.000000e+00  +0.000000e+00  +0.000000e+00 
+0.000000e+00  +2.074206e-308  +3.141597e-263  +9.220923e-209  +6.743777e-154  +8.767304e-110  +9.702443e-69  +2.039248e-37  +6.678004e-17  +1.033531e-06  +4.578847e-05  +2.128786e-06  +1.269797e-04  +1.297160e-05  +9.050098e-05  +2.781584e-09  +9.267209e-05  +8.060863e-05  +1.132665e-10  +1.598839e-21  +1.319578e-40  +1.512531e-70  +2.407749e-111  +5.322998e-163  +1.634328e-225  +6.968835e-299  +0.000000e+00  +0.000000e+00  +0.000000e+00  +0.000000e+00  +0.000000e+00  +0.000000e+00 
+2.387519e-306  +2.603798e-250  +3.943718e-205  +8.295496e-171  +4.449391e-131  +4.519260e-87  +6.374951e-54  +2.694017e-31  +3.227387e-13  +4.403679e-05  +2.505468e-04  +4.251554e-06  +7.116461e-05  +4.507793e-05  +2.046237e-04  +8.561741e-06  +7.171171e-05  +2.653091e-07  +1.863619e-16  +4.498295e-35  +1.749084e-59  +2.003399e-89  +3.189146e-130  +7.050493e-182  +2.164723e-244  +3.528122e-281  +2.667466e-299  +3.458460e-323  +0.000000e+00  +0.000000e+00  +0.000000e+00  +0.000000e+00 
+4.737574e-258  +4.539424e-203  +6.875420e-158  +1.446224e-123  +4.224839e-100  +4.140975e-75  +5.841270e-42  +1.144329e-19  +3.225617e-08  +2.543696e-04  +2.285655e-04  +3.282559e-04  +4.264963e-04  +3.262973e-04  +2.057685e-04  +1.671509e-04  +5.054160e-07  +5.457707e-14  +1.180571e-27  +8.755574e-49  +1.799515e-79  +4.999611e-119  +2.248118e-152  +2.915485e-176  +6.848631e-203  +3.700441e-210  +5.712685e-228  +5.000685e-250  +2.286180e-281  +1.024960e-307  +0.000000e+00  +0.000000e+00 
+7.111777e-211  +5.021965e-164  +1.664680e-121  +3.501604e-87  +1.022919e-63  +4.150305e-51  +7.593811e-41  +1.544936e-18  +4.979129e-07  +2.062564e-04  +7.836804e-05  +1.824626e-04  +8.808579e-05  +2.351629e-04  +1.443440e-04  +3.025214e-05  +2.225666e-05  +8.580228e-14  +4.750388e-33  +3.652590e-63  +4.781965e-89  +3.213030e-91  +3.000327e-104  +3.891294e-128  +9.974486e-143  +5.390206e-150  +6.139549e-166  +1.038989e-187  +3.662597e-212  +1.733365e-238  +1.139281e-275  +9.881313e-324 
+1.625919e-174  +1.145302e-127  +1.120791e-91  +1.177450e-61  +3.439622e-38  +1.395478e-25  +1.805163e-20  +7.826541e-19  +1.530760e-07  +2.801423e-04  +1.244633e-04  +4.903042e-04  +3.751073e-04  +1.692952e-04  +1.601109e-04  +8.092707e-05  +4.878311e-05  +1.607236e-13  +7.431985e-33  +1.194421e-44  +8.857000e-52  +5.955282e-54  +5.561042e-67  +1.554111e-86  +2.017792e-93  +1.091838e-100  +1.759968e-114  +3.109750e-136  +8.602183e-154  +4.071096e-180  +2.675790e-217  +2.643929e-265 
+3.486799e-142  +6.823748e-102  +3.557444e-66  +4.834968e-41  +1.611453e-23  +6.516740e-11  +1.755237e-08  +2.580760e-07  +8.478645e-05  +3.386403e-04  +2.756209e-04  +2.501178e-04  +1.168950e-04  +4.044620e-04  +1.016840e-04  +1.340243e-04  +8.983390e-05  +1.140543e-11  +9.756320e-18  +8.016797e-22  +2.279881e-25  +1.532950e-27  +1.431602e-40  +1.176543e-51  +5.668917e-55  +3.638407e-62  +7.052487e-74  +8.344105e-91  +2.805872e-106  +1.327916e-132  +8.891669e-170  +3.448435e-212 
+3.802470e-117  +3.353024e-77  +4.261764e-48  +2.136225e-26  +4.036040e-12  +2.852756e-06  +1.381794e-04  +1.900959e-04  +2.997720e-04  +1.793544e-04  +2.339627e-04  +9.367113e-05  +2.892085e-04  +3.860126e-04  +1.392468e-04  +2.235336e-05  +1.697608e-05  +7.778868e-05  +7.746698e-07  +7.472839e-10  +8.152175e-10  +5.480136e-12  +1.345820e-20  +1.888413e-26  +2.211885e-27  +3.319377e-33  +4.105419e-44  +3.730121e-54  +1.271057e-69  +6.041115e-96  +3.892688e-128  +8.198017e-169 
+2.646102e-93  +1.331498e-59  +6.228327e-34  +1.099271e-15  +3.349555e-07  +1.432746e-04  +3.855303e-04  +1.141313e-04  +1.773922e-04  +1.376087e-04  +2.237045e-04  +2.082422e-04  +1.581424e-04  +2.174282e-04  +3.804506e-04  +2.497459e-04  +5.133389e-05  +1.801426e-04  +5.650350e-05  +6.466689e-07  +7.779583e-05  +3.473216e-07  +1.916015e-07  +6.691725e-11  +1.198845e-10  +2.473870e-14  +4.528463e-22  +2.346627e-28  +8.004644e-44  +8.475489e-66  +1.285201e-95  +2.706665e-136 
+7.330544e-79  +3.687315e-45  +2.575860e-22  +2.521308e-10  +5.749763e-05  +1.805616e-04  +4.087985e-04  +8.196704e-05  +1.530022e-04  +2.793317e-04  +3.068810e-05  +1.533185e-04  +4.680111e-04  +2.156454e-04  +1.908070e-04  +4.645822e-04  +2.284343e-04  +8.476170e-05  +1.332638e-04  +1.076175e-04  +9.071610e-05  +9.057955e-05  +1.489401e-04  +5.502037e-06  +9.323322e-05  +2.849468e-06  +9.891601e-09  +2.064591e-13  +3.559656e-25  +3.886056e-44  +5.892976e-74  +1.241076e-114 
+2.820355e-75  +1.418659e-41  +9.910511e-19  +9.625722e-07  +1.693802e-05  +2.075733e-05  +9.890460e-05  +4.852830e-04  +9.851362e-05  +3.786561e-04  +3.428984e-04  +1.937957e-04  +2.759891e-04  +2.934344e-04  +3.043799e-04  +1.012572e-04  +4.637127e-04  +3.742549e-04  +1.803164e-04  +1.787537e-04  +8.261387e-05  +2.627131e-04  +8.055580e-05  +6.169797e-05  +5.643413e-05  +1.023150e-04  +2.225681e-04  +2.901053e-06  +2.266337e-14  +2.474633e-33  +3.752635e-63  +7.903144e-104 
+1.910312e-82  +1.687977e-47  +8.954939e-23  +6.899867e-09  +1.293046e-05  +5.378521e-05  +4.443158e-09  +2.001034e-04  +1.907462e-04  +2.034726e-04  +1.447998e-04  +1.226677e-04  +1.767432e-04  +2.823788e-04  +4.094683e-04  +3.528049e-04  +2.604795e-04  +6.380167e-05  +1.411110e-04  +3.142985e-04  +1.131016e-05  +2.169845e-04  +2.234204e-04  +1.326155e-04  +6.148838e-05  +1.285957e-05  +1.475971e-04  +1.696056e-05  +8.198709e-14  +3.728919e-32  +4.471223e-61  +6.110524e-92 
+3.535693e-93  +1.413287e-57  +7.845563e-33  +6.048689e-19  +1.209199e-12  +2.255219e-10  +3.147605e-06  +1.243771e-04  +1.619896e-04  +3.429191e-04  +2.244984e-04  +9.959631e-06  +1.918181e-04  +1.923906e-04  +1.377313e-04  +1.021355e-04  +3.744783e-04  +4.461781e-04  +2.470858e-04  +4.474510e-04  +3.781553e-04  +1.163084e-04  +5.697892e-05  +3.134922e-04  +1.552920e-04  +1.830653e-04  +1.915309e-04  +2.992159e-05  +9.841391e-13  +1.141087e-22  +3.220970e-42  +1.262678e-72 
+4.304581e-114  +1.720627e-78  +9.551695e-54  +7.456541e-40  +5.621470e-29  +4.718660e-16  +5.153299e-06  +7.533537e-05  +7.852365e-05  +2.425710e-04  +8.460997e-05  +2.322877e-10  +4.330575e-07  +7.717765e-05  +6.121765e-05  +2.923029e-04  +1.090685e-04  +9.473239e-05  +2.759039e-04  +1.995224e-04  +1.903261e-04  +2.954917e-04  +8.365065e-05  +4.417959e-05  +1.488041e-04  +1.589684e-04  +6.219970e-06  +2.204736e-04  +1.611196e-05  +3.274701e-14  +9.243551e-34  +3.623635e-64 
+7.278220e-146  +2.909250e-110  +1.615008e-85  +2.766534e-69  +5.178115e-40  +1.034745e-18  +4.502994e-08  +4.590621e-05  +8.585929e-06  +9.508946e-10  +1.486292e-09  +5.748805e-17  +6.836399e-15  +1.153663e-06  +1.850568e-07  +5.130285e-05  +1.013511e-04  +1.637792e-04  +3.070137e-04  +2.289850e-04  +1.968291e-04  +2.668708e-04  +1.440525e-04  +1.652644e-04  +1.875504e-04  +1.186050e-04  +1.185687e-04  +1.863386e-04  +2.650197e-05  +1.276128e-14  +8.753293e-35  +9.174636e-66 
+1.709060e-188  +6.831455e-153  +3.111667e-113  +3.214836e-70  +4.612778e-38  +9.191878e-17  +2.544164e-06  +1.702883e-05  +2.591552e-06  +1.465456e-14  +3.710887e-25  +1.435337e-32  +2.040967e-26  +3.839912e-18  +5.705726e-17  +1.388333e-12  +1.205370e-05  +3.174967e-05  +6.026999e-05  +1.457377e-04  +2.724237e-04  +1.198170e-04  +3.344451e-04  +2.425002e-04  +1.119333e-04  +2.621882e-05  +1.182813e-04  +1.174383e-07  +7.610196e-11  +3.637684e-20  +2.414864e-40  +2.226374e-71 
+1.023122e-240  +5.181913e-176  +3.854943e-122  +3.982797e-79  +5.740715e-47  +6.492049e-24  +7.045834e-09  +1.119874e-04  +4.450889e-06  +2.848279e-16  +2.531406e-37  +4.977003e-59  +9.434631e-49  +1.775048e-40  +1.025392e-30  +1.863503e-12  +7.214634e-05  +7.325354e-05  +4.264680e-04  +2.390776e-04  +3.434307e-05  +2.612986e-04  +1.088478e-04  +1.578457e-04  +1.909500e-04  +1.165487e-04  +9.951151e-05  +1.668490e-09  +1.165582e-24  +1.454985e-36  +9.658863e-57  +8.904951e-88 
+1.328126e-247  +2.161193e-180  +4.884115e-124  +1.532917e-78  +6.682516e-44  +4.055702e-20  +3.594820e-07  +8.755941e-05  +1.715907e-12  +9.649738e-25  +8.576192e-46  +1.058551e-77  +6.056919e-82  +3.042771e-61  +2.757127e-32  +3.469624e-14  +6.063998e-07  +3.411382e-05  +4.697275e-05  +3.090513e-04  +1.813809e-04  +2.393634e-04  +1.537495e-04  +1.086798e-04  +9.521776e-05  +1.697866e-04  +4.243753e-07  +2.742545e-18  +1.619321e-33  +1.568087e-59  +5.365341e-84  +4.946555e-115 
+6.899192e-253  +1.122671e-185  +2.537142e-129  +7.962970e-84  +3.470911e-49  +2.101132e-25  +1.766760e-12  +2.070844e-10  +3.632508e-19  +2.121999e-38  +4.044464e-65  +4.980610e-97  +2.241400e-113  +1.462410e-73  +1.325124e-44  +1.667563e-26  +3.570872e-18  +1.064242e-08  +1.106936e-04  +2.444873e-04  +1.622618e-04  +1.802971e-04  +1.348995e-04  +2.092598e-04  +2.614431e-05  +8.452467e-05  +1.647897e-11  +6.388409e-25  +1.110968e-48  +3.037596e-79  +4.084962e-116  +3.816033e-153 
+4.977316e-269  +8.099339e-202  +1.830383e-145  +5.744763e-100  +2.504034e-65  +1.515816e-41  +1.274356e-28  +1.487917e-26  +2.413345e-35  +5.466629e-55  +1.920091e-85  +3.086473e-126  +1.496088e-136  +9.761281e-97  +8.844929e-68  +1.113717e-49  +1.123222e-32  +7.305145e-17  +6.708483e-09  +1.810724e-04  +5.586192e-05  +3.278593e-04  +2.102567e-04  +2.150171e-04  +1.213401e-05  +3.940555e-08  +6.755337e-15  +1.608335e-32  +5.320262e-61  +5.839748e-99  +1.888096e-144  +2.052597e-194 
+4.986895e-296  +8.114926e-229  +1.833905e-172  +5.755818e-127  +2.508853e-92  +1.518733e-68  +1.276808e-55  +1.490759e-53  +2.417286e-62  +5.443705e-82  +1.703228e-112  +7.463353e-154  +1.386861e-170  +9.048623e-131  +8.199174e-102  +2.810985e-78  +1.537824e-50  +2.047682e-26  +3.580223e-10  +8.758944e-05  +1.132999e-04  +7.079754e-05  +4.191177e-05  +1.227202e-04  +1.773879e-05  +1.050255e-15  +5.693161e-29  +1.355448e-46  +4.481779e-75  +2.058049e-114  +1.312500e-164  +1.187793e-225 
+0.000000e+00  +1.129165e-266  +2.551819e-210  +8.009032e-165  +3.490987e-130  +2.113267e-106  +1.776636e-93  +2.074343e-91  +3.363570e-100  +7.574578e-120  +2.368945e-150  +1.028968e-191  +1.785445e-215  +1.164920e-175  +1.866516e-145  +6.975284e-99  +6.323100e-61  +7.960425e-34  +1.395392e-17  +1.103563e-08  +5.144558e-05  +3.725051e-04  +4.494209e-05  +3.730105e-06  +1.794572e-10  +7.794053e-21  +8.397583e-42  +1.599077e-71  +5.245597e-100  +2.408797e-139  +1.536185e-189  +1.360583e-250 
+0.000000e+00  +2.182069e-315  +4.931292e-259  +1.547715e-213  +6.746198e-179  +4.083807e-155  +3.433281e-142  +4.008587e-140  +6.499970e-149  +1.463758e-168  +4.577888e-199  +1.988379e-240  +3.192259e-271  +1.227595e-225  +5.769611e-166  +3.765970e-117  +3.413855e-79  +4.301659e-52  +8.458174e-33  +4.097532e-20  +6.349723e-09  +1.582356e-06  +1.286608e-11  +2.463906e-17  +4.994653e-22  +9.761775e-37  +9.044201e-58  +1.360420e-89  +2.842998e-132  +3.915459e-175  +2.497043e-225  +2.211604e-286 
+0.000000e+00  +0.000000e+00  +1.323454e-318  +4.153744e-273  +1.810539e-238  +1.096009e-214  +9.214211e-202  +1.075821e-199  +1.744457e-208  +3.928422e-228  +1.228610e-258  +5.336394e-300  +0.000000e+00  +9.204647e-255  +4.326129e-195  +2.823773e-146  +2.560534e-108  +1.251737e-78  +5.498144e-56  +1.744382e-33  +1.949994e-21  +1.739780e-18  +1.222332e-23  +1.030676e-38  +4.579252e-44  +1.290007e-59  +1.404118e-84  +2.036317e-116  +4.254253e-159  +1.234354e-212  +5.637029e-272  +0.000000e+00 
+0.000000e+00  +0.000000e+00  +0.000000e+00  +0.000000e+00  +6.748305e-309  +4.085083e-285  +3.434353e-272  +4.009840e-270  +6.502000e-279  +1.464215e-298  +0.000000e+00  +0.000000e+00  +0.000000e+00  +9.585130e-295  +4.504954e-235  +2.940806e-186  +3.584384e-146  +7.324607e-113  +9.383809e-80  +7.545809e-57  +8.480915e-45  +2.774270e-41  +1.973943e-46  +1.959797e-62  +5.830838e-77  +1.642429e-92  +6.427919e-119  +4.268025e-154  +8.843799e-197  +2.565992e-250  +1.033974e-314  +0.000000e+00 
+0.000000e+00  +0.000000e+00  +0.000000e+00  +0.000000e+00  +0.000000e+00  +0.000000e+00  +0.000000e+00  +0.000000e+00  +0.000000e+00  +0.000000e+00  +0.000000e+00  +0.000000e+00  +0.000000e+00  +0.000000e+00  +6.515307e-286  +1.997890e-235  +2.482929e-191  +9.742955e-148  +5.641509e-114  +4.536689e-91  +5.186965e-79  +6.201578e-75  +4.427802e-80  +4.396052e-96  +1.037173e-120  +2.904431e-136  +1.136200e-162  +6.185078e-200  +2.557902e-245  +7.408136e-299  +0.000000e+00  +0.000000e+00 
+0.000000e+00  +0.000000e+00  +0.000000e+00  +0.000000e+00  +0.000000e+00  +0.000000e+00  +0.000000e+00  +0.000000e+00  +0.000000e+00  +0.000000e+00  +0.000000e+00  +0.000000e+00  +0.000000e+00  +0.000000e+00  +0.000000e+00  +1.781716e-291  +1.951162e-237  +8.135061e-193  +4.710492e-159  +3.788008e-136  +4.605334e-124  +1.930150e-119  +1.379368e-124  +1.369477e-140  +1.888283e-167  +7.133021e-191  +2.790404e-217  +1.515998e-254  +1.154085e-302  +0.000000e+00  +0.000000e+00  +0.000000e+00 
