+0.000000e+00  +0.000000e+00  +0.000000e+00  +0.000000e+00  +0.000000e+00  +0.000000e+00  +0.000000e+00  +0.000000e+00  +0.000000e+00  +0.000000e+00  +0.000000e+00  +1.085497e-275  +2.636340e-230  +1.689616e-185  +2.250542e-142  +6.805116e-109  +2.857743e-86  +1.666676e-74  +1.349961e-73  +1.518575e-83  +2.372475e-104  +5.147869e-136  +1.230621e-177  +1.754170e-207  +6.901253e-231  +1.375218e-261  +1.639474e-301  +0.000000e+00  +0.000000e+00  +0.000000e+00  +0.000000e+00  +0.000000e+00 
+0.000000e+00  +0.000000e+00  +0.000000e+00  +0.000000e+00  +0.000000e+00  +0.000000e+00  +0.000000e+00  +0.000000e+00  +0.000000e+00  +4.940656e-324  +1.426161e-268  +4.883107e-223  +2.549212e-178  +2.818815e-142  +3.444029e-108  +6.991815e-76  +2.936464e-53  +1.712914e-41  +1.387881e-40  +1.562163e-50  +2.443145e-71  +7.466532e-103  +7.607556e-132  +6.824622e-150  +2.047183e-171  +9.296357e-201  +1.119755e-240  +1.873565e-291  +0.000000e+00  +0.000000e+00  +0.000000e+00  +0.000000e+00 
+0.000000e+00  +0.000000e+00  +0.000000e+00  +0.000000e+00  +0.000000e+00  +0.000000e+00  +0.000000e+00  +6.260120e-311  +8.604569e-286  +1.684742e-271  +2.083460e-217  +1.516082e-172  +1.269468e-136  +1.154674e-102  +7.864459e-76  +1.355080e-52  +4.206987e-31  +2.461891e-19  +2.005966e-18  +2.280176e-28  +3.814657e-49  +9.978715e-69  +7.262595e-87  +1.290613e-101  +1.035863e-121  +8.816068e-151  +1.062137e-190  +1.777159e-241  +4.129617e-303  +0.000000e+00  +0.000000e+00  +0.000000e+00 
+0.000000e+00  +0.000000e+00  +0.000000e+00  +0.000000e+00  +0.000000e+00  +7.333615e-307  +1.017298e-272  +9.580700e-241  +1.316858e-215  +2.513758e-201  +9.161326e-177  +3.075962e-132  +3.108514e-98  +7.893687e-72  +1.008765e-48  +4.265962e-31  +1.035547e-18  +5.480067e-08  +4.836240e-07  +6.289097e-17  +4.135880e-27  +3.264637e-44  +4.266040e-52  +5.698846e-64  +1.339295e-82  +1.161364e-111  +1.399188e-151  +2.341109e-202  +5.440079e-264  +0.000000e+00  +0.000000e+00  +0.000000e+00 
+0.000000e+00  +0.000000e+00  +0.000000e+00  +8.252895e-314  +3.180977e-272  +5.682623e-237  +4.371549e-209  +2.486638e-181  +2.798896e-156  +5.342828e-142  +1.420714e-138  +2.008705e-101  +8.760319e-69  +1.229303e-45  +9.572337e-29  +1.700077e-16  +4.465095e-08  +2.617948e-05  +2.329395e-05  +7.022628e-07  +5.172213e-14  +1.593414e-20  +1.282118e-26  +4.058830e-36  +2.449265e-54  +2.124720e-83  +2.559820e-123  +4.283069e-174  +9.952648e-236  +3.211886e-308  +0.000000e+00  +0.000000e+00 
+0.000000e+00  +0.000000e+00  +2.826275e-302  +3.409488e-251  +5.744931e-211  +6.117769e-178  +1.589062e-153  +2.687585e-129  +8.261797e-108  +1.577092e-93  +4.181188e-90  +1.875963e-76  +1.470912e-47  +4.826444e-27  +9.376869e-15  +2.241348e-07  +3.409422e-05  +4.995987e-05  +1.488900e-04  +1.897050e-04  +6.970451e-06  +1.669881e-07  +8.908965e-11  +9.969993e-19  +6.223053e-37  +5.398500e-66  +6.504007e-106  +1.088257e-156  +2.529475e-218  +8.216932e-291  +0.000000e+00  +0.000000e+00 
+0.000000e+00  +1.866854e-312  +1.621613e-250  +1.956239e-199  +3.277444e-159  +1.676875e-129  +2.371443e-105  +2.226651e-87  +3.705504e-70  +6.465180e-56  +1.713975e-52  +1.858790e-49  +2.324772e-33  +2.444959e-15  +5.463865e-07  +6.369560e-05  +3.085874e-04  +6.527296e-05  +3.704909e-04  +8.444349e-05  +4.161030e-05  +8.422865e-05  +8.318931e-05  +3.532105e-12  +2.435173e-30  +7.003314e-59  +1.546057e-97  +6.344542e-147  +3.768726e-207  +4.224709e-278  +0.000000e+00  +0.000000e+00 
+0.000000e+00  +1.487582e-271  +1.292165e-209  +1.558808e-158  +2.611592e-118  +6.078434e-89  +4.942729e-68  +1.816693e-54  +3.668948e-40  +3.680807e-29  +9.758088e-26  +7.903947e-24  +2.108825e-22  +5.456202e-10  +1.456416e-04  +8.299778e-05  +2.099159e-04  +2.444430e-04  +3.048030e-04  +1.606291e-04  +1.981471e-05  +8.877829e-05  +1.915307e-04  +2.055992e-10  +1.900865e-26  +5.116349e-53  +2.076021e-90  +1.177176e-138  +9.274419e-198  +1.014810e-267  +0.000000e+00  +0.000000e+00 
+2.632029e-314  +1.646227e-241  +1.429968e-179  +1.725048e-128  +2.890108e-88  +6.724580e-59  +2.314937e-40  +5.113662e-28  +5.886952e-20  +3.026979e-13  +7.715511e-10  +4.667823e-09  +1.074387e-08  +7.268188e-07  +1.119419e-04  +1.222791e-04  +1.067681e-04  +9.956067e-05  +7.248267e-05  +3.382694e-04  +2.306388e-04  +1.174522e-04  +1.314910e-04  +1.862102e-10  +1.978185e-26  +5.522983e-53  +2.249930e-90  +1.276237e-138  +1.005517e-197  +1.100242e-267  +0.000000e+00  +0.000000e+00 
+4.045175e-295  +2.530091e-222  +2.197723e-160  +2.651233e-109  +4.441825e-69  +1.033531e-39  +3.341033e-21  +2.197958e-12  +1.530562e-08  +2.768419e-05  +8.706713e-05  +1.015702e-04  +2.322211e-04  +1.194851e-04  +1.342313e-04  +1.993246e-04  +2.454939e-04  +2.704129e-04  +1.922292e-04  +2.405305e-04  +4.817710e-04  +1.548684e-05  +1.192088e-07  +2.413684e-15  +5.287075e-33  +7.281925e-61  +1.549761e-99  +6.317812e-149  +6.404626e-206  +2.756309e-268  +0.000000e+00  +0.000000e+00 
+8.634194e-287  +5.400335e-214  +4.690916e-152  +5.658927e-101  +9.481349e-61  +2.207752e-31  +7.210730e-13  +3.734594e-05  +6.824049e-05  +2.540845e-05  +2.484966e-04  +2.552280e-04  +2.046647e-04  +1.147421e-04  +1.388064e-04  +1.791973e-04  +1.431320e-04  +8.336249e-05  +1.951543e-04  +6.648583e-05  +3.624326e-04  +1.401459e-04  +5.803324e-05  +4.904598e-13  +1.075143e-31  +8.695089e-56  +1.400686e-85  +3.133627e-126  +9.736248e-178  +4.201206e-240  +2.517644e-313  +0.000000e+00 
+2.559437e-289  +1.600830e-216  +1.390671e-154  +1.681163e-103  +2.947375e-63  +1.375893e-33  +5.627855e-14  +6.379318e-05  +2.435663e-04  +1.685789e-04  +2.076570e-04  +2.702381e-04  +9.909005e-05  +1.192810e-04  +9.620169e-05  +1.886025e-04  +7.445187e-05  +4.047121e-05  +1.743970e-04  +2.192060e-04  +3.097442e-05  +7.445688e-06  +1.616416e-07  +1.899956e-11  +1.586813e-19  +1.840587e-38  +2.965002e-68  +6.633410e-109  +2.061776e-160  +8.994718e-223  +7.148430e-296  +0.000000e+00 
+4.362797e-301  +7.416203e-227  +1.794713e-163  +6.046318e-111  +2.832427e-69  +1.844420e-38  +1.670654e-18  +5.342999e-08  +4.974499e-05  +5.716774e-05  +6.758766e-04  +3.533172e-04  +7.466043e-05  +2.470651e-04  +2.575739e-04  +6.229047e-05  +5.013355e-05  +1.045189e-04  +6.192212e-05  +2.412050e-04  +3.249812e-05  +1.595044e-04  +9.369541e-05  +5.605962e-05  +4.761830e-13  +8.770642e-32  +1.705371e-60  +1.084414e-99  +1.005675e-149  +1.297443e-210  +2.324776e-282  +0.000000e+00 
+4.558155e-316  +8.000844e-242  +1.950403e-178  +6.603190e-126  +3.104743e-84  +2.330223e-53  +8.905944e-30  +1.794267e-12  +3.900982e-05  +1.089959e-04  +1.511315e-04  +3.366140e-04  +3.038270e-04  +2.731094e-04  +1.437263e-04  +1.192911e-04  +8.954831e-06  +3.870978e-05  +2.548090e-05  +3.079420e-04  +4.319397e-04  +1.758203e-04  +1.656195e-04  +7.538870e-05  +1.719375e-11  +5.963083e-29  +2.872188e-57  +1.921289e-96  +1.784887e-146  +2.302854e-207  +4.126295e-279  +0.000000e+00 
+0.000000e+00  +3.620927e-249  +3.056112e-182  +3.598942e-126  +5.952091e-81  +1.403317e-46  +4.867332e-23  +2.626437e-10  +6.207694e-05  +3.425016e-05  +1.997561e-04  +2.738029e-04  +2.608211e-04  +1.649985e-04  +2.179233e-04  +1.344380e-04  +4.952857e-06  +1.455896e-04  +7.025222e-05  +1.357169e-04  +2.314753e-04  +2.455331e-04  +6.942098e-09  +7.543835e-12  +4.239026e-19  +1.469900e-36  +7.079945e-65  +4.735980e-104  +4.399747e-154  +5.676538e-215  +1.017132e-286  +0.000000e+00 
+9.881313e-324  +6.645490e-246  +5.611642e-179  +6.616258e-123  +1.097329e-77  +2.603967e-43  +9.154880e-20  +5.049607e-07  +6.148578e-05  +1.422412e-06  +2.601277e-04  +2.485473e-04  +3.175481e-04  +3.725012e-04  +3.478651e-05  +2.362650e-06  +2.213805e-09  +6.415080e-05  +3.176358e-04  +1.311979e-04  +2.202784e-04  +7.328871e-05  +2.105888e-10  +7.368748e-20  +1.377015e-35  +5.033296e-55  +2.423734e-83  +1.621306e-122  +1.506200e-172  +1.943294e-233  +3.482029e-305  +0.000000e+00 
+0.000000e+00  +1.693927e-253  +1.431210e-186  +1.689739e-130  +2.811585e-85  +6.721022e-51  +2.403233e-27  +5.371539e-12  +8.799060e-05  +9.937678e-05  +4.521431e-04  +2.052810e-04  +4.027131e-04  +7.311809e-04  +1.579273e-04  +2.125161e-04  +6.508082e-09  +4.870857e-06  +1.218317e-04  +5.694482e-06  +1.310207e-04  +1.944954e-04  +7.676211e-05  +9.821338e-10  +5.931356e-22  +5.428480e-45  +7.040471e-79  +1.275151e-123  +3.222498e-179  +1.143401e-245  +5.928788e-323  +0.000000e+00 
+0.000000e+00  +5.996895e-272  +5.070117e-205  +5.995426e-149  +3.309208e-103  +1.414126e-63  +1.203346e-34  +1.430574e-16  +7.594025e-07  +1.629629e-04  +2.745545e-04  +2.558287e-04  +1.765316e-04  +2.530585e-04  +1.459477e-04  +1.090845e-04  +2.465320e-06  +1.454482e-06  +1.301920e-04  +1.958134e-04  +1.901048e-04  +1.525930e-04  +1.456707e-04  +2.003766e-06  +2.826248e-18  +6.914066e-41  +2.498903e-74  +1.280188e-118  +9.173318e-174  +9.151665e-240  +1.269085e-316  +0.000000e+00 
+0.000000e+00  +2.975506e-301  +6.141278e-231  +1.950165e-169  +8.603963e-119  +5.271979e-79  +9.153169e-50  +6.715305e-27  +7.103881e-11  +7.926337e-05  +3.508964e-04  +6.544114e-04  +2.339222e-04  +1.532497e-04  +2.822794e-04  +6.129274e-05  +1.406855e-04  +7.210971e-05  +1.106298e-04  +1.367831e-04  +1.562791e-04  +6.084562e-06  +4.108329e-09  +5.575831e-10  +1.078128e-21  +2.895170e-44  +1.079734e-77  +5.592388e-122  +4.022684e-177  +4.018580e-243  +5.575531e-320  +0.000000e+00 
+0.000000e+00  +0.000000e+00  +3.178312e-257  +1.009685e-195  +4.472034e-145  +1.392692e-99  +6.792565e-60  +4.630043e-31  +4.385183e-13  +7.412693e-06  +1.033527e-05  +4.836959e-05  +3.382039e-04  +1.758886e-04  +9.994106e-05  +2.097923e-04  +2.954188e-04  +1.239783e-04  +2.286535e-04  +1.525499e-05  +1.013884e-04  +2.481824e-04  +1.054466e-05  +2.163452e-14  +3.918396e-33  +1.843827e-58  +6.589415e-92  +3.412879e-136  +2.454933e-191  +2.452428e-257  +0.000000e+00  +0.000000e+00 
+0.000000e+00  +0.000000e+00  +4.431013e-294  +3.933561e-222  +1.001500e-160  +3.541229e-110  +1.738982e-70  +1.185972e-41  +1.143885e-23  +7.708386e-14  +7.966119e-06  +1.567390e-04  +1.925232e-04  +1.285241e-04  +2.160424e-04  +1.849928e-04  +3.932513e-04  +4.961997e-05  +1.834390e-04  +1.849630e-04  +9.921049e-05  +1.883726e-04  +4.069816e-05  +1.391527e-09  +9.454410e-25  +8.922976e-51  +1.169580e-87  +2.129065e-135  +5.382521e-194  +1.889820e-263  +0.000000e+00  +0.000000e+00 
+0.000000e+00  +0.000000e+00  +7.633187e-316  +1.399372e-243  +3.562855e-182  +1.259799e-131  +6.186461e-92  +4.224091e-63  +1.513046e-43  +2.338833e-22  +9.777549e-09  +9.823691e-06  +1.837207e-05  +2.094333e-04  +1.052360e-04  +2.092471e-04  +3.460230e-04  +3.537445e-04  +1.855234e-04  +2.990434e-04  +3.336181e-04  +8.207267e-05  +7.884759e-05  +3.172330e-10  +3.256725e-26  +1.579045e-52  +1.900210e-89  +3.432375e-137  +8.671598e-196  +3.044449e-265  +0.000000e+00  +0.000000e+00 
+0.000000e+00  +0.000000e+00  +0.000000e+00  +6.913823e-276  +1.760287e-214  +6.224242e-164  +3.056754e-124  +1.953401e-92  +4.934666e-57  +1.753178e-32  +8.650450e-19  +6.336414e-16  +6.856820e-08  +1.611902e-06  +2.246841e-04  +1.929044e-04  +5.500633e-05  +3.591660e-04  +3.461724e-04  +1.908347e-04  +1.242787e-05  +2.068596e-04  +1.956680e-04  +1.430950e-10  +2.527312e-27  +6.371536e-55  +2.233048e-93  +1.086941e-142  +7.347766e-203  +6.899061e-274  +0.000000e+00  +0.000000e+00 
+0.000000e+00  +0.000000e+00  +0.000000e+00  +4.743969e-319  +1.207832e-257  +4.270824e-207  +1.287567e-159  +2.371727e-113  +6.067333e-78  +2.155604e-53  +1.063599e-39  +1.155728e-30  +7.036367e-19  +8.559067e-12  +1.076413e-06  +1.783802e-04  +3.683858e-04  +4.945485e-04  +5.553276e-04  +8.821452e-05  +1.309336e-04  +1.642708e-04  +3.429337e-07  +4.784468e-17  +4.314505e-34  +1.049913e-61  +3.674933e-100  +1.788696e-149  +1.209153e-209  +1.135179e-280  +0.000000e+00  +0.000000e+00 
+0.000000e+00  +0.000000e+00  +0.000000e+00  +0.000000e+00  +1.150997e-311  +1.657651e-248  +2.198621e-191  +4.049911e-145  +1.036045e-109  +3.680863e-85  +1.816555e-71  +1.647101e-52  +3.454558e-37  +4.975470e-16  +9.964312e-06  +9.575146e-05  +3.417918e-04  +1.529781e-04  +2.260700e-04  +1.984594e-04  +1.055294e-04  +8.489594e-09  +6.373540e-16  +7.559733e-29  +3.074532e-51  +2.514723e-79  +8.413195e-118  +4.088200e-167  +2.763448e-227  +2.594381e-298  +0.000000e+00  +0.000000e+00 
+0.000000e+00  +0.000000e+00  +0.000000e+00  +0.000000e+00  +0.000000e+00  +3.931080e-291  +5.213977e-234  +9.604268e-188  +2.456956e-152  +8.729080e-128  +7.542074e-108  +3.031184e-69  +1.530212e-38  +1.657050e-17  +6.312450e-07  +1.534627e-04  +1.627838e-04  +1.327414e-04  +1.587082e-04  +1.125349e-04  +9.081560e-06  +8.781963e-05  +2.730918e-09  +5.025192e-22  +1.286381e-45  +4.573246e-80  +2.257967e-125  +1.548276e-181  +1.474406e-248  +0.000000e+00  +0.000000e+00  +0.000000e+00 
+0.000000e+00  +0.000000e+00  +0.000000e+00  +0.000000e+00  +0.000000e+00  +0.000000e+00  +1.717220e-287  +3.163159e-241  +8.091968e-206  +3.038075e-152  +3.859315e-101  +6.814621e-61  +1.687721e-31  +6.443887e-13  +7.368517e-05  +7.338689e-05  +7.653961e-05  +1.092214e-04  +5.212917e-05  +6.452634e-05  +1.504200e-04  +8.529089e-05  +9.130851e-08  +1.682140e-20  +4.306052e-44  +1.530855e-78  +7.558351e-124  +5.182722e-180  +4.935449e-247  +0.000000e+00  +0.000000e+00  +0.000000e+00 
+0.000000e+00  +0.000000e+00  +0.000000e+00  +0.000000e+00  +0.000000e+00  +0.000000e+00  +0.000000e+00  +2.709547e-289  +1.784413e-216  +1.632044e-154  +2.073034e-103  +3.656955e-63  +8.959390e-34  +3.056322e-15  +6.421699e-07  +1.547955e-04  +1.802908e-04  +1.772215e-04  +8.839428e-05  +4.520309e-05  +1.096142e-04  +8.632153e-06  +6.550624e-13  +8.674376e-30  +2.001831e-53  +7.116750e-88  +3.513780e-133  +2.409381e-189  +2.294427e-256  +0.000000e+00  +0.000000e+00  +0.000000e+00 
+0.000000e+00  +0.000000e+00  +0.000000e+00  +0.000000e+00  +0.000000e+00  +0.000000e+00  +0.000000e+00  +2.021490e-302  +1.331282e-229  +1.217606e-167  +1.546612e-116  +2.728313e-76  +6.692108e-47  +6.180498e-28  +1.472694e-16  +5.904194e-08  +8.578936e-05  +2.411600e-07  +6.278639e-08  +7.596627e-08  +2.358841e-11  +5.497373e-16  +3.905323e-23  +3.980991e-41  +5.638599e-70  +4.705905e-108  +2.268611e-153  +1.555575e-209  +1.481357e-276  +0.000000e+00  +0.000000e+00  +0.000000e+00 
+0.000000e+00  +0.000000e+00  +0.000000e+00  +0.000000e+00  +0.000000e+00  +0.000000e+00  +0.000000e+00  +0.000000e+00  +1.379377e-253  +1.261594e-191  +1.602486e-140  +2.828560e-100  +1.285948e-70  +3.357305e-49  +2.150908e-30  +3.041612e-17  +1.576987e-12  +5.970941e-18  +2.179598e-21  +1.613833e-20  +2.839788e-28  +2.759453e-35  +3.358255e-44  +3.423209e-62  +4.846088e-91  +9.527680e-131  +2.603522e-181  +1.404673e-240  +1.328260e-307  +0.000000e+00  +0.000000e+00  +0.000000e+00 
+0.000000e+00  +0.000000e+00  +0.000000e+00  +0.000000e+00  +0.000000e+00  +0.000000e+00  +0.000000e+00  +0.000000e+00  +1.984878e-288  +1.815392e-226  +2.306609e-175  +5.806345e-135  +6.165842e-103  +1.529653e-74  +1.302036e-50  +1.806558e-36  +4.476677e-31  +1.694596e-36  +3.327314e-45  +4.763848e-44  +1.058007e-53  +5.809759e-64  +4.010734e-76  +4.088180e-94  +5.787458e-123  +1.137846e-162  +3.106828e-213  +1.178118e-274  +0.000000e+00  +0.000000e+00  +0.000000e+00  +0.000000e+00 
+0.000000e+00  +0.000000e+00  +0.000000e+00  +0.000000e+00  +0.000000e+00  +0.000000e+00  +0.000000e+00  +0.000000e+00  +0.000000e+00  +3.628470e-272  +5.590694e-221  +2.499450e-178  +2.110422e-140  +1.309907e-105  +1.528817e-81  +6.507001e-66  +1.769559e-60  +6.698889e-66  +1.246563e-79  +1.952968e-78  +4.305328e-88  +1.805409e-103  +7.026744e-119  +6.780544e-137  +9.598919e-166  +1.887201e-205  +5.152901e-256  +1.953995e-317  +0.000000e+00  +0.000000e+00  +0.000000e+00  +0.000000e+00 
