+0.000000e+00  +0.000000e+00  +0.000000e+00  +0.000000e+00  +0.000000e+00  +0.000000e+00  +0.000000e+00  +0.000000e+00  +9.881313e-320  +4.671092e-259  +3.066601e-209  +2.795981e-170  +3.540501e-142  +9.623612e-122  +9.969917e-108  +1.435371e-104  +2.869951e-112  +4.982190e-128  +4.953363e-146  +6.877215e-175  +1.146352e-208  +7.742098e-236  +3.621950e-259  +9.061093e-279  +9.754855e-303  +2.706749e-318  +0.000000e+00  +0.000000e+00  +0.000000e+00  +0.000000e+00  +0.000000e+00  +0.000000e+00 
+0.000000e+00  +0.000000e+00  +0.000000e+00  +0.000000e+00  +0.000000e+00  +0.000000e+00  +0.000000e+00  +4.180289e-320  +1.984106e-275  +9.379198e-215  +6.157502e-165  +5.614116e-126  +7.108799e-98  +2.478955e-80  +1.273887e-66  +1.834018e-63  +3.667069e-71  +3.075803e-83  +3.079863e-101  +4.802549e-130  +3.512709e-151  +2.383378e-178  +1.304757e-191  +3.269884e-211  +2.400670e-228  +6.668201e-244  +2.572347e-270  +4.787475e-304  +0.000000e+00  +0.000000e+00  +0.000000e+00  +0.000000e+00 
+0.000000e+00  +0.000000e+00  +0.000000e+00  +0.000000e+00  +0.000000e+00  +3.904335e-292  +1.475560e-262  +7.744701e-244  +5.806816e-234  +2.615477e-181  +1.717077e-131  +1.565549e-92  +1.982355e-64  +3.488235e-47  +2.260606e-36  +3.254475e-33  +6.875557e-41  +2.662024e-49  +2.899537e-67  +4.823086e-88  +1.501761e-104  +3.623729e-126  +6.527614e-135  +1.209731e-153  +8.213812e-165  +2.281431e-180  +8.853788e-207  +2.255987e-235  +1.336906e-272  +1.100284e-320  +0.000000e+00  +0.000000e+00 
+0.000000e+00  +0.000000e+00  +0.000000e+00  +1.883877e-318  +3.691365e-267  +1.004521e-226  +3.796372e-197  +1.992583e-178  +1.452454e-170  +1.863311e-146  +6.649867e-109  +6.063031e-70  +7.677231e-42  +1.350074e-24  +5.900603e-17  +8.020406e-14  +4.457849e-19  +3.595403e-26  +2.207055e-41  +1.825499e-52  +8.916567e-69  +2.517778e-80  +4.535437e-89  +2.644826e-104  +3.903235e-112  +1.084039e-127  +3.465195e-151  +1.476827e-177  +8.751727e-215  +7.202710e-263  +8.250896e-322  +0.000000e+00 
+0.000000e+00  +0.000000e+00  +0.000000e+00  +6.731361e-264  +1.318976e-212  +3.589291e-172  +1.356496e-142  +7.119776e-124  +5.189817e-116  +4.070065e-105  +1.170309e-80  +3.262612e-58  +4.129260e-30  +7.261371e-13  +1.792477e-06  +2.745487e-05  +8.696149e-07  +2.119544e-13  +3.603714e-20  +1.504988e-27  +7.354331e-44  +2.429508e-45  +4.436246e-54  +2.243509e-65  +2.576522e-70  +7.163797e-86  +3.146547e-104  +1.342643e-130  +7.956548e-168  +6.548274e-216  +7.484572e-275  +0.000000e+00 
+0.000000e+00  +0.000000e+00  +2.367525e-282  +3.340340e-220  +6.545224e-169  +1.781133e-128  +6.731414e-99  +3.533085e-80  +2.575371e-72  +1.493540e-68  +3.498466e-50  +8.738984e-36  +8.958986e-26  +4.092955e-10  +4.517532e-05  +8.136054e-05  +1.303268e-04  +1.165075e-05  +5.421628e-08  +1.723477e-13  +2.510164e-23  +3.255797e-21  +2.926151e-28  +1.260047e-34  +2.363537e-39  +1.299605e-52  +3.972859e-68  +1.695233e-94  +1.004601e-131  +8.267911e-180  +9.450249e-239  +1.555950e-308 
+0.000000e+00  +1.630417e-322  +1.631625e-249  +2.302058e-187  +4.510766e-136  +1.227502e-95  +4.639081e-66  +2.434892e-47  +1.774866e-39  +8.036122e-41  +3.208748e-29  +5.864023e-17  +1.794648e-10  +1.712588e-09  +5.642649e-05  +2.131060e-05  +2.003286e-04  +1.708327e-04  +1.150687e-04  +6.598837e-09  +5.252038e-10  +6.066036e-08  +1.915752e-11  +1.811281e-14  +3.018173e-19  +2.267367e-27  +6.966426e-43  +2.972599e-69  +1.761809e-106  +1.877722e-154  +1.076980e-210  +3.752604e-277 
+0.000000e+00  +1.537184e-300  +1.561651e-227  +2.203332e-165  +4.317317e-114  +1.174859e-73  +4.440129e-44  +2.330470e-25  +1.698752e-17  +1.977563e-20  +2.237457e-12  +3.394812e-08  +4.362254e-05  +1.521542e-06  +1.152303e-05  +2.310226e-04  +3.820706e-04  +2.531773e-04  +2.078253e-04  +1.767385e-07  +1.278001e-04  +2.109141e-04  +3.153475e-05  +4.339281e-05  +2.549921e-08  +5.521623e-13  +1.698309e-28  +2.417324e-54  +2.206627e-88  +3.991740e-133  +1.003039e-188  +3.500351e-255 
+0.000000e+00  +2.043279e-289  +2.075800e-216  +2.928745e-154  +5.738726e-103  +1.561663e-62  +5.901973e-33  +3.097741e-14  +2.259733e-06  +5.936035e-08  +2.270768e-06  +2.483908e-05  +1.141042e-04  +1.416852e-04  +2.290233e-04  +9.500230e-05  +1.480269e-04  +4.524314e-04  +3.415791e-04  +3.163059e-04  +3.678772e-04  +3.098921e-04  +1.493466e-04  +2.973363e-05  +8.610613e-05  +3.648817e-08  +2.338572e-20  +2.193723e-43  +2.857996e-77  +5.171058e-122  +1.299377e-177  +4.534493e-244 
+0.000000e+00  +3.771961e-289  +3.831997e-216  +5.406562e-154  +1.059388e-102  +2.882883e-62  +1.089524e-32  +5.718835e-14  +5.330568e-06  +1.962816e-05  +5.023560e-05  +6.665561e-05  +1.542743e-04  +3.961378e-04  +1.539914e-04  +3.269911e-04  +5.163164e-04  +4.514901e-04  +3.577549e-04  +3.663910e-04  +3.940270e-04  +2.018821e-04  +4.326234e-04  +8.805054e-05  +9.616571e-05  +6.239783e-08  +4.207219e-20  +3.946726e-43  +5.141819e-77  +9.303247e-122  +2.337708e-177  +8.158003e-244 
+0.000000e+00  +9.670405e-300  +9.824324e-227  +1.386113e-164  +2.716018e-113  +7.391022e-73  +2.793289e-43  +1.494849e-24  +1.115489e-14  +7.553796e-10  +4.102418e-07  +1.011447e-07  +3.245423e-05  +1.099285e-04  +2.724429e-05  +2.223943e-04  +1.696610e-04  +3.051850e-05  +4.610657e-04  +3.462371e-04  +3.523603e-04  +2.693063e-04  +2.443289e-04  +2.279204e-07  +1.344050e-06  +2.824447e-14  +1.472789e-30  +9.861305e-54  +1.284724e-87  +2.324490e-132  +5.840948e-188  +1.526776e-240 
+0.000000e+00  +3.443638e-321  +3.497987e-248  +4.935307e-186  +9.670481e-135  +2.631601e-94  +9.959294e-65  +4.318215e-45  +1.468383e-33  +3.801559e-22  +2.063359e-19  +3.744254e-16  +6.154262e-06  +3.912224e-05  +2.150354e-04  +4.324192e-04  +2.592411e-04  +2.666264e-04  +1.548494e-04  +1.508171e-04  +2.273111e-04  +9.184222e-05  +2.138301e-04  +3.346939e-05  +6.613296e-06  +7.726306e-12  +1.334497e-28  +4.444478e-55  +2.950296e-91  +4.369495e-118  +2.911518e-150  +2.694298e-193 
+0.000000e+00  +0.000000e+00  +1.729703e-280  +2.440437e-218  +4.781911e-167  +1.301414e-126  +7.433826e-97  +6.963151e-75  +6.799894e-59  +2.657419e-45  +1.446575e-42  +4.992499e-24  +8.207065e-14  +1.355565e-08  +7.644898e-05  +2.221816e-04  +1.444695e-04  +2.908734e-04  +1.948978e-04  +3.582149e-04  +2.763178e-04  +9.335963e-05  +5.709632e-05  +1.684162e-04  +7.770029e-05  +1.907953e-08  +7.007670e-23  +3.640213e-48  +2.231974e-60  +1.070877e-81  +7.135554e-114  +6.603191e-157 
+0.000000e+00  +0.000000e+00  +9.881313e-324  +1.675942e-261  +3.284503e-210  +4.928185e-162  +6.044556e-121  +1.029627e-90  +2.435752e-71  +3.677375e-60  +1.058719e-34  +4.244275e-20  +2.387887e-16  +6.742596e-07  +1.790732e-04  +1.329238e-04  +3.922155e-04  +3.610428e-04  +9.139849e-05  +3.940142e-04  +2.928867e-04  +1.426914e-04  +1.537943e-04  +5.562129e-05  +2.580097e-06  +2.302462e-08  +8.581846e-19  +2.198989e-24  +7.596882e-35  +3.644900e-56  +2.428700e-88  +2.247502e-131 
+0.000000e+00  +0.000000e+00  +3.598170e-281  +1.948094e-221  +1.467295e-172  +4.854188e-132  +5.934971e-91  +1.010960e-60  +2.391593e-41  +8.007003e-33  +3.007865e-24  +1.205853e-09  +6.717701e-06  +4.480625e-05  +3.955976e-04  +2.705760e-04  +4.987011e-04  +2.978647e-04  +1.456565e-04  +3.284208e-04  +1.138322e-04  +6.747645e-05  +3.077690e-05  +6.383270e-06  +4.517188e-05  +4.524502e-06  +1.436670e-08  +1.039459e-09  +3.591034e-20  +1.722939e-41  +1.148043e-73  +1.062391e-116 
+0.000000e+00  +1.675398e-280  +1.280644e-227  +7.793700e-185  +4.809055e-136  +5.030394e-98  +8.117082e-71  +1.378561e-41  +3.261215e-22  +1.073325e-13  +4.779528e-12  +1.933744e-07  +2.226482e-04  +1.333844e-04  +1.776466e-04  +2.143748e-04  +2.546528e-04  +2.780178e-04  +3.161385e-04  +1.432505e-05  +7.841276e-12  +7.690462e-09  +4.152060e-11  +5.936192e-11  +1.352795e-06  +4.546924e-06  +6.889283e-05  +6.823854e-06  +2.357445e-16  +1.131076e-37  +7.536681e-70  +6.974391e-113 
+5.166546e-295  +5.333203e-235  +3.782987e-182  +4.015900e-140  +6.545538e-109  +2.293711e-72  +3.326314e-45  +6.711553e-29  +6.176032e-14  +2.029422e-05  +1.023787e-04  +3.066087e-06  +4.447997e-05  +1.597869e-04  +1.685450e-04  +1.929040e-04  +2.625377e-04  +1.746259e-04  +2.193228e-04  +9.580555e-07  +7.643204e-18  +2.537703e-23  +1.369139e-25  +1.852637e-25  +2.446461e-18  +3.570597e-12  +2.444355e-08  +6.244659e-13  +2.149323e-23  +1.031221e-44  +6.871320e-77  +6.358671e-120 
+7.674011e-254  +5.706488e-195  +7.445270e-147  +1.647589e-105  +2.428920e-74  +5.618472e-54  +2.985446e-30  +4.243957e-14  +1.998963e-08  +9.560894e-06  +5.789046e-05  +1.394234e-04  +4.863779e-05  +1.101312e-04  +9.590013e-05  +3.569138e-05  +2.024343e-04  +1.897568e-04  +9.065189e-05  +2.901441e-06  +5.663407e-13  +1.541569e-30  +6.274445e-51  +3.892021e-48  +1.678249e-40  +1.836461e-26  +1.257346e-22  +1.274321e-29  +2.721447e-41  +1.305720e-62  +8.700379e-95  +8.051269e-138 
+7.923199e-219  +1.462355e-164  +1.215868e-116  +1.753266e-79  +1.387342e-50  +2.833475e-30  +1.002626e-20  +3.786832e-08  +1.265376e-04  +1.625901e-04  +2.031624e-04  +5.949150e-05  +1.468406e-04  +1.618612e-04  +3.225083e-04  +4.421662e-04  +2.205063e-04  +2.199421e-04  +1.478833e-04  +1.096739e-05  +1.545660e-12  +4.207199e-30  +1.590436e-58  +1.185156e-81  +2.661213e-66  +1.311943e-51  +8.982312e-48  +8.540955e-55  +4.796870e-70  +2.296074e-91  +1.529939e-123  +1.415795e-166 
+5.206465e-190  +1.857448e-136  +9.283441e-94  +5.061061e-60  +9.953980e-34  +2.517349e-17  +6.375328e-08  +2.688159e-07  +9.566690e-07  +1.160015e-04  +1.312078e-04  +1.250371e-04  +8.990699e-05  +1.670540e-04  +5.779583e-05  +5.124270e-05  +8.518269e-05  +4.756950e-05  +2.760739e-05  +1.761901e-07  +6.539784e-18  +3.088398e-34  +3.188056e-59  +1.441666e-93  +2.640284e-102  +1.301625e-87  +8.911673e-84  +8.473649e-91  +1.235845e-108  +5.607379e-131  +3.736354e-163  +3.457595e-206 
+3.042103e-168  +5.773987e-117  +9.832979e-76  +5.832380e-44  +5.655146e-23  +1.096367e-09  +4.917725e-05  +3.850975e-05  +1.353793e-05  +8.591458e-05  +9.315643e-05  +2.695663e-04  +1.270086e-04  +6.158637e-05  +3.203986e-05  +1.744952e-04  +1.894713e-04  +2.132453e-04  +9.548490e-05  +1.007093e-04  +1.050726e-09  +1.848382e-22  +6.055126e-46  +2.755003e-80  +1.740840e-125  +1.793474e-134  +1.227915e-130  +1.167561e-137  +1.541842e-155  +1.904657e-181  +1.267243e-213  +1.172698e-256 
+2.944681e-155  +5.427208e-104  +1.389172e-63  +4.945501e-34  +3.143685e-15  +9.616295e-06  +1.328797e-04  +3.833004e-07  +7.259832e-05  +2.221709e-04  +2.817020e-04  +8.862983e-05  +3.283570e-04  +4.689716e-05  +2.111090e-04  +3.776740e-04  +1.085403e-04  +1.098946e-04  +1.906782e-04  +4.321449e-05  +2.079388e-07  +4.905215e-20  +1.607012e-43  +7.311693e-78  +4.620137e-123  +4.054429e-179  +2.349716e-188  +2.234223e-195  +2.950365e-213  +6.306639e-242  +5.969112e-275  +5.523772e-318 
+3.959197e-153  +7.297017e-102  +1.867762e-61  +6.639510e-32  +3.279101e-13  +2.951198e-05  +2.435026e-04  +5.282390e-06  +1.887534e-04  +1.063986e-04  +4.747154e-05  +1.329789e-04  +7.947920e-05  +1.646783e-04  +3.140556e-04  +7.195171e-05  +2.338347e-04  +1.667988e-04  +1.291454e-04  +5.184892e-05  +2.342706e-12  +4.941741e-28  +5.931919e-52  +2.694960e-86  +1.702898e-131  +1.494388e-187  +1.827523e-254  +5.937608e-264  +7.840807e-282  +1.438022e-310  +0.000000e+00  +0.000000e+00 
+7.392932e-162  +1.364582e-110  +4.726050e-70  +1.060315e-38  +1.232419e-17  +2.039651e-07  +9.882410e-05  +1.732077e-04  +1.895943e-04  +9.589696e-05  +1.321326e-04  +5.775695e-05  +3.568749e-04  +4.199556e-05  +3.296702e-04  +1.207943e-04  +1.518427e-04  +1.805952e-04  +2.262887e-05  +9.645741e-05  +8.616009e-10  +1.728732e-25  +4.838574e-52  +1.880875e-89  +1.015409e-137  +7.613065e-197  +7.927134e-267  +0.000000e+00  +0.000000e+00  +0.000000e+00  +0.000000e+00  +0.000000e+00 
+1.123511e-178  +4.920367e-125  +2.997721e-82  +2.536449e-50  +2.980604e-29  +3.560405e-16  +4.954084e-08  +2.606086e-06  +1.649885e-04  +8.898622e-05  +1.593433e-04  +7.475128e-05  +1.661712e-04  +7.251537e-05  +1.491415e-04  +1.836990e-04  +1.624249e-04  +3.086658e-05  +8.417765e-05  +1.306890e-05  +1.439007e-13  +5.456874e-32  +4.557330e-60  +1.444187e-97  +7.783254e-146  +5.835447e-205  +6.076182e-275  +0.000000e+00  +0.000000e+00  +0.000000e+00  +0.000000e+00  +0.000000e+00 
+3.770441e-201  +1.654059e-147  +1.007738e-104  +8.526741e-73  +8.611277e-49  +7.889356e-28  +7.944733e-11  +1.183069e-04  +2.534826e-04  +1.962493e-05  +7.690035e-05  +1.207529e-04  +1.614167e-04  +9.003569e-05  +1.641123e-04  +3.855265e-04  +2.252471e-04  +6.999429e-07  +1.257341e-04  +3.874746e-05  +9.040783e-14  +3.192308e-33  +2.024752e-63  +2.807666e-104  +7.859157e-156  +3.573203e-218  +2.367199e-291  +0.000000e+00  +0.000000e+00  +0.000000e+00  +0.000000e+00  +0.000000e+00 
+1.760300e-234  +7.722279e-181  +4.704820e-138  +7.641692e-101  +4.012718e-62  +2.941823e-34  +2.996136e-17  +1.212686e-08  +2.396783e-07  +2.628319e-05  +9.696017e-05  +2.589319e-05  +1.404209e-04  +1.303645e-04  +1.767306e-04  +1.762437e-04  +1.088930e-04  +3.029719e-05  +1.677476e-04  +3.598643e-06  +2.518892e-17  +1.418132e-37  +6.119861e-68  +3.711014e-109  +3.125321e-161  +3.655398e-224  +5.937629e-298  +0.000000e+00  +0.000000e+00  +0.000000e+00  +0.000000e+00  +0.000000e+00 
+1.141351e-278  +5.010840e-225  +1.047100e-167  +3.980065e-118  +2.101020e-79  +1.540403e-51  +9.726096e-33  +1.368898e-20  +3.459286e-19  +1.559702e-10  +2.681877e-09  +2.165011e-06  +1.139479e-04  +1.003321e-06  +1.451001e-04  +6.314047e-05  +1.324068e-04  +1.633437e-04  +4.149793e-05  +1.331552e-08  +4.148183e-22  +1.776676e-44  +1.971609e-77  +3.047892e-121  +8.760032e-176  +2.625041e-239  +4.232440e-313  +0.000000e+00  +0.000000e+00  +0.000000e+00  +0.000000e+00  +0.000000e+00 
+0.000000e+00  +2.781977e-256  +7.614085e-196  +2.894142e-146  +1.527796e-107  +1.577593e-78  +1.509621e-55  +2.159543e-43  +6.098920e-36  +1.285969e-26  +2.532386e-23  +8.692233e-17  +2.671934e-09  +2.068255e-08  +1.148428e-04  +1.421067e-05  +7.274980e-09  +4.461427e-10  +4.292395e-10  +4.812543e-18  +6.994813e-32  +1.415910e-56  +4.271367e-92  +4.671356e-137  +9.688092e-192  +2.885902e-257  +0.000000e+00  +0.000000e+00  +0.000000e+00  +0.000000e+00  +0.000000e+00  +0.000000e+00 
+0.000000e+00  +2.809449e-295  +7.689273e-235  +2.922729e-185  +5.872210e-146  +3.211003e-112  +3.307476e-89  +4.731416e-77  +6.983752e-63  +1.472540e-53  +5.396200e-48  +3.949412e-32  +1.328490e-24  +2.400941e-14  +1.089097e-10  +1.638074e-11  +1.735741e-21  +1.444879e-24  +3.599060e-25  +1.041878e-35  +3.512631e-52  +7.108967e-77  +1.998130e-112  +7.799808e-159  +4.248309e-216  +9.127151e-284  +0.000000e+00  +0.000000e+00  +0.000000e+00  +0.000000e+00  +0.000000e+00  +0.000000e+00 
+0.000000e+00  +0.000000e+00  +1.078428e-284  +6.565800e-235  +1.317316e-190  +9.770287e-157  +1.006383e-133  +8.754808e-121  +1.110613e-100  +2.342420e-91  +1.125976e-76  +2.727038e-58  +1.212735e-45  +3.880057e-31  +1.759379e-27  +2.627347e-28  +2.714151e-38  +1.079534e-49  +4.200914e-51  +1.213280e-61  +7.316217e-83  +4.957879e-108  +1.393519e-143  +5.439614e-190  +2.948907e-247  +2.220202e-315  +0.000000e+00  +0.000000e+00  +0.000000e+00  +0.000000e+00  +0.000000e+00  +0.000000e+00 
+0.000000e+00  +0.000000e+00  +0.000000e+00  +1.042358e-290  +5.566650e-246  +4.128688e-212  +4.252733e-189  +1.615607e-169  +2.452872e-149  +5.381256e-140  +1.079753e-113  +2.616285e-95  +2.721806e-73  +8.708285e-59  +3.948101e-55  +5.852478e-56  +6.045835e-66  +1.315535e-85  +6.809856e-88  +1.966777e-98  +7.888814e-120  +4.845957e-150  +1.349710e-185  +5.268603e-232  +2.856199e-289  +0.000000e+00  +0.000000e+00  +0.000000e+00  +0.000000e+00  +0.000000e+00  +0.000000e+00  +0.000000e+00 
